
# File: ../s_fthmc_l64_b6_c1.log
beta: 5
nconf:  1024
nbatch:   32
BEGIN dQ2
 0 0 +/- 0              
 1 1.86101 +/- 0.0159798
 2 3.57522 +/- 0.0410292
 3 5.17082 +/- 0.063102 
 4 6.70809 +/- 0.093391 
 5 8.17753 +/- 0.127735 
 6 9.59547 +/- 0.160565 
 7 10.9722 +/- 0.189907 
 8 12.2845 +/- 0.226516 
 9 13.5524 +/- 0.265964 
10 14.7484 +/- 0.305943 
11 15.8824 +/- 0.347728 
12 17.004 +/- 0.390326  
13 18.0976 +/- 0.43247  
14 19.1636 +/- 0.472844 
15 20.1965 +/- 0.518233 
16 21.1939 +/- 0.569535 
17 22.1769 +/- 0.620661 
18 23.1155 +/- 0.661301 
19 24.0164 +/- 0.696163 
20 24.9144 +/- 0.72836  
21 25.7999 +/- 0.766078 
22 26.6373 +/- 0.803684 
23 27.4465 +/- 0.847063 
24 28.2263 +/- 0.889477 
25 29.0226 +/- 0.930881 
26 29.8127 +/- 0.971068 
27 30.5478 +/- 1.01407  
28 31.2348 +/- 1.05189  
29 31.8692 +/- 1.08415  
30 32.4951 +/- 1.11388  
31 33.0949 +/- 1.14547  
32 33.689 +/- 1.17917   
33 34.2601 +/- 1.2085   
34 34.8568 +/- 1.23713  
35 35.3973 +/- 1.26758  
36 35.9151 +/- 1.29561  
37 36.407 +/- 1.32524   
38 36.8902 +/- 1.3542   
39 37.4014 +/- 1.38008  
40 37.888 +/- 1.40521   
41 38.324 +/- 1.43235   
42 38.7247 +/- 1.45225  
43 39.094 +/- 1.46774   
44 39.4168 +/- 1.47878  
45 39.7325 +/- 1.49953  
46 40.0402 +/- 1.52107  
47 40.3352 +/- 1.53507  
48 40.6689 +/- 1.55049  
49 41.0245 +/- 1.56863  
50 41.343 +/- 1.59164   
51 41.6392 +/- 1.6131   
52 41.9104 +/- 1.63836  
53 42.1243 +/- 1.65953  
54 42.3377 +/- 1.67907  
55 42.525 +/- 1.69546   
56 42.7092 +/- 1.70876  
57 42.8989 +/- 1.71834  
58 43.096 +/- 1.72469   
59 43.3131 +/- 1.73363  
60 43.5184 +/- 1.7416   
61 43.7078 +/- 1.75249  
62 43.8828 +/- 1.76569  
63 44.0719 +/- 1.77438  
END dQ2
beta: 6
nconf:  1024
nbatch:   32
BEGIN dQ2
 0 0 +/- 0                
 1 0.266832 +/- 0.00427162
 2 0.519906 +/- 0.00837918
 3 0.772802 +/- 0.0135121 
 4 1.01716 +/- 0.0182878  
 5 1.26092 +/- 0.0232962  
 6 1.50077 +/- 0.0293885  
 7 1.73968 +/- 0.0364835  
 8 1.9789 +/- 0.0436152   
 9 2.21518 +/- 0.0507517  
10 2.45454 +/- 0.0572602  
11 2.6924 +/- 0.0642412   
12 2.93126 +/- 0.0715582  
13 3.17575 +/- 0.0804348  
14 3.41674 +/- 0.0894165  
15 3.65637 +/- 0.0994782  
16 3.89543 +/- 0.10837    
17 4.13329 +/- 0.117265   
18 4.37118 +/- 0.126229   
19 4.60687 +/- 0.136156   
20 4.83886 +/- 0.147234   
21 5.06917 +/- 0.158584   
22 5.29934 +/- 0.169004   
23 5.53066 +/- 0.179369   
24 5.76119 +/- 0.189651   
25 5.99227 +/- 0.200596   
26 6.22357 +/- 0.210665   
27 6.45082 +/- 0.220668   
28 6.67398 +/- 0.230378   
29 6.89171 +/- 0.239687   
30 7.11035 +/- 0.248585   
31 7.32644 +/- 0.256917   
32 7.53827 +/- 0.265338   
33 7.75041 +/- 0.273682   
34 7.96057 +/- 0.282594   
35 8.17189 +/- 0.291299   
36 8.38145 +/- 0.299504   
37 8.5865 +/- 0.307581    
38 8.78585 +/- 0.316242   
39 8.97814 +/- 0.324782   
40 9.17384 +/- 0.33347    
41 9.36591 +/- 0.342476   
42 9.55165 +/- 0.351142   
43 9.73401 +/- 0.360711   
44 9.91569 +/- 0.371118   
45 10.0993 +/- 0.382495   
46 10.2836 +/- 0.392995   
47 10.4644 +/- 0.403885   
48 10.6373 +/- 0.415419   
49 10.8054 +/- 0.427343   
50 10.9741 +/- 0.439106   
51 11.1405 +/- 0.451019   
52 11.305 +/- 0.463536    
53 11.4615 +/- 0.476088   
54 11.6187 +/- 0.488762   
55 11.7742 +/- 0.500269   
56 11.9234 +/- 0.511552   
57 12.0715 +/- 0.522933   
58 12.2216 +/- 0.535054   
59 12.3665 +/- 0.547006   
60 12.5102 +/- 0.558398   
61 12.6501 +/- 0.570232   
62 12.7914 +/- 0.582192   
63 12.9306 +/- 0.594008   
END dQ2
beta: 7
nconf:  1024
nbatch:   32
BEGIN dQ2
 0 0 +/- 0                 
 1 0.0358932 +/- 0.0014047 
 2 0.0716732 +/- 0.00296779
 3 0.10786 +/- 0.00458483  
 4 0.144271 +/- 0.00621975 
 5 0.180692 +/- 0.00781647 
 6 0.217215 +/- 0.00951113 
 7 0.253349 +/- 0.0111794  
 8 0.289739 +/- 0.0128736  
 9 0.325585 +/- 0.0146912  
10 0.361471 +/- 0.016567   
11 0.396749 +/- 0.0183915  
12 0.431509 +/- 0.020077   
13 0.466246 +/- 0.0218936  
14 0.500774 +/- 0.0237543  
15 0.535555 +/- 0.0256689  
16 0.569971 +/- 0.0276298  
17 0.604549 +/- 0.0296772  
18 0.638699 +/- 0.0317162  
19 0.673414 +/- 0.0337339  
20 0.707607 +/- 0.0357065  
21 0.741712 +/- 0.0376673  
22 0.77573 +/- 0.0397711   
23 0.808941 +/- 0.0419252  
24 0.842125 +/- 0.0442345  
25 0.875501 +/- 0.0465961  
26 0.908786 +/- 0.0487399  
27 0.94192 +/- 0.050849    
28 0.974147 +/- 0.0529461  
29 1.00581 +/- 0.0549639   
30 1.03735 +/- 0.0569876   
31 1.06867 +/- 0.0588513   
32 1.0997 +/- 0.0606246    
33 1.13036 +/- 0.0624065   
34 1.16102 +/- 0.0641669   
35 1.1918 +/- 0.0660677    
36 1.22267 +/- 0.0681062   
37 1.25386 +/- 0.0701195   
38 1.28547 +/- 0.0720341   
39 1.3172 +/- 0.0740938    
40 1.34858 +/- 0.0761961   
41 1.38069 +/- 0.0784591   
42 1.41303 +/- 0.080952    
43 1.44511 +/- 0.0832813   
44 1.47758 +/- 0.0857453   
45 1.51015 +/- 0.0881655   
46 1.5424 +/- 0.0905439    
47 1.57456 +/- 0.093009    
48 1.60717 +/- 0.0956162   
49 1.63865 +/- 0.0978503   
50 1.67027 +/- 0.10008     
51 1.70176 +/- 0.102345    
52 1.73299 +/- 0.104609    
53 1.76339 +/- 0.106756    
54 1.79349 +/- 0.108933    
55 1.82376 +/- 0.111179    
56 1.85392 +/- 0.113414    
57 1.88298 +/- 0.115645    
58 1.91233 +/- 0.117779    
59 1.94245 +/- 0.120148    
60 1.9728 +/- 0.122489     
61 2.00302 +/- 0.124821    
62 2.03291 +/- 0.127138    
63 2.06266 +/- 0.129552    
END dQ2
