
# File: ../s_fthmc_l64_b6_c14.log
beta: 5
nconf:  1024
nbatch:   32
BEGIN dQ2
 0 0 +/- 0              
 1 2.30526 +/- 0.01903  
 2 4.44621 +/- 0.0457032
 3 6.46003 +/- 0.0734901
 4 8.40751 +/- 0.100492 
 5 10.249 +/- 0.133525  
 6 11.969 +/- 0.170697  
 7 13.5942 +/- 0.20803  
 8 15.1403 +/- 0.247666 
 9 16.6021 +/- 0.292741 
10 18.0281 +/- 0.339627 
11 19.4105 +/- 0.392538 
12 20.7902 +/- 0.447782 
13 22.0949 +/- 0.503712 
14 23.3644 +/- 0.55789  
15 24.569 +/- 0.612077  
16 25.7007 +/- 0.65893  
17 26.7198 +/- 0.702077 
18 27.6772 +/- 0.740626 
19 28.6122 +/- 0.781086 
20 29.5251 +/- 0.826484 
21 30.3803 +/- 0.867441 
22 31.166 +/- 0.913912  
23 31.9279 +/- 0.955015 
24 32.6517 +/- 1.00167  
25 33.3387 +/- 1.05002  
26 33.9973 +/- 1.09329  
27 34.6447 +/- 1.14054  
28 35.3024 +/- 1.18455  
29 35.9094 +/- 1.22362  
30 36.5182 +/- 1.26777  
31 37.1119 +/- 1.30885  
32 37.6679 +/- 1.34986  
33 38.2098 +/- 1.39517  
34 38.6757 +/- 1.43403  
35 39.1375 +/- 1.4665   
36 39.5633 +/- 1.49855  
37 39.9829 +/- 1.5264   
38 40.3662 +/- 1.55311  
39 40.7124 +/- 1.58108  
40 41.0299 +/- 1.60376  
41 41.2926 +/- 1.61973  
42 41.5277 +/- 1.63619  
43 41.7439 +/- 1.65593  
44 41.9867 +/- 1.67656  
45 42.2058 +/- 1.69768  
46 42.4161 +/- 1.71553  
47 42.5857 +/- 1.73053  
48 42.7944 +/- 1.74519  
49 43.0209 +/- 1.76202  
50 43.2497 +/- 1.77649  
51 43.4202 +/- 1.79314  
52 43.6153 +/- 1.80037  
53 43.7836 +/- 1.81724  
54 43.898 +/- 1.83535   
55 43.958 +/- 1.85162   
56 44.0378 +/- 1.86376  
57 44.1352 +/- 1.874    
58 44.251 +/- 1.88485   
59 44.3445 +/- 1.89118  
60 44.4545 +/- 1.90051  
61 44.5889 +/- 1.90993  
62 44.7615 +/- 1.92228  
63 44.9007 +/- 1.93244  
END dQ2
beta: 6
nconf:  1024
nbatch:   32
BEGIN dQ2
 0 0 +/- 0                
 1 0.328629 +/- 0.00429186
 2 0.646802 +/- 0.0091541 
 3 0.962843 +/- 0.0151622 
 4 1.27966 +/- 0.0221456  
 5 1.59553 +/- 0.0280712  
 6 1.90521 +/- 0.0346279  
 7 2.20692 +/- 0.0412614  
 8 2.50283 +/- 0.0478422  
 9 2.80397 +/- 0.0552294  
10 3.10568 +/- 0.0637559  
11 3.40372 +/- 0.0722246  
12 3.70538 +/- 0.0803243  
13 4.00899 +/- 0.0887524  
14 4.31247 +/- 0.0977126  
15 4.61001 +/- 0.106979   
16 4.90932 +/- 0.115355   
17 5.20271 +/- 0.1239     
18 5.49127 +/- 0.134287   
19 5.78184 +/- 0.144696   
20 6.0635 +/- 0.155288    
21 6.34453 +/- 0.167843   
22 6.62709 +/- 0.180329   
23 6.90319 +/- 0.191713   
24 7.17797 +/- 0.2032     
25 7.44732 +/- 0.215472   
26 7.71296 +/- 0.227922   
27 7.98285 +/- 0.241249   
28 8.25355 +/- 0.254434   
29 8.52701 +/- 0.267355   
30 8.7921 +/- 0.280717    
31 9.05583 +/- 0.292858   
32 9.31537 +/- 0.30547    
33 9.57429 +/- 0.318803   
34 9.83217 +/- 0.3319     
35 10.0827 +/- 0.34417    
36 10.332 +/- 0.357175    
37 10.5793 +/- 0.370116   
38 10.8241 +/- 0.383041   
39 11.0639 +/- 0.395759   
40 11.3007 +/- 0.407603   
41 11.5361 +/- 0.419386   
42 11.7737 +/- 0.431771   
43 12.0091 +/- 0.444074   
44 12.2454 +/- 0.455777   
45 12.4722 +/- 0.46614    
46 12.6945 +/- 0.476385   
47 12.9159 +/- 0.487677   
48 13.1316 +/- 0.497564   
49 13.3463 +/- 0.507329   
50 13.5659 +/- 0.517093   
51 13.7839 +/- 0.527202   
52 14.0105 +/- 0.538224   
53 14.2354 +/- 0.549349   
54 14.4683 +/- 0.560744   
55 14.7031 +/- 0.571944   
56 14.9367 +/- 0.583539   
57 15.1729 +/- 0.595801   
58 15.4057 +/- 0.607439   
59 15.6474 +/- 0.619873   
60 15.8922 +/- 0.632293   
61 16.1355 +/- 0.64506    
62 16.3683 +/- 0.6583     
63 16.6016 +/- 0.671737   
END dQ2
beta: 7
nconf:  1024
nbatch:   32
BEGIN dQ2
 0 0 +/- 0                 
 1 0.0486926 +/- 0.00189165
 2 0.0956764 +/- 0.00377219
 3 0.143364 +/- 0.00575147 
 4 0.191085 +/- 0.0077702  
 5 0.239144 +/- 0.00988623 
 6 0.287389 +/- 0.0121859  
 7 0.335822 +/- 0.0146358  
 8 0.384381 +/- 0.0171226  
 9 0.433867 +/- 0.0197288  
10 0.483789 +/- 0.0224246  
11 0.533718 +/- 0.0252376  
12 0.583375 +/- 0.0280787  
13 0.63214 +/- 0.0309656   
14 0.680693 +/- 0.0338765  
15 0.7299 +/- 0.0369661    
16 0.779576 +/- 0.0401078  
17 0.829537 +/- 0.0432975  
18 0.880405 +/- 0.0465793  
19 0.93097 +/- 0.0499451   
20 0.981916 +/- 0.0534265  
21 1.0329 +/- 0.0570482    
22 1.08343 +/- 0.0606782   
23 1.13477 +/- 0.0645021   
24 1.18597 +/- 0.0686932   
25 1.23714 +/- 0.0730099   
26 1.28773 +/- 0.0772819   
27 1.33886 +/- 0.0815534   
28 1.38902 +/- 0.0858751   
29 1.44077 +/- 0.0904218   
30 1.49271 +/- 0.0949799   
31 1.54396 +/- 0.0995188   
32 1.59589 +/- 0.104088    
33 1.64726 +/- 0.108741    
34 1.69943 +/- 0.11353     
35 1.75085 +/- 0.118293    
36 1.80238 +/- 0.123042    
37 1.85385 +/- 0.127961    
38 1.90587 +/- 0.133102    
39 1.95673 +/- 0.138079    
40 2.00743 +/- 0.142992    
41 2.05872 +/- 0.148049    
42 2.1103 +/- 0.153038     
43 2.16218 +/- 0.158058    
44 2.21358 +/- 0.162813    
45 2.26462 +/- 0.167561    
46 2.31611 +/- 0.1726      
47 2.36803 +/- 0.177644    
48 2.41954 +/- 0.182786    
49 2.47119 +/- 0.187859    
50 2.52358 +/- 0.19298     
51 2.57609 +/- 0.198153    
52 2.62934 +/- 0.203218    
53 2.68229 +/- 0.208403    
54 2.73505 +/- 0.213586    
55 2.78815 +/- 0.218873    
56 2.84155 +/- 0.224175    
57 2.89504 +/- 0.229489    
58 2.94834 +/- 0.234845    
59 3.00146 +/- 0.240239    
60 3.05508 +/- 0.24565     
61 3.10907 +/- 0.251078    
62 3.16314 +/- 0.256382    
63 3.21657 +/- 0.261519    
END dQ2
