
# File: ../s_fthmc_l64_b6_c06.log
beta: 5
nconf:  1024
nbatch:   32
BEGIN dQ2
 0 0 +/- 0              
 1 1.38401 +/- 0.0149295
 2 2.64185 +/- 0.0360227
 3 3.84963 +/- 0.0562758
 4 5.03474 +/- 0.0804386
 5 6.19943 +/- 0.108561 
 6 7.34215 +/- 0.132948 
 7 8.47486 +/- 0.156557 
 8 9.54328 +/- 0.180863 
 9 10.5834 +/- 0.208362 
10 11.5735 +/- 0.232039 
11 12.5408 +/- 0.2528   
12 13.4709 +/- 0.275204 
13 14.352 +/- 0.300249  
14 15.1978 +/- 0.322313 
15 16.0173 +/- 0.347235 
16 16.8335 +/- 0.373073 
17 17.5991 +/- 0.397132 
18 18.3124 +/- 0.422359 
19 19.0182 +/- 0.437695 
20 19.7034 +/- 0.452196 
21 20.3713 +/- 0.464342 
22 21.0205 +/- 0.47815  
23 21.6497 +/- 0.495433 
24 22.2507 +/- 0.512484 
25 22.831 +/- 0.536926  
26 23.3969 +/- 0.566191 
27 23.9699 +/- 0.597201 
28 24.5181 +/- 0.628476 
29 25.0443 +/- 0.665717 
30 25.5516 +/- 0.7016   
31 26.0445 +/- 0.739305 
32 26.5448 +/- 0.779389 
33 27.0207 +/- 0.815983 
34 27.4716 +/- 0.85529  
35 27.9219 +/- 0.895684 
36 28.3556 +/- 0.93316  
37 28.7641 +/- 0.970491 
38 29.1846 +/- 1.00344  
39 29.5892 +/- 1.03639  
40 29.9962 +/- 1.06934  
41 30.3779 +/- 1.09922  
42 30.7291 +/- 1.1235   
43 31.07 +/- 1.14688    
44 31.4108 +/- 1.17279  
45 31.7542 +/- 1.20152  
46 32.0836 +/- 1.23061  
47 32.4104 +/- 1.26105  
48 32.7324 +/- 1.29335  
49 33.057 +/- 1.32677   
50 33.3664 +/- 1.35975  
51 33.6678 +/- 1.39469  
52 33.9693 +/- 1.42546  
53 34.2568 +/- 1.45052  
54 34.495 +/- 1.47558   
55 34.7282 +/- 1.5002   
56 34.9544 +/- 1.51953  
57 35.1879 +/- 1.53916  
58 35.4176 +/- 1.55893  
59 35.6358 +/- 1.57923  
60 35.8481 +/- 1.60036  
61 36.0488 +/- 1.61434  
62 36.2616 +/- 1.6304   
63 36.4502 +/- 1.64727  
END dQ2
beta: 6
nconf:  1024
nbatch:   32
BEGIN dQ2
 0 0 +/- 0                
 1 0.192174 +/- 0.00385895
 2 0.376804 +/- 0.00850071
 3 0.559286 +/- 0.0133164 
 4 0.743505 +/- 0.018272  
 5 0.92189 +/- 0.0233688  
 6 1.10056 +/- 0.0289244  
 7 1.27541 +/- 0.0343903  
 8 1.44897 +/- 0.0395317  
 9 1.6202 +/- 0.0448059   
10 1.78704 +/- 0.0499061  
11 1.95379 +/- 0.0554325  
12 2.11524 +/- 0.0614619  
13 2.27507 +/- 0.0678484  
14 2.43438 +/- 0.0744063  
15 2.58901 +/- 0.080873   
16 2.74619 +/- 0.0880543  
17 2.89924 +/- 0.095511   
18 3.04697 +/- 0.103087   
19 3.19562 +/- 0.111378   
20 3.33896 +/- 0.119327   
21 3.48386 +/- 0.127499   
22 3.62946 +/- 0.135546   
23 3.77373 +/- 0.142782   
24 3.9165 +/- 0.150903    
25 4.05897 +/- 0.159424   
26 4.20287 +/- 0.168085   
27 4.34544 +/- 0.177144   
28 4.48968 +/- 0.186003   
29 4.63078 +/- 0.194753   
30 4.77396 +/- 0.203862   
31 4.9156 +/- 0.213565    
32 5.05806 +/- 0.222668   
33 5.20068 +/- 0.232352   
34 5.34315 +/- 0.241728   
35 5.48758 +/- 0.251958   
36 5.63012 +/- 0.261355   
37 5.77232 +/- 0.27081    
38 5.91091 +/- 0.280418   
39 6.04975 +/- 0.290189   
40 6.18496 +/- 0.299736   
41 6.31673 +/- 0.309151   
42 6.44781 +/- 0.318578   
43 6.57801 +/- 0.327889   
44 6.70973 +/- 0.337409   
45 6.83976 +/- 0.347399   
46 6.96792 +/- 0.357003   
47 7.09449 +/- 0.366183   
48 7.21805 +/- 0.375351   
49 7.33747 +/- 0.3849     
50 7.45637 +/- 0.39418    
51 7.57493 +/- 0.403475   
52 7.69235 +/- 0.412699   
53 7.81021 +/- 0.421821   
54 7.92735 +/- 0.430816   
55 8.04186 +/- 0.439592   
56 8.15092 +/- 0.44868    
57 8.26296 +/- 0.458147   
58 8.37794 +/- 0.467447   
59 8.49624 +/- 0.476696   
60 8.61132 +/- 0.485703   
61 8.72375 +/- 0.494824   
62 8.8356 +/- 0.504094    
63 8.947 +/- 0.512659     
END dQ2
beta: 7
nconf:  1024
nbatch:   32
BEGIN dQ2
 0 0 +/- 0                 
 1 0.0302419 +/- 0.00124605
 2 0.0595952 +/- 0.00237709
 3 0.0893426 +/- 0.0035209 
 4 0.118627 +/- 0.00475324 
 5 0.148522 +/- 0.00603318 
 6 0.17869 +/- 0.00740103  
 7 0.209286 +/- 0.00882752 
 8 0.24065 +/- 0.0103052   
 9 0.271952 +/- 0.0118751  
10 0.303563 +/- 0.0134638  
11 0.335884 +/- 0.0151334  
12 0.367651 +/- 0.016698   
13 0.399666 +/- 0.0183028  
14 0.431993 +/- 0.0199572  
15 0.464662 +/- 0.0215755  
16 0.497768 +/- 0.0233488  
17 0.530412 +/- 0.0251431  
18 0.563183 +/- 0.02696    
19 0.595864 +/- 0.0287798  
20 0.62886 +/- 0.0306362   
21 0.661578 +/- 0.0324799  
22 0.694299 +/- 0.0342402  
23 0.72668 +/- 0.0360544   
24 0.758969 +/- 0.0378123  
25 0.79126 +/- 0.0395772   
26 0.823992 +/- 0.0413225  
27 0.856382 +/- 0.0430357  
28 0.888586 +/- 0.0447166  
29 0.920666 +/- 0.0464918  
30 0.952905 +/- 0.0483166  
31 0.984926 +/- 0.0500412  
32 1.0172 +/- 0.0518595    
33 1.04954 +/- 0.0537098   
34 1.08138 +/- 0.0555992   
35 1.11312 +/- 0.057598    
36 1.14489 +/- 0.0595932   
37 1.17689 +/- 0.0615625   
38 1.20918 +/- 0.0634628   
39 1.24175 +/- 0.0654329   
40 1.27429 +/- 0.0674318   
41 1.30656 +/- 0.0693422   
42 1.33882 +/- 0.0712665   
43 1.37083 +/- 0.0732087   
44 1.40335 +/- 0.0751927   
45 1.43511 +/- 0.0770901   
46 1.46725 +/- 0.0789296   
47 1.49994 +/- 0.0808098   
48 1.53237 +/- 0.0827138   
49 1.56535 +/- 0.084721    
50 1.59824 +/- 0.086885    
51 1.63072 +/- 0.0890836   
52 1.66287 +/- 0.0913976   
53 1.69513 +/- 0.0937193   
54 1.72751 +/- 0.0960179   
55 1.75958 +/- 0.0984121   
56 1.79106 +/- 0.100769    
57 1.82242 +/- 0.103205    
58 1.85339 +/- 0.105702    
59 1.88423 +/- 0.108234    
60 1.91442 +/- 0.110765    
61 1.94457 +/- 0.113292    
62 1.9746 +/- 0.115825     
63 2.00494 +/- 0.118325    
END dQ2
