
# File: ../s_fthmc_l64_b6_c18.log
beta: 5
nconf:  1024
nbatch:   32
BEGIN dQ2
 0 0 +/- 0              
 1 2.9455 +/- 0.0303994 
 2 5.66334 +/- 0.0669378
 3 8.19677 +/- 0.116009 
 4 10.5106 +/- 0.16773  
 5 12.7361 +/- 0.226164 
 6 14.8145 +/- 0.279798 
 7 16.7981 +/- 0.325065 
 8 18.6574 +/- 0.372176 
 9 20.3529 +/- 0.410714 
10 21.9646 +/- 0.454927 
11 23.4927 +/- 0.491471 
12 24.9132 +/- 0.529412 
13 26.2128 +/- 0.570302 
14 27.3966 +/- 0.604146 
15 28.4857 +/- 0.631521 
16 29.5227 +/- 0.659313 
17 30.4733 +/- 0.669166 
18 31.3342 +/- 0.682172 
19 32.0813 +/- 0.696731 
20 32.8232 +/- 0.718023 
21 33.5701 +/- 0.736612 
22 34.2485 +/- 0.751741 
23 34.8839 +/- 0.765975 
24 35.5365 +/- 0.779994 
25 36.1358 +/- 0.793298 
26 36.6912 +/- 0.804045 
27 37.2219 +/- 0.817756 
28 37.7288 +/- 0.834961 
29 38.1912 +/- 0.851595 
30 38.6176 +/- 0.86912  
31 38.9897 +/- 0.890377 
32 39.279 +/- 0.906744  
33 39.5838 +/- 0.932972 
34 39.8895 +/- 0.961892 
35 40.1748 +/- 0.979264 
36 40.4578 +/- 0.990793 
37 40.7046 +/- 1.01799  
38 40.9903 +/- 1.03783  
39 41.1834 +/- 1.05138  
40 41.396 +/- 1.0571    
41 41.5885 +/- 1.06698  
42 41.8141 +/- 1.06667  
43 42.0149 +/- 1.07678  
44 42.2511 +/- 1.08442  
45 42.4724 +/- 1.09282  
46 42.7011 +/- 1.10135  
47 42.9518 +/- 1.11274  
48 43.1456 +/- 1.12863  
49 43.3119 +/- 1.14804  
50 43.5115 +/- 1.16575  
51 43.7406 +/- 1.18321  
52 43.9707 +/- 1.20106  
53 44.1615 +/- 1.22235  
54 44.3304 +/- 1.23811  
55 44.5039 +/- 1.24901  
56 44.6931 +/- 1.26699  
57 44.8764 +/- 1.28202  
58 45.0784 +/- 1.29771  
59 45.2949 +/- 1.31622  
60 45.4653 +/- 1.3289   
61 45.5987 +/- 1.34103  
62 45.7046 +/- 1.35672  
63 45.7877 +/- 1.37299  
END dQ2
beta: 6
nconf:  1024
nbatch:   32
BEGIN dQ2
 0 0 +/- 0                
 1 0.417675 +/- 0.00512243
 2 0.815313 +/- 0.0108752 
 3 1.20948 +/- 0.0180424  
 4 1.59642 +/- 0.0249251  
 5 1.98004 +/- 0.0332197  
 6 2.3567 +/- 0.0417292   
 7 2.72354 +/- 0.0508823  
 8 3.08775 +/- 0.0612898  
 9 3.44215 +/- 0.0724756  
10 3.78717 +/- 0.0841412  
11 4.13537 +/- 0.095222   
12 4.47659 +/- 0.107831   
13 4.80891 +/- 0.120476   
14 5.13716 +/- 0.13378    
15 5.45336 +/- 0.147937   
16 5.76907 +/- 0.162537   
17 6.08776 +/- 0.178482   
18 6.40659 +/- 0.195308   
19 6.72407 +/- 0.212056   
20 7.04507 +/- 0.229279   
21 7.36905 +/- 0.245501   
22 7.68731 +/- 0.263301   
23 7.99778 +/- 0.280057   
24 8.31025 +/- 0.297565   
25 8.62247 +/- 0.314857   
26 8.93236 +/- 0.332403   
27 9.24361 +/- 0.352047   
28 9.56423 +/- 0.373438   
29 9.87393 +/- 0.393943   
30 10.1767 +/- 0.415013   
31 10.477 +/- 0.436525    
32 10.776 +/- 0.458292    
33 11.0779 +/- 0.481665   
34 11.377 +/- 0.504711    
35 11.6714 +/- 0.527808   
36 11.9607 +/- 0.550785   
37 12.2451 +/- 0.573942   
38 12.5298 +/- 0.597368   
39 12.8163 +/- 0.621645   
40 13.0963 +/- 0.645327   
41 13.3783 +/- 0.667872   
42 13.6623 +/- 0.690144   
43 13.942 +/- 0.712089    
44 14.2214 +/- 0.734629   
45 14.4902 +/- 0.757526   
46 14.7578 +/- 0.780351   
47 15.0273 +/- 0.803488   
48 15.299 +/- 0.826811    
49 15.5708 +/- 0.850828   
50 15.8475 +/- 0.874484   
51 16.1274 +/- 0.898752   
52 16.4111 +/- 0.920768   
53 16.6871 +/- 0.945263   
54 16.9516 +/- 0.96866    
55 17.2138 +/- 0.990554   
56 17.4851 +/- 1.01119    
57 17.748 +/- 1.03115     
58 18.0125 +/- 1.05119    
59 18.2736 +/- 1.07202    
60 18.5255 +/- 1.09157    
61 18.7746 +/- 1.1122     
62 19.0222 +/- 1.13259    
63 19.27 +/- 1.15255      
END dQ2
beta: 7
nconf:  1024
nbatch:   32
BEGIN dQ2
 0 0 +/- 0                 
 1 0.0639968 +/- 0.00219195
 2 0.128486 +/- 0.00461826 
 3 0.19206 +/- 0.00698491  
 4 0.255362 +/- 0.00936104 
 5 0.319523 +/- 0.011602   
 6 0.384792 +/- 0.0142938  
 7 0.448931 +/- 0.0170326  
 8 0.51258 +/- 0.0196876   
 9 0.5754 +/- 0.022338     
10 0.637451 +/- 0.0248656  
11 0.699099 +/- 0.0274639  
12 0.760962 +/- 0.0300859  
13 0.821804 +/- 0.0326989  
14 0.883292 +/- 0.0353789  
15 0.944221 +/- 0.0379369  
16 1.00496 +/- 0.0407163   
17 1.06647 +/- 0.0437709   
18 1.12767 +/- 0.046918    
19 1.18927 +/- 0.0500463   
20 1.25034 +/- 0.0531682   
21 1.31178 +/- 0.0563976   
22 1.37229 +/- 0.0597909   
23 1.43219 +/- 0.0631891   
24 1.49175 +/- 0.0667616   
25 1.55111 +/- 0.0705735   
26 1.61097 +/- 0.0745051   
27 1.67089 +/- 0.078548    
28 1.72973 +/- 0.0824199   
29 1.78838 +/- 0.0863426   
30 1.84887 +/- 0.0904509   
31 1.90899 +/- 0.0945342   
32 1.96944 +/- 0.0987552   
33 2.03166 +/- 0.102984    
34 2.09444 +/- 0.107201    
35 2.15742 +/- 0.111356    
36 2.22036 +/- 0.115694    
37 2.28347 +/- 0.120185    
38 2.3467 +/- 0.124732     
39 2.41025 +/- 0.129293    
40 2.47297 +/- 0.133896    
41 2.53446 +/- 0.138751    
42 2.59623 +/- 0.143624    
43 2.65845 +/- 0.148445    
44 2.72092 +/- 0.153341    
45 2.78339 +/- 0.158317    
46 2.84583 +/- 0.163236    
47 2.90686 +/- 0.168181    
48 2.96747 +/- 0.173149    
49 3.02724 +/- 0.178097    
50 3.08797 +/- 0.183322    
51 3.14989 +/- 0.188849    
52 3.21074 +/- 0.194526    
53 3.27092 +/- 0.200315    
54 3.33128 +/- 0.206142    
55 3.39216 +/- 0.211945    
56 3.45219 +/- 0.217939    
57 3.5126 +/- 0.224014     
58 3.5733 +/- 0.230317     
59 3.6342 +/- 0.23671      
60 3.69505 +/- 0.243138    
61 3.75529 +/- 0.249598    
62 3.81546 +/- 0.25603     
63 3.87705 +/- 0.262597    
END dQ2
