
# File: ../s_fthmc_l64_b6_c22.log
beta: 5
nconf:  1024
nbatch:   32
BEGIN dQ2
 0 0 +/- 0              
 1 3.53354 +/- 0.0394687
 2 6.80357 +/- 0.0860014
 3 9.85483 +/- 0.14254  
 4 12.7165 +/- 0.200459 
 5 15.3924 +/- 0.26324  
 6 17.7844 +/- 0.340896 
 7 20.0066 +/- 0.416047 
 8 22.0905 +/- 0.489782 
 9 23.9558 +/- 0.547328 
10 25.704 +/- 0.606849  
11 27.3392 +/- 0.667851 
12 28.831 +/- 0.725052  
13 30.2496 +/- 0.768951 
14 31.5367 +/- 0.809823 
15 32.6636 +/- 0.850189 
16 33.7408 +/- 0.885025 
17 34.7611 +/- 0.9233   
18 35.7477 +/- 0.959196 
19 36.7311 +/- 0.99083  
20 37.6055 +/- 1.02421  
21 38.4022 +/- 1.05657  
22 39.1443 +/- 1.09442  
23 39.8759 +/- 1.14155  
24 40.5388 +/- 1.1872   
25 41.1213 +/- 1.23114  
26 41.6993 +/- 1.28169  
27 42.236 +/- 1.32853   
28 42.7414 +/- 1.37935  
29 43.1038 +/- 1.43497  
30 43.4507 +/- 1.49673  
31 43.7568 +/- 1.53713  
32 44.0386 +/- 1.57592  
33 44.2878 +/- 1.61055  
34 44.5647 +/- 1.64619  
35 44.8245 +/- 1.6815   
36 45.1161 +/- 1.73604  
37 45.3872 +/- 1.78585  
38 45.6804 +/- 1.83484  
39 45.9201 +/- 1.87805  
40 46.1687 +/- 1.92436  
41 46.4332 +/- 1.95896  
42 46.7202 +/- 1.9972   
43 46.9887 +/- 2.02011  
44 47.2453 +/- 2.03591  
45 47.4823 +/- 2.05052  
46 47.6493 +/- 2.06385  
47 47.7783 +/- 2.07199  
48 47.8041 +/- 2.09577  
49 47.8313 +/- 2.12274  
50 47.8622 +/- 2.15816  
51 47.8639 +/- 2.20202  
52 47.8893 +/- 2.24274  
53 47.8836 +/- 2.27892  
54 47.8542 +/- 2.31817  
55 47.803 +/- 2.34693   
56 47.7674 +/- 2.3746   
57 47.7399 +/- 2.38603  
58 47.7482 +/- 2.38866  
59 47.779 +/- 2.38483   
60 47.8693 +/- 2.37885  
61 47.9933 +/- 2.36289  
62 48.1029 +/- 2.33992  
63 48.1423 +/- 2.31969  
END dQ2
beta: 6
nconf:  1024
nbatch:   32
BEGIN dQ2
 0 0 +/- 0                
 1 0.553916 +/- 0.00653127
 2 1.0924 +/- 0.0137873   
 3 1.62221 +/- 0.0235866  
 4 2.14298 +/- 0.0347513  
 5 2.661 +/- 0.0479653    
 6 3.1828 +/- 0.0615423   
 7 3.69942 +/- 0.0768185  
 8 4.20943 +/- 0.0948233  
 9 4.71376 +/- 0.113576   
10 5.21561 +/- 0.132539   
11 5.70366 +/- 0.150699   
12 6.18654 +/- 0.16992    
13 6.65702 +/- 0.188746   
14 7.11324 +/- 0.207789   
15 7.56324 +/- 0.227064   
16 8.00598 +/- 0.245631   
17 8.43722 +/- 0.262981   
18 8.86229 +/- 0.280527   
19 9.28741 +/- 0.297848   
20 9.70493 +/- 0.315635   
21 10.1208 +/- 0.332958   
22 10.5373 +/- 0.350883   
23 10.9469 +/- 0.36947    
24 11.3565 +/- 0.387901   
25 11.7688 +/- 0.405936   
26 12.173 +/- 0.425007    
27 12.5649 +/- 0.442669   
28 12.9354 +/- 0.462559   
29 13.3169 +/- 0.48184    
30 13.688 +/- 0.500653    
31 14.0563 +/- 0.518943   
32 14.4056 +/- 0.538692   
33 14.7575 +/- 0.559055   
34 15.1101 +/- 0.579467   
35 15.4559 +/- 0.598684   
36 15.7952 +/- 0.618449   
37 16.1234 +/- 0.637777   
38 16.439 +/- 0.656121    
39 16.7461 +/- 0.674674   
40 17.0495 +/- 0.694077   
41 17.3491 +/- 0.714179   
42 17.6401 +/- 0.734645   
43 17.9308 +/- 0.753485   
44 18.2123 +/- 0.771997   
45 18.4831 +/- 0.788955   
46 18.7541 +/- 0.806006   
47 19.0128 +/- 0.822059   
48 19.2696 +/- 0.838615   
49 19.523 +/- 0.855963    
50 19.7759 +/- 0.873224   
51 20.0194 +/- 0.88917    
52 20.2581 +/- 0.902027   
53 20.4923 +/- 0.915828   
54 20.7264 +/- 0.929379   
55 20.9482 +/- 0.94413    
56 21.1581 +/- 0.95721    
57 21.3561 +/- 0.9706     
58 21.55 +/- 0.983565     
59 21.7446 +/- 0.995251   
60 21.9296 +/- 1.00803    
61 22.1088 +/- 1.02067    
62 22.3016 +/- 1.03395    
63 22.4865 +/- 1.04741    
END dQ2
beta: 7
nconf:  1024
nbatch:   32
BEGIN dQ2
 0 0 +/- 0                 
 1 0.0824475 +/- 0.00182803
 2 0.164812 +/- 0.00399153 
 3 0.247766 +/- 0.00636608 
 4 0.330116 +/- 0.0089252  
 5 0.412138 +/- 0.0116118  
 6 0.49429 +/- 0.0145941   
 7 0.574945 +/- 0.0175248  
 8 0.655235 +/- 0.0206617  
 9 0.734945 +/- 0.0238379  
10 0.814996 +/- 0.0275987  
11 0.892491 +/- 0.0313034  
12 0.969893 +/- 0.0354434  
13 1.04794 +/- 0.0395888   
14 1.12717 +/- 0.0439034   
15 1.20593 +/- 0.0482657   
16 1.28575 +/- 0.0531761   
17 1.36622 +/- 0.0584108   
18 1.44797 +/- 0.0636154   
19 1.52892 +/- 0.0689064   
20 1.61031 +/- 0.0740694   
21 1.68953 +/- 0.0791969   
22 1.7689 +/- 0.084432     
23 1.84881 +/- 0.0897479   
24 1.92825 +/- 0.0949934   
25 2.00635 +/- 0.100383    
26 2.08417 +/- 0.105627    
27 2.16205 +/- 0.110985    
28 2.23946 +/- 0.116361    
29 2.31749 +/- 0.121509    
30 2.39547 +/- 0.12651     
31 2.47127 +/- 0.131551    
32 2.54688 +/- 0.136638    
33 2.62216 +/- 0.141381    
34 2.69688 +/- 0.146239    
35 2.77082 +/- 0.151103    
36 2.84435 +/- 0.15584     
37 2.91803 +/- 0.160573    
38 2.99043 +/- 0.165615    
39 3.06218 +/- 0.170893    
40 3.13377 +/- 0.175961    
41 3.20692 +/- 0.180936    
42 3.27995 +/- 0.185632    
43 3.35369 +/- 0.190634    
44 3.42675 +/- 0.196007    
45 3.50061 +/- 0.201629    
46 3.57429 +/- 0.2073      
47 3.64726 +/- 0.212854    
48 3.72086 +/- 0.218462    
49 3.79349 +/- 0.224462    
50 3.86618 +/- 0.23045     
51 3.93914 +/- 0.236402    
52 4.01167 +/- 0.242168    
53 4.08348 +/- 0.248032    
54 4.1528 +/- 0.253943     
55 4.22043 +/- 0.259858    
56 4.28803 +/- 0.266065    
57 4.35642 +/- 0.272197    
58 4.42618 +/- 0.27853     
59 4.49424 +/- 0.284861    
60 4.56182 +/- 0.291248    
61 4.62753 +/- 0.297366    
62 4.69299 +/- 0.303623    
63 4.75748 +/- 0.30998     
END dQ2
