
# File: ../s_fthmc_l64_b6_c3.log
beta: 5
nconf:  1024
nbatch:   32
BEGIN dQ2
 0 0 +/- 0             
 1 5.21004 +/- 0.048191
 2 9.76452 +/- 0.106781
 3 13.7619 +/- 0.185293
 4 17.2759 +/- 0.2636  
 5 20.4252 +/- 0.348089
 6 23.2684 +/- 0.443712
 7 25.8135 +/- 0.54237 
 8 28.1339 +/- 0.619026
 9 30.2715 +/- 0.690484
10 32.075 +/- 0.760948 
11 33.6757 +/- 0.823541
12 35.0059 +/- 0.879193
13 36.2525 +/- 0.932706
14 37.2869 +/- 0.983218
15 38.2891 +/- 1.03385 
16 39.2944 +/- 1.07134 
17 40.1677 +/- 1.10772 
18 40.9188 +/- 1.15339 
19 41.5576 +/- 1.20003 
20 42.1801 +/- 1.234   
21 42.7201 +/- 1.25265 
22 43.2355 +/- 1.27544 
23 43.6368 +/- 1.29153 
24 44.0387 +/- 1.31103 
25 44.2806 +/- 1.34056 
26 44.5235 +/- 1.39322 
27 44.8317 +/- 1.44403 
28 45.0376 +/- 1.49249 
29 45.3187 +/- 1.53331 
30 45.5368 +/- 1.56169 
31 45.7898 +/- 1.56978 
32 46.0442 +/- 1.60471 
33 46.2738 +/- 1.62113 
34 46.3933 +/- 1.61712 
35 46.58 +/- 1.62017   
36 46.7265 +/- 1.62347 
37 46.8377 +/- 1.63736 
38 46.8996 +/- 1.65871 
39 47.1064 +/- 1.67015 
40 47.2212 +/- 1.67651 
41 47.3671 +/- 1.6897  
42 47.499 +/- 1.70324  
43 47.6374 +/- 1.71419 
44 47.8276 +/- 1.72131 
45 48.1088 +/- 1.73537 
46 48.3401 +/- 1.72247 
47 48.5672 +/- 1.71675 
48 48.6502 +/- 1.7057  
49 48.722 +/- 1.69714  
50 48.6979 +/- 1.70028 
51 48.69 +/- 1.70228   
52 48.766 +/- 1.70604  
53 48.7883 +/- 1.69815 
54 48.7158 +/- 1.69654 
55 48.6853 +/- 1.67557 
56 48.6077 +/- 1.65931 
57 48.5401 +/- 1.64789 
58 48.5516 +/- 1.63941 
59 48.5012 +/- 1.63692 
60 48.4479 +/- 1.65104 
61 48.3839 +/- 1.64113 
62 48.396 +/- 1.62962  
63 48.4434 +/- 1.61911 
END dQ2
beta: 6
nconf:  1024
nbatch:   32
BEGIN dQ2
 0 0 +/- 0                
 1 0.804894 +/- 0.00775431
 2 1.57504 +/- 0.0167303  
 3 2.3162 +/- 0.0296366   
 4 3.04617 +/- 0.0423792  
 5 3.76205 +/- 0.0533159  
 6 4.46777 +/- 0.0633363  
 7 5.14768 +/- 0.0773119  
 8 5.81072 +/- 0.0972263  
 9 6.46305 +/- 0.115366   
10 7.09785 +/- 0.135229   
11 7.71733 +/- 0.154911   
12 8.32183 +/- 0.176585   
13 8.91407 +/- 0.19542    
14 9.49743 +/- 0.211293   
15 10.0707 +/- 0.228436   
16 10.6402 +/- 0.247398   
17 11.189 +/- 0.266336    
18 11.7357 +/- 0.286072   
19 12.2683 +/- 0.30608    
20 12.7893 +/- 0.324809   
21 13.3048 +/- 0.343401   
22 13.8052 +/- 0.360137   
23 14.3024 +/- 0.376734   
24 14.7872 +/- 0.391951   
25 15.2457 +/- 0.409157   
26 15.6878 +/- 0.425902   
27 16.1263 +/- 0.442326   
28 16.5534 +/- 0.458078   
29 16.9659 +/- 0.472705   
30 17.3725 +/- 0.485159   
31 17.7715 +/- 0.49836    
32 18.1798 +/- 0.511668   
33 18.5737 +/- 0.526973   
34 18.9636 +/- 0.544096   
35 19.3617 +/- 0.562553   
36 19.7586 +/- 0.579446   
37 20.1466 +/- 0.59379    
38 20.5177 +/- 0.610883   
39 20.8757 +/- 0.631538   
40 21.2268 +/- 0.651696   
41 21.5614 +/- 0.670644   
42 21.8708 +/- 0.692126   
43 22.1569 +/- 0.713717   
44 22.4373 +/- 0.735757   
45 22.7095 +/- 0.755656   
46 22.9779 +/- 0.773226   
47 23.2527 +/- 0.79185    
48 23.5119 +/- 0.811721   
49 23.7705 +/- 0.830466   
50 24.0338 +/- 0.845966   
51 24.2847 +/- 0.861651   
52 24.5178 +/- 0.875969   
53 24.7475 +/- 0.888579   
54 24.9647 +/- 0.902868   
55 25.1805 +/- 0.916955   
56 25.3904 +/- 0.931659   
57 25.6055 +/- 0.945395   
58 25.8198 +/- 0.959237   
59 26.0183 +/- 0.973408   
60 26.2227 +/- 0.987982   
61 26.4253 +/- 1.0003     
62 26.6144 +/- 1.0096     
63 26.8024 +/- 1.02127    
END dQ2
beta: 7
nconf:  1024
nbatch:   32
BEGIN dQ2
 0 0 +/- 0                
 1 0.125397 +/- 0.00245803
 2 0.250214 +/- 0.00483746
 3 0.374571 +/- 0.00778617
 4 0.495833 +/- 0.0111007 
 5 0.616597 +/- 0.0143313 
 6 0.7368 +/- 0.0175268   
 7 0.856379 +/- 0.0209278 
 8 0.975394 +/- 0.0246281 
 9 1.09507 +/- 0.0284551  
10 1.21259 +/- 0.0326036  
11 1.3278 +/- 0.0370118   
12 1.44145 +/- 0.0409961  
13 1.55635 +/- 0.0450202  
14 1.67048 +/- 0.0485884  
15 1.78463 +/- 0.0519696  
16 1.89958 +/- 0.0549914  
17 2.01396 +/- 0.05823    
18 2.12736 +/- 0.0613219  
19 2.23905 +/- 0.0644114  
20 2.34913 +/- 0.0677779  
21 2.45747 +/- 0.0712633  
22 2.56356 +/- 0.0749616  
23 2.66802 +/- 0.0784874  
24 2.77253 +/- 0.0820539  
25 2.877 +/- 0.0855951    
26 2.98124 +/- 0.089021   
27 3.08388 +/- 0.0927135  
28 3.1853 +/- 0.0962883   
29 3.28725 +/- 0.100419   
30 3.38846 +/- 0.104609   
31 3.49166 +/- 0.109051   
32 3.59299 +/- 0.113876   
33 3.69702 +/- 0.118501   
34 3.80148 +/- 0.122987   
35 3.90473 +/- 0.127401   
36 4.0068 +/- 0.132295    
37 4.10831 +/- 0.136966   
38 4.20969 +/- 0.14162    
39 4.31164 +/- 0.146169   
40 4.40987 +/- 0.150977   
41 4.50798 +/- 0.15591    
42 4.60686 +/- 0.161377   
43 4.70502 +/- 0.16745    
44 4.80255 +/- 0.17389    
45 4.9007 +/- 0.180383    
46 4.9984 +/- 0.186566    
47 5.09676 +/- 0.19246    
48 5.19598 +/- 0.198656   
49 5.29417 +/- 0.204979   
50 5.39245 +/- 0.211489   
51 5.49088 +/- 0.217514   
52 5.58838 +/- 0.223487   
53 5.6855 +/- 0.229437    
54 5.78286 +/- 0.235545   
55 5.87832 +/- 0.241459   
56 5.97395 +/- 0.247567   
57 6.07068 +/- 0.253731   
58 6.16896 +/- 0.260265   
59 6.26937 +/- 0.266737   
60 6.36962 +/- 0.273057   
61 6.46693 +/- 0.279733   
62 6.56549 +/- 0.286653   
63 6.66399 +/- 0.293802   
END dQ2
