
# File: ../s_fthmc_l64_b6.log
beta: 5
nconf:  1024
nbatch:   32
BEGIN dQ2
 0 0 +/- 0              
 1 1.22101 +/- 0.0131736
 2 2.35201 +/- 0.0253384
 3 3.42492 +/- 0.0424344
 4 4.47341 +/- 0.0625664
 5 5.49543 +/- 0.0838659
 6 6.47114 +/- 0.106427 
 7 7.41255 +/- 0.127399 
 8 8.31874 +/- 0.155848 
 9 9.19871 +/- 0.188746 
10 10.0756 +/- 0.219634 
11 10.9303 +/- 0.248968 
12 11.7449 +/- 0.280375 
13 12.529 +/- 0.308539  
14 13.318 +/- 0.33746   
15 14.1087 +/- 0.364164 
16 14.8629 +/- 0.38802  
17 15.5947 +/- 0.409148 
18 16.2968 +/- 0.428801 
19 17.0051 +/- 0.444908 
20 17.6919 +/- 0.461278 
21 18.369 +/- 0.480928  
22 19.0001 +/- 0.501937 
23 19.6168 +/- 0.522306 
24 20.2253 +/- 0.546922 
25 20.8178 +/- 0.569132 
26 21.3904 +/- 0.590155 
27 21.9265 +/- 0.607861 
28 22.44 +/- 0.625448   
29 22.9498 +/- 0.642605 
30 23.4503 +/- 0.658716 
31 23.9157 +/- 0.67685  
32 24.3618 +/- 0.691714 
33 24.7885 +/- 0.704906 
34 25.2188 +/- 0.716265 
35 25.6336 +/- 0.728082 
36 26.0121 +/- 0.737263 
37 26.3947 +/- 0.747938 
38 26.7699 +/- 0.760952 
39 27.1321 +/- 0.773545 
40 27.5103 +/- 0.785603 
41 27.8903 +/- 0.801432 
42 28.2606 +/- 0.818053 
43 28.6428 +/- 0.837455 
44 29.0302 +/- 0.859009 
45 29.4088 +/- 0.880443 
46 29.7854 +/- 0.900055 
47 30.155 +/- 0.914462  
48 30.4931 +/- 0.932888 
49 30.8226 +/- 0.951799 
50 31.161 +/- 0.971186  
51 31.4743 +/- 0.992773 
52 31.7782 +/- 1.01291  
53 32.0721 +/- 1.02837  
54 32.3613 +/- 1.044    
55 32.6321 +/- 1.06002  
56 32.9297 +/- 1.07175  
57 33.2032 +/- 1.08779  
58 33.4592 +/- 1.10834  
59 33.6961 +/- 1.12629  
60 33.9339 +/- 1.1433   
61 34.1609 +/- 1.16091  
62 34.388 +/- 1.17445   
63 34.6176 +/- 1.18781  
END dQ2
beta: 6
nconf:  1024
nbatch:   32
BEGIN dQ2
 0 0 +/- 0                
 1 0.179741 +/- 0.00363369
 2 0.353932 +/- 0.00730048
 3 0.523812 +/- 0.0114869 
 4 0.692708 +/- 0.0159326 
 5 0.865616 +/- 0.0207041 
 6 1.03536 +/- 0.0257855  
 7 1.20508 +/- 0.030015   
 8 1.371 +/- 0.0341535    
 9 1.53531 +/- 0.0383921  
10 1.69983 +/- 0.0432759  
11 1.86433 +/- 0.0482741  
12 2.02717 +/- 0.0531024  
13 2.19173 +/- 0.0578386  
14 2.35749 +/- 0.0621773  
15 2.52013 +/- 0.0666423  
16 2.6804 +/- 0.0709567   
17 2.83851 +/- 0.0755036  
18 2.99609 +/- 0.0804009  
19 3.15261 +/- 0.0855187  
20 3.30743 +/- 0.0907577  
21 3.46598 +/- 0.0952166  
22 3.62157 +/- 0.100031   
23 3.77822 +/- 0.104969   
24 3.93819 +/- 0.110302   
25 4.09794 +/- 0.115101   
26 4.25617 +/- 0.1203     
27 4.41249 +/- 0.125831   
28 4.56912 +/- 0.131452   
29 4.72688 +/- 0.137318   
30 4.88682 +/- 0.143317   
31 5.04378 +/- 0.14933    
32 5.19931 +/- 0.155533   
33 5.35441 +/- 0.162095   
34 5.51332 +/- 0.169068   
35 5.67088 +/- 0.175563   
36 5.82996 +/- 0.181774   
37 5.98797 +/- 0.18785    
38 6.14532 +/- 0.194417   
39 6.30213 +/- 0.200835   
40 6.45748 +/- 0.207604   
41 6.60958 +/- 0.214846   
42 6.76244 +/- 0.222182   
43 6.91409 +/- 0.229982   
44 7.06317 +/- 0.23816    
45 7.21329 +/- 0.246182   
46 7.36436 +/- 0.254163   
47 7.51622 +/- 0.263094   
48 7.66896 +/- 0.27198    
49 7.82131 +/- 0.280996   
50 7.97058 +/- 0.290299   
51 8.11598 +/- 0.29906    
52 8.26083 +/- 0.307977   
53 8.40577 +/- 0.317238   
54 8.54572 +/- 0.326294   
55 8.68947 +/- 0.335751   
56 8.83135 +/- 0.345698   
57 8.97363 +/- 0.355659   
58 9.11322 +/- 0.36561    
59 9.2534 +/- 0.376008    
60 9.39435 +/- 0.386799   
61 9.53842 +/- 0.398016   
62 9.68048 +/- 0.409594   
63 9.82161 +/- 0.421182   
END dQ2
beta: 7
nconf:  1024
nbatch:   32
BEGIN dQ2
 0 0 +/- 0                 
 1 0.0255987 +/- 0.00108355
 2 0.0501773 +/- 0.00207809
 3 0.074498 +/- 0.00314185 
 4 0.0989277 +/- 0.00423754
 5 0.123344 +/- 0.0052376  
 6 0.148238 +/- 0.00635841 
 7 0.173119 +/- 0.00735398 
 8 0.19845 +/- 0.00848952  
 9 0.223984 +/- 0.00964146 
10 0.249384 +/- 0.0107244  
11 0.27471 +/- 0.0118384   
12 0.300303 +/- 0.0130384  
13 0.325544 +/- 0.0142617  
14 0.351083 +/- 0.0154955  
15 0.376734 +/- 0.0167268  
16 0.402251 +/- 0.0180155  
17 0.427942 +/- 0.0193417  
18 0.45356 +/- 0.0206347   
19 0.479602 +/- 0.0219979  
20 0.506038 +/- 0.0233997  
21 0.532621 +/- 0.0248161  
22 0.559288 +/- 0.0262378  
23 0.585539 +/- 0.0276053  
24 0.611875 +/- 0.0289389  
25 0.638701 +/- 0.030367   
26 0.66555 +/- 0.0317977   
27 0.69239 +/- 0.0332764   
28 0.719158 +/- 0.0348289  
29 0.745917 +/- 0.0363795  
30 0.772982 +/- 0.0379212  
31 0.79966 +/- 0.0394444   
32 0.826329 +/- 0.041018   
33 0.852296 +/- 0.0425472  
34 0.878756 +/- 0.0440874  
35 0.905018 +/- 0.0457673  
36 0.930858 +/- 0.0474126  
37 0.95694 +/- 0.0491989   
38 0.9826 +/- 0.0509542    
39 1.00828 +/- 0.0527923   
40 1.03376 +/- 0.0546256   
41 1.05954 +/- 0.056482    
42 1.08519 +/- 0.0583635   
43 1.11095 +/- 0.0602474   
44 1.13638 +/- 0.0620842   
45 1.16164 +/- 0.0638306   
46 1.18645 +/- 0.0654156   
47 1.21095 +/- 0.0670471   
48 1.23514 +/- 0.0687245   
49 1.25923 +/- 0.0704272   
50 1.28401 +/- 0.0721136   
51 1.30813 +/- 0.0737686   
52 1.33189 +/- 0.0753863   
53 1.35501 +/- 0.076989    
54 1.37829 +/- 0.0786623   
55 1.40193 +/- 0.0803674   
56 1.42575 +/- 0.082145    
57 1.44968 +/- 0.0840116   
58 1.47376 +/- 0.0858247   
59 1.4979 +/- 0.0877767    
60 1.52227 +/- 0.0897712   
61 1.5466 +/- 0.0917685    
62 1.57147 +/- 0.0938478   
63 1.59593 +/- 0.0959021   
END dQ2
