
# File: ../s_fthmc_l64_b6_c26.log
beta: 5
nconf:  1024
nbatch:   32
BEGIN dQ2
 0 0 +/- 0              
 1 4.27722 +/- 0.0411566
 2 8.11121 +/- 0.0892458
 3 11.547 +/- 0.137658  
 4 14.6829 +/- 0.193155 
 5 17.5898 +/- 0.240047 
 6 20.3103 +/- 0.304549 
 7 22.8619 +/- 0.367797 
 8 25.2461 +/- 0.433762 
 9 27.4417 +/- 0.490013 
10 29.5332 +/- 0.545738 
11 31.3495 +/- 0.602569 
12 32.9917 +/- 0.642503 
13 34.4421 +/- 0.668137 
14 35.8923 +/- 0.684546 
15 37.1906 +/- 0.706907 
16 38.3186 +/- 0.714118 
17 39.2729 +/- 0.719857 
18 40.1572 +/- 0.73796  
19 40.9389 +/- 0.763146 
20 41.6855 +/- 0.775684 
21 42.3567 +/- 0.795553 
22 43.0091 +/- 0.810373 
23 43.6515 +/- 0.834822 
24 44.2146 +/- 0.871134 
25 44.7137 +/- 0.910049 
26 45.1515 +/- 0.956978 
27 45.5622 +/- 0.987918 
28 45.9059 +/- 1.02309  
29 46.1773 +/- 1.05004  
30 46.4114 +/- 1.05848  
31 46.6527 +/- 1.06363  
32 46.8437 +/- 1.0539   
33 47.0264 +/- 1.05698  
34 47.1723 +/- 1.07626  
35 47.3323 +/- 1.09465  
36 47.5685 +/- 1.10994  
37 47.8774 +/- 1.11807  
38 48.1896 +/- 1.12193  
39 48.4412 +/- 1.10978  
40 48.67 +/- 1.09917    
41 48.8919 +/- 1.09233  
42 49.0878 +/- 1.08366  
43 49.186 +/- 1.06677   
44 49.1887 +/- 1.06048  
45 49.082 +/- 1.05058   
46 49.0239 +/- 1.04115  
47 48.8906 +/- 1.02368  
48 48.7534 +/- 1.01217  
49 48.6391 +/- 1.01035  
50 48.5516 +/- 1.02127  
51 48.5082 +/- 1.04357  
52 48.5174 +/- 1.06118  
53 48.6318 +/- 1.0818   
54 48.7689 +/- 1.09673  
55 48.8784 +/- 1.10547  
56 49.0524 +/- 1.10313  
57 49.2283 +/- 1.10724  
58 49.3141 +/- 1.11839  
59 49.4443 +/- 1.13343  
60 49.5697 +/- 1.14882  
61 49.6497 +/- 1.15296  
62 49.6874 +/- 1.15524  
63 49.6763 +/- 1.16133  
END dQ2
beta: 6
nconf:  1024
nbatch:   32
BEGIN dQ2
 0 0 +/- 0                
 1 0.661657 +/- 0.00798177
 2 1.30586 +/- 0.0179482  
 3 1.92936 +/- 0.0293413  
 4 2.53036 +/- 0.0415772  
 5 3.11724 +/- 0.0549957  
 6 3.69238 +/- 0.0685295  
 7 4.25403 +/- 0.0858067  
 8 4.80432 +/- 0.102992   
 9 5.35363 +/- 0.121344   
10 5.89297 +/- 0.139168   
11 6.40943 +/- 0.155558   
12 6.92913 +/- 0.172288   
13 7.44319 +/- 0.19102    
14 7.94335 +/- 0.208916   
15 8.43775 +/- 0.230029   
16 8.92609 +/- 0.250838   
17 9.39247 +/- 0.269835   
18 9.84599 +/- 0.292173   
19 10.2973 +/- 0.314816   
20 10.7348 +/- 0.338069   
21 11.1753 +/- 0.36187    
22 11.5951 +/- 0.387043   
23 12.0118 +/- 0.412601   
24 12.4243 +/- 0.439136   
25 12.828 +/- 0.464126    
26 13.2244 +/- 0.48965    
27 13.6205 +/- 0.514494   
28 14.0085 +/- 0.540453   
29 14.3881 +/- 0.566102   
30 14.7589 +/- 0.590197   
31 15.1357 +/- 0.616552   
32 15.5006 +/- 0.642879   
33 15.8547 +/- 0.669317   
34 16.2106 +/- 0.695258   
35 16.5621 +/- 0.721865   
36 16.9076 +/- 0.745759   
37 17.2538 +/- 0.77067    
38 17.598 +/- 0.796394    
39 17.9207 +/- 0.820557   
40 18.246 +/- 0.841937    
41 18.5665 +/- 0.864909   
42 18.8797 +/- 0.886413   
43 19.175 +/- 0.90882     
44 19.471 +/- 0.931892    
45 19.7653 +/- 0.952783   
46 20.0639 +/- 0.971629   
47 20.3552 +/- 0.990039   
48 20.6399 +/- 1.00773    
49 20.9218 +/- 1.0253     
50 21.1939 +/- 1.04126    
51 21.4554 +/- 1.06009    
52 21.7212 +/- 1.07939    
53 21.976 +/- 1.09649     
54 22.2299 +/- 1.11279    
55 22.4822 +/- 1.12999    
56 22.7239 +/- 1.14963    
57 22.9619 +/- 1.16835    
58 23.1944 +/- 1.18508    
59 23.4142 +/- 1.20143    
60 23.6349 +/- 1.21877    
61 23.8486 +/- 1.23609    
62 24.0542 +/- 1.25409    
63 24.2537 +/- 1.27196    
END dQ2
beta: 7
nconf:  1024
nbatch:   32
BEGIN dQ2
 0 0 +/- 0                
 1 0.100868 +/- 0.00191845
 2 0.201046 +/- 0.00368868
 3 0.300686 +/- 0.00566136
 4 0.400245 +/- 0.00774205
 5 0.498528 +/- 0.0102799 
 6 0.597219 +/- 0.0131284 
 7 0.696503 +/- 0.0160769 
 8 0.797306 +/- 0.0192533 
 9 0.899107 +/- 0.0225153 
10 1.00203 +/- 0.0258838  
11 1.10381 +/- 0.0297825  
12 1.20489 +/- 0.0338965  
13 1.30678 +/- 0.0382057  
14 1.40656 +/- 0.0423628  
15 1.50641 +/- 0.0466864  
16 1.60578 +/- 0.0508061  
17 1.70479 +/- 0.0551027  
18 1.80362 +/- 0.0596249  
19 1.90112 +/- 0.0642586  
20 1.99788 +/- 0.0689427  
21 2.09297 +/- 0.0738162  
22 2.18787 +/- 0.0788621  
23 2.28262 +/- 0.0839977  
24 2.37794 +/- 0.0891326  
25 2.47469 +/- 0.0945508  
26 2.56986 +/- 0.100109   
27 2.66681 +/- 0.105809   
28 2.76321 +/- 0.111422   
29 2.86109 +/- 0.117209   
30 2.95838 +/- 0.123088   
31 3.05655 +/- 0.128953   
32 3.1514 +/- 0.134904    
33 3.24729 +/- 0.140658   
34 3.34223 +/- 0.146306   
35 3.43579 +/- 0.151652   
36 3.52932 +/- 0.157351   
37 3.62278 +/- 0.163323   
38 3.71571 +/- 0.168996   
39 3.80793 +/- 0.174835   
40 3.89914 +/- 0.180487   
41 3.98948 +/- 0.185949   
42 4.08115 +/- 0.191415   
43 4.17058 +/- 0.196755   
44 4.25893 +/- 0.202115   
45 4.3471 +/- 0.207373    
46 4.43475 +/- 0.212837   
47 4.52265 +/- 0.218206   
48 4.61181 +/- 0.223674   
49 4.70224 +/- 0.22905    
50 4.79113 +/- 0.234375   
51 4.87995 +/- 0.239297   
52 4.96814 +/- 0.244248   
53 5.05487 +/- 0.249163   
54 5.1395 +/- 0.253915    
55 5.22659 +/- 0.258647   
56 5.31434 +/- 0.263488   
57 5.40082 +/- 0.268069   
58 5.48612 +/- 0.272136   
59 5.57066 +/- 0.276052   
60 5.6558 +/- 0.279849    
61 5.74088 +/- 0.283521   
62 5.82676 +/- 0.28702    
63 5.91305 +/- 0.29071    
END dQ2
