
# File: ../s_hmc_l70_params.log
beta: 1.1962890625
nconf:  8192
nbatch:  128
BEGIN dQ2
 0 0 +/- 0             
 1 313.535 +/- 0.637343
 2 334.827 +/- 0.701877
 3 340.318 +/- 0.673005
 4 341.259 +/- 0.685821
 5 341.947 +/- 0.642428
 6 341.961 +/- 0.659408
 7 341.807 +/- 0.657688
 8 342.017 +/- 0.675466
 9 342.514 +/- 0.676109
10 341.987 +/- 0.704246
11 341.868 +/- 0.674949
12 342.366 +/- 0.68798 
13 341.854 +/- 0.681928
14 341.882 +/- 0.636719
15 342.303 +/- 0.712844
16 342.65 +/- 0.678195 
17 342.361 +/- 0.663615
18 341.935 +/- 0.684192
19 342.507 +/- 0.685748
20 342.075 +/- 0.66636 
21 341.808 +/- 0.67198 
22 342.279 +/- 0.717935
23 341.806 +/- 0.66219 
24 342.44 +/- 0.673301 
25 342.321 +/- 0.663901
26 342.317 +/- 0.610646
27 342.126 +/- 0.727   
28 342.118 +/- 0.690603
29 342.57 +/- 0.661511 
30 342.487 +/- 0.65888 
31 342.235 +/- 0.652335
32 342.177 +/- 0.686076
33 341.984 +/- 0.646277
34 341.962 +/- 0.704643
35 342.503 +/- 0.681216
36 342.44 +/- 0.646706 
37 342.071 +/- 0.624404
38 342.608 +/- 0.683209
39 342.568 +/- 0.689778
40 342.793 +/- 0.711147
41 342.73 +/- 0.723234 
42 342.13 +/- 0.715579 
43 342.079 +/- 0.673298
44 342.29 +/- 0.661656 
45 342.206 +/- 0.685722
46 342.882 +/- 0.674503
47 342.823 +/- 0.671934
48 342.434 +/- 0.639955
49 342.367 +/- 0.646476
50 342.256 +/- 0.692885
51 342.305 +/- 0.684475
52 341.51 +/- 0.669687 
53 342.134 +/- 0.672765
54 342.245 +/- 0.676792
55 342.524 +/- 0.649882
56 341.599 +/- 0.68819 
57 342.036 +/- 0.679624
58 342.4 +/- 0.664657  
59 342.822 +/- 0.624083
60 342.625 +/- 0.643073
61 342.161 +/- 0.682099
62 342.001 +/- 0.66795 
63 342.004 +/- 0.684881
END dQ2
beta: 2.392578125
nconf:  8192
nbatch:  128
BEGIN dQ2
 0 0 +/- 0             
 1 96.0891 +/- 0.175755
 2 127.727 +/- 0.229181
 3 140.092 +/- 0.258792
 4 145.188 +/- 0.268232
 5 147.324 +/- 0.270733
 6 148.468 +/- 0.292784
 7 148.811 +/- 0.310689
 8 148.639 +/- 0.305056
 9 148.517 +/- 0.293352
10 148.481 +/- 0.312061
11 148.553 +/- 0.319622
12 148.76 +/- 0.308691 
13 148.722 +/- 0.322168
14 148.829 +/- 0.310652
15 148.633 +/- 0.326844
16 148.465 +/- 0.318196
17 148.642 +/- 0.315283
18 148.754 +/- 0.313347
19 148.684 +/- 0.310807
20 148.503 +/- 0.295013
21 148.518 +/- 0.287703
22 148.599 +/- 0.29162 
23 148.527 +/- 0.317567
24 148.331 +/- 0.302886
25 148.582 +/- 0.333642
26 148.632 +/- 0.325962
27 148.646 +/- 0.306312
28 148.56 +/- 0.332972 
29 148.67 +/- 0.323136 
30 148.646 +/- 0.31228 
31 148.557 +/- 0.314401
32 148.68 +/- 0.319526 
33 148.415 +/- 0.311302
34 148.345 +/- 0.320899
35 148.44 +/- 0.29941  
36 148.468 +/- 0.307967
37 148.758 +/- 0.312834
38 148.661 +/- 0.316103
39 148.592 +/- 0.291119
40 148.768 +/- 0.293725
41 148.752 +/- 0.301186
42 148.702 +/- 0.306867
43 148.572 +/- 0.294092
44 148.522 +/- 0.291695
45 148.366 +/- 0.289039
46 148.318 +/- 0.316911
47 148.598 +/- 0.298994
48 148.522 +/- 0.299963
49 148.495 +/- 0.296276
50 148.793 +/- 0.302716
51 148.805 +/- 0.308376
52 148.758 +/- 0.312696
53 148.733 +/- 0.314289
54 148.609 +/- 0.330635
55 148.497 +/- 0.313948
56 148.631 +/- 0.306858
57 148.581 +/- 0.2931  
58 148.725 +/- 0.292048
59 148.593 +/- 0.29487 
60 148.609 +/- 0.301764
61 148.694 +/- 0.304989
62 148.731 +/- 0.299957
63 148.504 +/- 0.31244 
END dQ2
beta: 3.5888671875
nconf:  8192
nbatch:  128
BEGIN dQ2
 0 0 +/- 0              
 1 14.0244 +/- 0.0222697
 2 25.0652 +/- 0.0430967
 3 34.2505 +/- 0.0675903
 4 42.0274 +/- 0.0895455
 5 48.6122 +/- 0.109396 
 6 54.171 +/- 0.131619  
 7 58.9042 +/- 0.151322 
 8 62.9238 +/- 0.171131 
 9 66.3548 +/- 0.192576 
10 69.2987 +/- 0.213125 
11 71.7513 +/- 0.230519 
12 73.8558 +/- 0.244251 
13 75.6503 +/- 0.258186 
14 77.142 +/- 0.273711  
15 78.4388 +/- 0.288992 
16 79.514 +/- 0.300354  
17 80.436 +/- 0.310874  
18 81.2545 +/- 0.320459 
19 81.9349 +/- 0.327218 
20 82.5181 +/- 0.333501 
21 82.9974 +/- 0.341211 
22 83.3832 +/- 0.345681 
23 83.7056 +/- 0.345725 
24 83.9797 +/- 0.347055 
25 84.2602 +/- 0.350084 
26 84.4589 +/- 0.352484 
27 84.6365 +/- 0.353525 
28 84.758 +/- 0.354299  
29 84.8394 +/- 0.354913 
30 84.8856 +/- 0.353324 
31 84.9621 +/- 0.352531 
32 85.0172 +/- 0.352343 
33 85.0867 +/- 0.353805 
34 85.1619 +/- 0.35496  
35 85.2461 +/- 0.352848 
36 85.2844 +/- 0.354713 
37 85.3216 +/- 0.360443 
38 85.3808 +/- 0.36323  
39 85.4167 +/- 0.366766 
40 85.4943 +/- 0.365287 
41 85.5533 +/- 0.366017 
42 85.5656 +/- 0.368176 
43 85.5797 +/- 0.370001 
44 85.5536 +/- 0.372696 
45 85.5591 +/- 0.370989 
46 85.5819 +/- 0.368891 
47 85.5921 +/- 0.364783 
48 85.5924 +/- 0.364131 
49 85.5973 +/- 0.365923 
50 85.5823 +/- 0.365973 
51 85.571 +/- 0.366514  
52 85.5514 +/- 0.369858 
53 85.4966 +/- 0.373537 
54 85.4945 +/- 0.373204 
55 85.4648 +/- 0.374308 
56 85.4552 +/- 0.376519 
57 85.4486 +/- 0.38283  
58 85.4291 +/- 0.386767 
59 85.3679 +/- 0.388045 
60 85.3227 +/- 0.386703 
61 85.2611 +/- 0.38854  
62 85.2249 +/- 0.391234 
63 85.1748 +/- 0.391601 
END dQ2
beta: 4.78515625
nconf:  8192
nbatch:  128
BEGIN dQ2
 0 0 +/- 0               
 1 1.56068 +/- 0.00325737
 2 3.00212 +/- 0.0068505 
 3 4.40081 +/- 0.0112062 
 4 5.7629 +/- 0.0159687  
 5 7.09141 +/- 0.0212187 
 6 8.38743 +/- 0.0270641 
 7 9.64737 +/- 0.0328807 
 8 10.8691 +/- 0.038747  
 9 12.0598 +/- 0.0453392 
10 13.2215 +/- 0.0517767 
11 14.3579 +/- 0.0582667 
12 15.4647 +/- 0.0648936 
13 16.5448 +/- 0.0713523 
14 17.5957 +/- 0.0779835 
15 18.6179 +/- 0.0845648 
16 19.6107 +/- 0.0915222 
17 20.5767 +/- 0.0986933 
18 21.5186 +/- 0.106116  
19 22.4345 +/- 0.113567  
20 23.327 +/- 0.121065   
21 24.1988 +/- 0.128549  
22 25.0439 +/- 0.136167  
23 25.8668 +/- 0.143469  
24 26.6701 +/- 0.150901  
25 27.4524 +/- 0.158365  
26 28.2157 +/- 0.165515  
27 28.9597 +/- 0.173071  
28 29.6845 +/- 0.180765  
29 30.3891 +/- 0.188293  
30 31.0813 +/- 0.195383  
31 31.7555 +/- 0.202879  
32 32.4156 +/- 0.210043  
33 33.0572 +/- 0.217006  
34 33.6802 +/- 0.224027  
35 34.2884 +/- 0.230929  
36 34.8827 +/- 0.237437  
37 35.4588 +/- 0.243721  
38 36.0248 +/- 0.249793  
39 36.5774 +/- 0.256183  
40 37.1165 +/- 0.262355  
41 37.6499 +/- 0.268591  
42 38.1659 +/- 0.274915  
43 38.6692 +/- 0.280815  
44 39.1584 +/- 0.287017  
45 39.6381 +/- 0.293485  
46 40.106 +/- 0.300012   
47 40.5622 +/- 0.306834  
48 41.0071 +/- 0.313713  
49 41.4481 +/- 0.320434  
50 41.875 +/- 0.326972   
51 42.2852 +/- 0.333283  
52 42.6856 +/- 0.339018  
53 43.0718 +/- 0.344518  
54 43.4437 +/- 0.349453  
55 43.8079 +/- 0.354769  
56 44.1647 +/- 0.360244  
57 44.5115 +/- 0.365792  
58 44.848 +/- 0.370884   
59 45.1733 +/- 0.375954  
60 45.4922 +/- 0.380589  
61 45.8031 +/- 0.385027  
62 46.1084 +/- 0.389401  
63 46.4073 +/- 0.39334   
END dQ2
beta: 5.9814453125
nconf:  8192
nbatch:  128
BEGIN dQ2
 0 0 +/- 0                 
 1 0.152896 +/- 0.000501812
 2 0.300126 +/- 0.00104125 
 3 0.445892 +/- 0.00162513 
 4 0.591238 +/- 0.00226966 
 5 0.735919 +/- 0.00295895 
 6 0.879926 +/- 0.00364937 
 7 1.0238 +/- 0.00438487   
 8 1.16637 +/- 0.00514696  
 9 1.30854 +/- 0.00592028  
10 1.45079 +/- 0.00673066  
11 1.5928 +/- 0.00760921   
12 1.73467 +/- 0.00853974  
13 1.87559 +/- 0.00956303  
14 2.0161 +/- 0.0106335    
15 2.15717 +/- 0.0117059   
16 2.29802 +/- 0.0127592   
17 2.43852 +/- 0.0138422   
18 2.57842 +/- 0.0149468   
19 2.71742 +/- 0.0160689   
20 2.85617 +/- 0.0171783   
21 2.99447 +/- 0.0183145   
22 3.13227 +/- 0.0194643   
23 3.26934 +/- 0.0206371   
24 3.40601 +/- 0.0218543   
25 3.54239 +/- 0.0230802   
26 3.67813 +/- 0.0243358   
27 3.81342 +/- 0.0256183   
28 3.94786 +/- 0.0269013   
29 4.08198 +/- 0.0281944   
30 4.21539 +/- 0.0294829   
31 4.3485 +/- 0.0307796    
32 4.48171 +/- 0.032041    
33 4.61445 +/- 0.0333283   
34 4.7464 +/- 0.0345805    
35 4.87836 +/- 0.035839    
36 5.0094 +/- 0.0371327    
37 5.1402 +/- 0.0384097    
38 5.2707 +/- 0.0397289    
39 5.40105 +/- 0.0410642   
40 5.53101 +/- 0.0424258   
41 5.66003 +/- 0.0437685   
42 5.78907 +/- 0.0451174   
43 5.91727 +/- 0.0465385   
44 6.04509 +/- 0.0479947   
45 6.17214 +/- 0.049423    
46 6.29873 +/- 0.0508596   
47 6.42464 +/- 0.0523261   
48 6.55042 +/- 0.0538448   
49 6.67626 +/- 0.0553732   
50 6.80169 +/- 0.0569075   
51 6.92625 +/- 0.0584187   
52 7.05029 +/- 0.0599479   
53 7.17368 +/- 0.0614697   
54 7.29718 +/- 0.0630278   
55 7.42021 +/- 0.0646039   
56 7.54309 +/- 0.0662016   
57 7.66618 +/- 0.0678136   
58 7.78875 +/- 0.0694235   
59 7.91103 +/- 0.0710247   
60 8.03273 +/- 0.0726407   
61 8.15382 +/- 0.074282    
62 8.27437 +/- 0.0758909   
63 8.39445 +/- 0.077488    
END dQ2
beta: 7.177734375
nconf:  8192
nbatch:  128
BEGIN dQ2
 0 0 +/- 0                  
 1 0.0158482 +/- 0.000150767
 2 0.0311432 +/- 0.000294241
 3 0.0463283 +/- 0.000437888
 4 0.0615363 +/- 0.000582273
 5 0.0767213 +/- 0.000732368
 6 0.0919405 +/- 0.000889745
 7 0.107162 +/- 0.00105127  
 8 0.122354 +/- 0.00121409  
 9 0.137528 +/- 0.00137824  
10 0.15272 +/- 0.00154454   
11 0.167961 +/- 0.00171472  
12 0.183211 +/- 0.00189002  
13 0.198484 +/- 0.00206616  
14 0.213748 +/- 0.00224983  
15 0.228987 +/- 0.00242935  
16 0.24419 +/- 0.00261304   
17 0.259336 +/- 0.0027954   
18 0.274495 +/- 0.00297896  
19 0.289692 +/- 0.00316398  
20 0.304925 +/- 0.00335067  
21 0.320133 +/- 0.00353496  
22 0.335289 +/- 0.00372161  
23 0.350473 +/- 0.00390837  
24 0.365689 +/- 0.0040945   
25 0.380904 +/- 0.00428362  
26 0.396126 +/- 0.00447187  
27 0.411301 +/- 0.00466173  
28 0.426451 +/- 0.0048544   
29 0.441533 +/- 0.00504363  
30 0.456603 +/- 0.00523542  
31 0.471604 +/- 0.00542911  
32 0.486628 +/- 0.00562403  
33 0.501657 +/- 0.00582017  
34 0.516689 +/- 0.00601756  
35 0.53167 +/- 0.00621541   
36 0.546632 +/- 0.00641528  
37 0.561538 +/- 0.00661547  
38 0.576455 +/- 0.00681907  
39 0.591352 +/- 0.00702773  
40 0.606274 +/- 0.00723933  
41 0.621162 +/- 0.00745216  
42 0.636029 +/- 0.00766562  
43 0.650882 +/- 0.00787899  
44 0.665681 +/- 0.00809346  
45 0.680514 +/- 0.0083121   
46 0.695358 +/- 0.00853498  
47 0.710177 +/- 0.00875672  
48 0.724935 +/- 0.00898253  
49 0.739682 +/- 0.009208    
50 0.754427 +/- 0.00943502  
51 0.769151 +/- 0.00966499  
52 0.783889 +/- 0.00989671  
53 0.798647 +/- 0.0101294   
54 0.813413 +/- 0.0103608   
55 0.828116 +/- 0.0105936   
56 0.842807 +/- 0.0108251   
57 0.857431 +/- 0.0110581   
58 0.872045 +/- 0.0112908   
59 0.886633 +/- 0.0115251   
60 0.901156 +/- 0.0117575   
61 0.915601 +/- 0.0119846   
62 0.930046 +/- 0.012209    
63 0.944424 +/- 0.0124386   
END dQ2
beta: 8.3740234375
nconf:  8192
nbatch:  128
BEGIN dQ2
 0 0 +/- 0                   
 1 0.00153274 +/- 4.04396e-5 
 2 0.00302198 +/- 7.74103e-5 
 3 0.00450204 +/- 0.000114335
 4 0.00597769 +/- 0.000151675
 5 0.00745752 +/- 0.000190411
 6 0.00894057 +/- 0.000229717
 7 0.0104202 +/- 0.000269043 
 8 0.0118982 +/- 0.00030857  
 9 0.0133699 +/- 0.00034834  
10 0.0148401 +/- 0.00038841  
11 0.0163087 +/- 0.000428406 
12 0.0177777 +/- 0.000468183 
13 0.019249 +/- 0.000508178  
14 0.0207197 +/- 0.000548255 
15 0.0221916 +/- 0.000588465 
16 0.0236621 +/- 0.000628718 
17 0.0251328 +/- 0.000669036 
18 0.0266059 +/- 0.000709693 
19 0.0280774 +/- 0.000750221 
20 0.0295473 +/- 0.000790394 
21 0.0310138 +/- 0.000830346 
22 0.0324816 +/- 0.000870522 
23 0.033946 +/- 0.000910993  
24 0.0354107 +/- 0.000951382 
25 0.0368786 +/- 0.000992017 
26 0.038344 +/- 0.00103256   
27 0.0398155 +/- 0.00107353  
28 0.0412874 +/- 0.00111494  
29 0.0427635 +/- 0.00115655  
30 0.0442418 +/- 0.0011982   
31 0.0457176 +/- 0.00124008  
32 0.0471938 +/- 0.00128193  
33 0.0486713 +/- 0.00132432  
34 0.0501502 +/- 0.00136707  
35 0.0516207 +/- 0.00140999  
36 0.0530878 +/- 0.00145277  
37 0.0545553 +/- 0.00149563  
38 0.0560212 +/- 0.00153857  
39 0.0574884 +/- 0.00158188  
40 0.058956 +/- 0.00162488   
41 0.0604201 +/- 0.00166803  
42 0.0618865 +/- 0.00171092  
43 0.0633552 +/- 0.00175446  
44 0.0648213 +/- 0.00179784  
45 0.066284 +/- 0.00184133   
46 0.0677451 +/- 0.00188503  
47 0.0692066 +/- 0.00192861  
48 0.0706684 +/- 0.00197227  
49 0.0721354 +/- 0.00201614  
50 0.0736008 +/- 0.00205976  
51 0.0750685 +/- 0.00210362  
52 0.0765347 +/- 0.00214755  
53 0.078005 +/- 0.00219179   
54 0.07947 +/- 0.00223534    
55 0.0809372 +/- 0.00227887  
56 0.0824009 +/- 0.00232266  
57 0.0838583 +/- 0.00236636  
58 0.085319 +/- 0.00241004   
59 0.0867732 +/- 0.00245326  
60 0.0882317 +/- 0.00249668  
61 0.0896895 +/- 0.00254014  
62 0.0911497 +/- 0.0025836   
63 0.0926121 +/- 0.00262752  
END dQ2
beta: 9.5703125
nconf:  8192
nbatch:  128
BEGIN dQ2
 0 0 +/- 0                   
 1 0.000164052 +/- 1.35712e-5
 2 0.000326236 +/- 2.69885e-5
 3 0.000486552 +/- 4.01348e-5
 4 0.000646907 +/- 5.33392e-5
 5 0.000807301 +/- 6.65692e-5
 6 0.000967735 +/- 7.98136e-5
 7 0.00112821 +/- 9.30676e-5 
 8 0.00128872 +/- 0.000106329
 9 0.00144927 +/- 0.000119596
10 0.00160986 +/- 0.000132869
11 0.00177049 +/- 0.000146146
12 0.00193116 +/- 0.000159427
13 0.00209187 +/- 0.000172712
14 0.00225261 +/- 0.000186001
15 0.0024134 +/- 0.000199294 
16 0.00257423 +/- 0.000212591
17 0.00273509 +/- 0.000225891
18 0.002896 +/- 0.000239195  
19 0.00305694 +/- 0.000252502
20 0.00321792 +/- 0.000265813
21 0.00337895 +/- 0.000279127
22 0.00354001 +/- 0.000292444
23 0.00370111 +/- 0.000305765
24 0.00386225 +/- 0.00031909 
25 0.00402343 +/- 0.000332417
26 0.00418465 +/- 0.000345748
27 0.00434591 +/- 0.000359082
28 0.00450721 +/- 0.00037242 
29 0.00466855 +/- 0.000385761
30 0.00482993 +/- 0.000399105
31 0.00499135 +/- 0.000412453
32 0.0051528 +/- 0.000425804 
33 0.0053143 +/- 0.000439158 
34 0.00547584 +/- 0.000452516
35 0.00563741 +/- 0.000465877
36 0.00579903 +/- 0.000479241
37 0.00596068 +/- 0.000492608
38 0.00612238 +/- 0.000505979
39 0.00628411 +/- 0.000519353
40 0.00644589 +/- 0.000532731
41 0.00660674 +/- 0.000545995
42 0.00676764 +/- 0.000559264
43 0.00692857 +/- 0.000572538
44 0.00708955 +/- 0.000585817
45 0.00725056 +/- 0.0005991  
46 0.00741161 +/- 0.000612387
47 0.00757271 +/- 0.000625679
48 0.00773384 +/- 0.000638976
49 0.00789501 +/- 0.000652276
50 0.00805622 +/- 0.000665581
51 0.00821747 +/- 0.00067889 
52 0.00837876 +/- 0.000692203
53 0.00854009 +/- 0.00070552 
54 0.00870146 +/- 0.000718841
55 0.00886287 +/- 0.000732166
56 0.00902432 +/- 0.000745495
57 0.00918581 +/- 0.000758828
58 0.00934734 +/- 0.000772165
59 0.00950891 +/- 0.000785506
60 0.00967051 +/- 0.00079885 
61 0.00983216 +/- 0.000812198
62 0.00999385 +/- 0.00082555 
63 0.0101556 +/- 0.000838906 
END dQ2
beta: 10.7666015625
nconf:  8192
nbatch:  128
BEGIN dQ2
 0 0 +/- 0                    
 1 1.33531e-5 +/- 3.64227e-6  
 2 2.67094e-5 +/- 7.28542e-6  
 3 4.0069e-5 +/- 1.09295e-5   
 4 5.34319e-5 +/- 1.45744e-5  
 5 6.6798e-5 +/- 1.82202e-5   
 6 8.01674e-5 +/- 2.18669e-5  
 7 9.354e-5 +/- 2.55146e-5    
 8 0.000106916 +/- 2.91631e-5 
 9 0.000120295 +/- 3.28124e-5 
10 0.000133678 +/- 3.64627e-5 
11 0.000147063 +/- 4.01139e-5 
12 0.000160452 +/- 4.3766e-5  
13 0.000173845 +/- 4.74189e-5 
14 0.00018724 +/- 5.10728e-5  
15 0.000200639 +/- 5.47275e-5 
16 0.000214041 +/- 5.83832e-5 
17 0.000227446 +/- 6.20397e-5 
18 0.000240855 +/- 6.56972e-5 
19 0.000254267 +/- 6.93555e-5 
20 0.000267682 +/- 7.30147e-5 
21 0.000281101 +/- 7.66748e-5 
22 0.000294523 +/- 8.03358e-5 
23 0.000307948 +/- 8.39977e-5 
24 0.000321376 +/- 8.76605e-5 
25 0.000334808 +/- 9.13242e-5 
26 0.000348243 +/- 9.49889e-5 
27 0.000361681 +/- 9.86543e-5 
28 0.000375122 +/- 0.000102321
29 0.000388567 +/- 0.000105988
30 0.000402015 +/- 0.000109656
31 0.000415467 +/- 0.000113325
32 0.000428922 +/- 0.000116995
33 0.00044238 +/- 0.000120666 
34 0.000455841 +/- 0.000124338
35 0.000469306 +/- 0.000128011
36 0.000482773 +/- 0.000131684
37 0.000496245 +/- 0.000135359
38 0.000509719 +/- 0.000139034
39 0.000523197 +/- 0.00014271 
40 0.000536678 +/- 0.000146388
41 0.000550163 +/- 0.000150066
42 0.00056365 +/- 0.000153745 
43 0.000577141 +/- 0.000157425
44 0.000590636 +/- 0.000161105
45 0.000604133 +/- 0.000164787
46 0.000617634 +/- 0.00016847 
47 0.000631139 +/- 0.000172153
48 0.000644646 +/- 0.000175838
49 0.000658157 +/- 0.000179523
50 0.000671672 +/- 0.000183209
51 0.000685189 +/- 0.000186896
52 0.00069871 +/- 0.000190585 
53 0.000712234 +/- 0.000194273
54 0.000725762 +/- 0.000197963
55 0.000739293 +/- 0.000201654
56 0.000752827 +/- 0.000205346
57 0.000766364 +/- 0.000209038
58 0.000779905 +/- 0.000212732
59 0.00079345 +/- 0.000216426 
60 0.000806997 +/- 0.000220122
61 0.000820548 +/- 0.000223818
62 0.000834102 +/- 0.000227515
63 0.00084766 +/- 0.000231213 
END dQ2
beta: 11.962890625
nconf:  8192
nbatch:  128
BEGIN dQ2
 0 0 +/- 0                  
 1 2.86137e-6 +/- 2.12601e-6
 2 5.72344e-6 +/- 4.25255e-6
 3 8.58621e-6 +/- 6.3796e-6 
 4 9.5414e-6 +/- 6.85535e-6 
 5 1.04968e-5 +/- 7.42407e-6
 6 1.14525e-5 +/- 8.06618e-6
 7 1.24084e-5 +/- 8.76566e-6
 8 1.33645e-5 +/- 9.50992e-6
 9 1.43208e-5 +/- 1.02893e-5
10 1.52774e-5 +/- 1.10965e-5
11 1.62343e-5 +/- 1.19259e-5
12 1.71913e-5 +/- 1.27732e-5
13 1.81486e-5 +/- 1.36352e-5
14 1.91061e-5 +/- 1.45093e-5
15 2.00639e-5 +/- 1.53934e-5
16 2.10219e-5 +/- 1.6286e-5 
17 2.19801e-5 +/- 1.71857e-5
18 2.29386e-5 +/- 1.80917e-5
19 2.38973e-5 +/- 1.90029e-5
20 2.48562e-5 +/- 1.99187e-5
21 2.58154e-5 +/- 2.08386e-5
22 2.67748e-5 +/- 2.17621e-5
23 2.77344e-5 +/- 2.26886e-5
24 2.86943e-5 +/- 2.3618e-5 
25 2.96544e-5 +/- 2.455e-5  
26 3.06147e-5 +/- 2.54841e-5
27 3.15753e-5 +/- 2.64204e-5
28 3.25361e-5 +/- 2.73585e-5
29 3.34972e-5 +/- 2.82983e-5
30 3.44585e-5 +/- 2.92397e-5
31 3.542e-5 +/- 3.01825e-5  
32 3.63817e-5 +/- 3.11267e-5
33 3.73437e-5 +/- 3.2072e-5 
34 3.8306e-5 +/- 3.30186e-5 
35 3.92684e-5 +/- 3.39662e-5
36 4.02311e-5 +/- 3.49148e-5
37 4.11941e-5 +/- 3.58644e-5
38 4.21572e-5 +/- 3.68148e-5
39 4.31206e-5 +/- 3.77661e-5
40 4.40843e-5 +/- 3.87182e-5
41 4.50482e-5 +/- 3.96711e-5
42 4.60123e-5 +/- 4.06246e-5
43 4.69766e-5 +/- 4.15789e-5
44 4.79412e-5 +/- 4.25338e-5
45 4.8906e-5 +/- 4.34893e-5 
46 4.98711e-5 +/- 4.44455e-5
47 5.08364e-5 +/- 4.54022e-5
48 5.18019e-5 +/- 4.63595e-5
49 5.27677e-5 +/- 4.73174e-5
50 5.37337e-5 +/- 4.82757e-5
51 5.47e-5 +/- 4.92346e-5   
52 5.56665e-5 +/- 5.01939e-5
53 5.66332e-5 +/- 5.11538e-5
54 5.76001e-5 +/- 5.21141e-5
55 5.85673e-5 +/- 5.30748e-5
56 5.95348e-5 +/- 5.4036e-5 
57 6.05025e-5 +/- 5.49976e-5
58 6.14704e-5 +/- 5.59597e-5
59 6.24385e-5 +/- 5.69221e-5
60 6.34069e-5 +/- 5.7885e-5 
61 6.43755e-5 +/- 5.88482e-5
62 6.53444e-5 +/- 5.98119e-5
63 6.63135e-5 +/- 6.07759e-5
END dQ2
beta: 13.1591796875
nconf:  8192
nbatch:  128
BEGIN dQ2
 0 0 +/- 0
 1 0 +/- 0
 2 0 +/- 0
 3 0 +/- 0
 4 0 +/- 0
 5 0 +/- 0
 6 0 +/- 0
 7 0 +/- 0
 8 0 +/- 0
 9 0 +/- 0
10 0 +/- 0
11 0 +/- 0
12 0 +/- 0
13 0 +/- 0
14 0 +/- 0
15 0 +/- 0
16 0 +/- 0
17 0 +/- 0
18 0 +/- 0
19 0 +/- 0
20 0 +/- 0
21 0 +/- 0
22 0 +/- 0
23 0 +/- 0
24 0 +/- 0
25 0 +/- 0
26 0 +/- 0
27 0 +/- 0
28 0 +/- 0
29 0 +/- 0
30 0 +/- 0
31 0 +/- 0
32 0 +/- 0
33 0 +/- 0
34 0 +/- 0
35 0 +/- 0
36 0 +/- 0
37 0 +/- 0
38 0 +/- 0
39 0 +/- 0
40 0 +/- 0
41 0 +/- 0
42 0 +/- 0
43 0 +/- 0
44 0 +/- 0
45 0 +/- 0
46 0 +/- 0
47 0 +/- 0
48 0 +/- 0
49 0 +/- 0
50 0 +/- 0
51 0 +/- 0
52 0 +/- 0
53 0 +/- 0
54 0 +/- 0
55 0 +/- 0
56 0 +/- 0
57 0 +/- 0
58 0 +/- 0
59 0 +/- 0
60 0 +/- 0
61 0 +/- 0
62 0 +/- 0
63 0 +/- 0
END dQ2
beta: 14.35546875
nconf:  8192
nbatch:  128
BEGIN dQ2
 0 0 +/- 0
 1 0 +/- 0
 2 0 +/- 0
 3 0 +/- 0
 4 0 +/- 0
 5 0 +/- 0
 6 0 +/- 0
 7 0 +/- 0
 8 0 +/- 0
 9 0 +/- 0
10 0 +/- 0
11 0 +/- 0
12 0 +/- 0
13 0 +/- 0
14 0 +/- 0
15 0 +/- 0
16 0 +/- 0
17 0 +/- 0
18 0 +/- 0
19 0 +/- 0
20 0 +/- 0
21 0 +/- 0
22 0 +/- 0
23 0 +/- 0
24 0 +/- 0
25 0 +/- 0
26 0 +/- 0
27 0 +/- 0
28 0 +/- 0
29 0 +/- 0
30 0 +/- 0
31 0 +/- 0
32 0 +/- 0
33 0 +/- 0
34 0 +/- 0
35 0 +/- 0
36 0 +/- 0
37 0 +/- 0
38 0 +/- 0
39 0 +/- 0
40 0 +/- 0
41 0 +/- 0
42 0 +/- 0
43 0 +/- 0
44 0 +/- 0
45 0 +/- 0
46 0 +/- 0
47 0 +/- 0
48 0 +/- 0
49 0 +/- 0
50 0 +/- 0
51 0 +/- 0
52 0 +/- 0
53 0 +/- 0
54 0 +/- 0
55 0 +/- 0
56 0 +/- 0
57 0 +/- 0
58 0 +/- 0
59 0 +/- 0
60 0 +/- 0
61 0 +/- 0
62 0 +/- 0
63 0 +/- 0
END dQ2
beta: 15.5517578125
nconf:  8192
nbatch:  128
BEGIN dQ2
 0 0 +/- 0
 1 0 +/- 0
 2 0 +/- 0
 3 0 +/- 0
 4 0 +/- 0
 5 0 +/- 0
 6 0 +/- 0
 7 0 +/- 0
 8 0 +/- 0
 9 0 +/- 0
10 0 +/- 0
11 0 +/- 0
12 0 +/- 0
13 0 +/- 0
14 0 +/- 0
15 0 +/- 0
16 0 +/- 0
17 0 +/- 0
18 0 +/- 0
19 0 +/- 0
20 0 +/- 0
21 0 +/- 0
22 0 +/- 0
23 0 +/- 0
24 0 +/- 0
25 0 +/- 0
26 0 +/- 0
27 0 +/- 0
28 0 +/- 0
29 0 +/- 0
30 0 +/- 0
31 0 +/- 0
32 0 +/- 0
33 0 +/- 0
34 0 +/- 0
35 0 +/- 0
36 0 +/- 0
37 0 +/- 0
38 0 +/- 0
39 0 +/- 0
40 0 +/- 0
41 0 +/- 0
42 0 +/- 0
43 0 +/- 0
44 0 +/- 0
45 0 +/- 0
46 0 +/- 0
47 0 +/- 0
48 0 +/- 0
49 0 +/- 0
50 0 +/- 0
51 0 +/- 0
52 0 +/- 0
53 0 +/- 0
54 0 +/- 0
55 0 +/- 0
56 0 +/- 0
57 0 +/- 0
58 0 +/- 0
59 0 +/- 0
60 0 +/- 0
61 0 +/- 0
62 0 +/- 0
63 0 +/- 0
END dQ2
