
# File: ../s_hmc_l72_params.log
beta: 1.265625
nconf:  8192
nbatch:  128
BEGIN dQ2
 0 0 +/- 0             
 1 328.376 +/- 0.620661
 2 337.007 +/- 0.613198
 3 342.586 +/- 0.639571
 4 343.012 +/- 0.624151
 5 343.728 +/- 0.576796
 6 343.543 +/- 0.62722 
 7 343.304 +/- 0.695152
 8 343.551 +/- 0.644643
 9 343.857 +/- 0.585734
10 343.998 +/- 0.629909
11 343.486 +/- 0.637799
12 343.68 +/- 0.668266 
13 343.524 +/- 0.630066
14 343.089 +/- 0.594302
15 343.249 +/- 0.622048
16 342.846 +/- 0.643539
17 343.449 +/- 0.640887
18 344.045 +/- 0.614759
19 343.414 +/- 0.616433
20 343.51 +/- 0.606309 
21 343.714 +/- 0.683939
22 343.229 +/- 0.614061
23 343.316 +/- 0.649795
24 342.778 +/- 0.616669
25 343.222 +/- 0.639803
26 342.916 +/- 0.625118
27 343.612 +/- 0.614099
28 343.213 +/- 0.643066
29 343.222 +/- 0.646961
30 343.625 +/- 0.593957
31 342.854 +/- 0.576918
32 343.566 +/- 0.596039
33 343.478 +/- 0.594908
34 343.438 +/- 0.636016
35 342.671 +/- 0.599299
36 343.185 +/- 0.600606
37 343.411 +/- 0.641649
38 343.131 +/- 0.662608
39 343.773 +/- 0.633349
40 343.005 +/- 0.637277
41 343.335 +/- 0.657423
42 343.238 +/- 0.623604
43 343.841 +/- 0.634874
44 343.094 +/- 0.625433
45 342.609 +/- 0.602741
46 343.294 +/- 0.687475
47 343.522 +/- 0.564949
48 343.182 +/- 0.667996
49 343.712 +/- 0.588178
50 343.005 +/- 0.615369
51 343.431 +/- 0.620977
52 343.617 +/- 0.602489
53 343.672 +/- 0.643199
54 343.505 +/- 0.63111 
55 343.536 +/- 0.648942
56 343.043 +/- 0.628539
57 343.743 +/- 0.631361
58 343.649 +/- 0.620721
59 343.57 +/- 0.610663 
60 343.566 +/- 0.619793
61 343.293 +/- 0.666166
62 343.31 +/- 0.67638  
63 343.684 +/- 0.662181
END dQ2
beta: 2.53125
nconf:  8192
nbatch:  128
BEGIN dQ2
 0 0 +/- 0             
 1 82.1682 +/- 0.157272
 2 115.66 +/- 0.207726 
 3 130.951 +/- 0.251972
 4 138.481 +/- 0.295876
 5 142.005 +/- 0.318445
 6 143.795 +/- 0.333066
 7 144.582 +/- 0.345698
 8 145.114 +/- 0.334885
 9 145.485 +/- 0.326648
10 145.341 +/- 0.321124
11 145.227 +/- 0.318247
12 145.334 +/- 0.317832
13 145.574 +/- 0.332282
14 145.609 +/- 0.328679
15 145.478 +/- 0.330492
16 145.686 +/- 0.32729 
17 145.504 +/- 0.3248  
18 145.431 +/- 0.328803
19 145.527 +/- 0.331539
20 145.406 +/- 0.3203  
21 145.208 +/- 0.307608
22 145.13 +/- 0.31243  
23 145.019 +/- 0.319272
24 145.075 +/- 0.329108
25 145.276 +/- 0.317067
26 145.564 +/- 0.310946
27 145.324 +/- 0.318728
28 145.397 +/- 0.346068
29 145.248 +/- 0.354846
30 145.437 +/- 0.346506
31 145.348 +/- 0.324855
32 145.436 +/- 0.3307  
33 145.391 +/- 0.321992
34 145.474 +/- 0.319506
35 145.237 +/- 0.321435
36 145.315 +/- 0.311847
37 145.348 +/- 0.326856
38 145.349 +/- 0.329007
39 145.409 +/- 0.32327 
40 145.442 +/- 0.326613
41 145.365 +/- 0.326342
42 145.135 +/- 0.327675
43 145.127 +/- 0.337807
44 145.344 +/- 0.342115
45 145.282 +/- 0.327891
46 145.39 +/- 0.331677 
47 145.385 +/- 0.313922
48 145.516 +/- 0.332523
49 145.35 +/- 0.337262 
50 145.29 +/- 0.329434 
51 145.257 +/- 0.326772
52 145.517 +/- 0.340683
53 145.401 +/- 0.355077
54 145.254 +/- 0.343939
55 145.3 +/- 0.330519  
56 145.353 +/- 0.334685
57 145.52 +/- 0.326448 
58 145.36 +/- 0.331204 
59 145.245 +/- 0.33312 
60 145.29 +/- 0.321437 
61 145.216 +/- 0.34194 
62 145.152 +/- 0.334786
63 145.461 +/- 0.339136
END dQ2
beta: 3.796875
nconf:  8192
nbatch:  128
BEGIN dQ2
 0 0 +/- 0              
 1 9.98876 +/- 0.0169205
 2 18.2956 +/- 0.0341543
 3 25.5846 +/- 0.0541043
 4 32.01 +/- 0.0764307  
 5 37.6968 +/- 0.0963386
 6 42.7375 +/- 0.115462 
 7 47.2038 +/- 0.134082 
 8 51.1447 +/- 0.153115 
 9 54.6651 +/- 0.171745 
10 57.8361 +/- 0.190682 
11 60.626 +/- 0.208756  
12 63.147 +/- 0.227276  
13 65.3713 +/- 0.244162 
14 67.3438 +/- 0.259664 
15 69.0946 +/- 0.274956 
16 70.6672 +/- 0.291086 
17 72.0921 +/- 0.304341 
18 73.325 +/- 0.315171  
19 74.4533 +/- 0.327924 
20 75.4347 +/- 0.338708 
21 76.3017 +/- 0.348802 
22 77.039 +/- 0.357449  
23 77.7125 +/- 0.364754 
24 78.2955 +/- 0.373626 
25 78.8007 +/- 0.382761 
26 79.2525 +/- 0.391648 
27 79.6854 +/- 0.399009 
28 80.0853 +/- 0.403667 
29 80.4197 +/- 0.40808  
30 80.7492 +/- 0.411813 
31 81.057 +/- 0.414771  
32 81.3359 +/- 0.417352 
33 81.59 +/- 0.421482   
34 81.8067 +/- 0.423371 
35 82.0218 +/- 0.425184 
36 82.1972 +/- 0.429247 
37 82.3283 +/- 0.432466 
38 82.4467 +/- 0.434384 
39 82.5563 +/- 0.435606 
40 82.6373 +/- 0.433466 
41 82.7454 +/- 0.429843 
42 82.849 +/- 0.425554  
43 82.9569 +/- 0.425972 
44 83.0316 +/- 0.427607 
45 83.0852 +/- 0.429609 
46 83.1427 +/- 0.431272 
47 83.1805 +/- 0.434971 
48 83.2155 +/- 0.438162 
49 83.2329 +/- 0.438362 
50 83.2846 +/- 0.440593 
51 83.3063 +/- 0.441124 
52 83.3402 +/- 0.442291 
53 83.3317 +/- 0.443553 
54 83.3442 +/- 0.445232 
55 83.3413 +/- 0.446252 
56 83.3694 +/- 0.447453 
57 83.3866 +/- 0.449242 
58 83.44 +/- 0.449839   
59 83.4553 +/- 0.448324 
60 83.476 +/- 0.44883   
61 83.5002 +/- 0.44975  
62 83.4873 +/- 0.450126 
63 83.4969 +/- 0.450054 
END dQ2
beta: 5.0625
nconf:  8192
nbatch:  128
BEGIN dQ2
 0 0 +/- 0                
 1 0.949502 +/- 0.00216037
 2 1.83689 +/- 0.00475638 
 3 2.70119 +/- 0.00758313 
 4 3.54918 +/- 0.010798   
 5 4.38896 +/- 0.0145499  
 6 5.21604 +/- 0.0186846  
 7 6.02827 +/- 0.0229168  
 8 6.82782 +/- 0.0273693  
 9 7.61829 +/- 0.0315956  
10 8.39849 +/- 0.0358625  
11 9.16833 +/- 0.04019    
12 9.92436 +/- 0.0450501  
13 10.6674 +/- 0.0502896  
14 11.3986 +/- 0.0555251  
15 12.1199 +/- 0.0610639  
16 12.8269 +/- 0.0667129  
17 13.5245 +/- 0.0723164  
18 14.2115 +/- 0.0780436  
19 14.8896 +/- 0.0840764  
20 15.5572 +/- 0.0901332  
21 16.2175 +/- 0.0963278  
22 16.8681 +/- 0.102306   
23 17.509 +/- 0.108468    
24 18.1405 +/- 0.114306   
25 18.7644 +/- 0.120465   
26 19.3788 +/- 0.126703   
27 19.9832 +/- 0.132661   
28 20.5805 +/- 0.1388     
29 21.1674 +/- 0.144898   
30 21.7454 +/- 0.150904   
31 22.3147 +/- 0.156822   
32 22.873 +/- 0.162882    
33 23.4253 +/- 0.168878   
34 23.9724 +/- 0.174818   
35 24.5097 +/- 0.18067    
36 25.0401 +/- 0.186647   
37 25.565 +/- 0.192648    
38 26.0798 +/- 0.198649   
39 26.5887 +/- 0.204914   
40 27.0907 +/- 0.211254   
41 27.5827 +/- 0.21776    
42 28.0687 +/- 0.224044   
43 28.5496 +/- 0.230734   
44 29.024 +/- 0.237164    
45 29.4918 +/- 0.243613   
46 29.9538 +/- 0.249976   
47 30.4071 +/- 0.256109   
48 30.8521 +/- 0.262048   
49 31.2888 +/- 0.268232   
50 31.7188 +/- 0.274556   
51 32.1449 +/- 0.280688   
52 32.5675 +/- 0.286929   
53 32.9824 +/- 0.292839   
54 33.3871 +/- 0.298631   
55 33.7863 +/- 0.304156   
56 34.1788 +/- 0.309448   
57 34.565 +/- 0.314828    
58 34.9466 +/- 0.32005    
59 35.3196 +/- 0.325431   
60 35.6878 +/- 0.330717   
61 36.0499 +/- 0.335944   
62 36.4056 +/- 0.341292   
63 36.7544 +/- 0.346521   
END dQ2
beta: 6.328125
nconf:  8192
nbatch:  128
BEGIN dQ2
 0 0 +/- 0                  
 1 0.0858202 +/- 0.000354439
 2 0.16785 +/- 0.000718236  
 3 0.24952 +/- 0.00113266   
 4 0.331013 +/- 0.00155784  
 5 0.412508 +/- 0.00198269  
 6 0.493726 +/- 0.00241313  
 7 0.574704 +/- 0.00285546  
 8 0.655616 +/- 0.00330948  
 9 0.736524 +/- 0.00376624  
10 0.817324 +/- 0.00425454  
11 0.898137 +/- 0.00476736  
12 0.978925 +/- 0.00527499  
13 1.0596 +/- 0.00582454    
14 1.14013 +/- 0.006421     
15 1.22068 +/- 0.00702709   
16 1.30107 +/- 0.00764724   
17 1.38116 +/- 0.00827985   
18 1.46092 +/- 0.00892035   
19 1.54052 +/- 0.00957745   
20 1.61995 +/- 0.010254     
21 1.69892 +/- 0.0109683    
22 1.77791 +/- 0.0116893    
23 1.85712 +/- 0.0124277    
24 1.93601 +/- 0.0131608    
25 2.01493 +/- 0.0138951    
26 2.09381 +/- 0.0146327    
27 2.17248 +/- 0.0153605    
28 2.25133 +/- 0.0161117    
29 2.33012 +/- 0.0168732    
30 2.40862 +/- 0.0176389    
31 2.48678 +/- 0.0183986    
32 2.5654 +/- 0.0191906     
33 2.64385 +/- 0.0199983    
34 2.72231 +/- 0.020834     
35 2.80084 +/- 0.0216918    
36 2.87939 +/- 0.0225471    
37 2.95755 +/- 0.0234138    
38 3.03533 +/- 0.0243014    
39 3.11322 +/- 0.0251848    
40 3.19098 +/- 0.0260542    
41 3.26892 +/- 0.0269384    
42 3.34691 +/- 0.0278289    
43 3.42498 +/- 0.0287151    
44 3.50285 +/- 0.0296095    
45 3.58083 +/- 0.0305033    
46 3.65856 +/- 0.0313837    
47 3.73603 +/- 0.0322599    
48 3.81329 +/- 0.0331317    
49 3.89011 +/- 0.0340075    
50 3.9669 +/- 0.0348762     
51 4.04346 +/- 0.0357412    
52 4.12 +/- 0.0366042       
53 4.19657 +/- 0.0374785    
54 4.27328 +/- 0.0383838    
55 4.34961 +/- 0.0393156    
56 4.42547 +/- 0.0402535    
57 4.50129 +/- 0.0411758    
58 4.5769 +/- 0.0421008     
59 4.65253 +/- 0.0430311    
60 4.72792 +/- 0.0439531    
61 4.80333 +/- 0.0448734    
62 4.87846 +/- 0.0458114    
63 4.95363 +/- 0.0467528    
END dQ2
beta: 7.59375
nconf:  8192
nbatch:  128
BEGIN dQ2
 0 0 +/- 0                  
 1 0.00768088 +/- 9.65076e-5
 2 0.0150746 +/- 0.000190002
 3 0.0224444 +/- 0.000282338
 4 0.0298102 +/- 0.000377051
 5 0.037196 +/- 0.000471061 
 6 0.0445416 +/- 0.000565562
 7 0.0518784 +/- 0.00066034 
 8 0.0592238 +/- 0.000756793
 9 0.0665786 +/- 0.000854564
10 0.0739466 +/- 0.000954671
11 0.0813212 +/- 0.00105683 
12 0.0887034 +/- 0.00115912 
13 0.0960778 +/- 0.00126167 
14 0.103437 +/- 0.00136447  
15 0.1108 +/- 0.00146935    
16 0.118175 +/- 0.00157484  
17 0.125553 +/- 0.00168206  
18 0.132931 +/- 0.00179103  
19 0.1403 +/- 0.00189983    
20 0.147677 +/- 0.00200559  
21 0.155057 +/- 0.00211174  
22 0.162438 +/- 0.00221751  
23 0.169798 +/- 0.00232237  
24 0.177144 +/- 0.00242793  
25 0.184472 +/- 0.00253191  
26 0.191799 +/- 0.00263522  
27 0.199122 +/- 0.00274165  
28 0.206448 +/- 0.00284764  
29 0.213776 +/- 0.00295281  
30 0.221083 +/- 0.00305979  
31 0.228379 +/- 0.0031671   
32 0.235672 +/- 0.00327632  
33 0.242961 +/- 0.00338339  
34 0.250257 +/- 0.00348916  
35 0.257545 +/- 0.00359421  
36 0.264834 +/- 0.00370023  
37 0.27211 +/- 0.00380872   
38 0.27938 +/- 0.00391957   
39 0.286658 +/- 0.00403026  
40 0.293943 +/- 0.00414386  
41 0.301206 +/- 0.00425655  
42 0.308474 +/- 0.00436911  
43 0.315746 +/- 0.00448017  
44 0.323006 +/- 0.00459007  
45 0.330275 +/- 0.00469873  
46 0.337538 +/- 0.00480899  
47 0.344798 +/- 0.00491975  
48 0.352053 +/- 0.00503097  
49 0.359308 +/- 0.00514381  
50 0.366571 +/- 0.00525754  
51 0.373803 +/- 0.00537011  
52 0.381023 +/- 0.0054814   
53 0.388255 +/- 0.00559324  
54 0.395493 +/- 0.00570741  
55 0.402714 +/- 0.00582253  
56 0.40993 +/- 0.00593593   
57 0.417139 +/- 0.00604923  
58 0.424357 +/- 0.00616364  
59 0.431576 +/- 0.00627957  
60 0.438804 +/- 0.00639508  
61 0.446037 +/- 0.00650842  
62 0.453277 +/- 0.00662352  
63 0.460518 +/- 0.00673936  
END dQ2
beta: 8.859375
nconf:  8192
nbatch:  128
BEGIN dQ2
 0 0 +/- 0                   
 1 0.000658116 +/- 2.63013e-5
 2 0.00131067 +/- 5.1952e-5  
 3 0.00196147 +/- 7.72982e-5 
 4 0.00261244 +/- 0.00010276 
 5 0.00326547 +/- 0.000128405
 6 0.00391579 +/- 0.000153863
 7 0.00456628 +/- 0.00017926 
 8 0.00521692 +/- 0.000204728
 9 0.00586773 +/- 0.000230245
10 0.00651869 +/- 0.0002558  
11 0.00717172 +/- 0.000281724
12 0.00782683 +/- 0.000307735
13 0.00848209 +/- 0.000333784
14 0.00913751 +/- 0.000359863
15 0.00979118 +/- 0.000385854
16 0.0104431 +/- 0.000411758 
17 0.0110971 +/- 0.000438089 
18 0.0117532 +/- 0.000464443 
19 0.0124094 +/- 0.00049084  
20 0.0130648 +/- 0.000517324 
21 0.0137242 +/- 0.000544086 
22 0.0143876 +/- 0.0005717   
23 0.0150521 +/- 0.000599317 
24 0.0157168 +/- 0.000626981 
25 0.0163817 +/- 0.000654688 
26 0.0170438 +/- 0.000682368 
27 0.017708 +/- 0.000710564  
28 0.0183743 +/- 0.000739042 
29 0.0190388 +/- 0.000767189 
30 0.0197035 +/- 0.000795396 
31 0.0203684 +/- 0.000823658 
32 0.0210334 +/- 0.000851971 
33 0.0216986 +/- 0.000880329 
34 0.0223601 +/- 0.000908371 
35 0.0230209 +/- 0.000936467 
36 0.0236789 +/- 0.000964355 
37 0.0243332 +/- 0.000992269 
38 0.0249877 +/- 0.00102024  
39 0.0256424 +/- 0.00104825  
40 0.0262991 +/- 0.00107629  
41 0.026956 +/- 0.00110437   
42 0.0276131 +/- 0.0011325   
43 0.0282703 +/- 0.00116067  
44 0.0289296 +/- 0.00118885  
45 0.0295882 +/- 0.00121702  
46 0.0302468 +/- 0.00124522  
47 0.0309028 +/- 0.00127346  
48 0.0315589 +/- 0.00130174  
49 0.0322152 +/- 0.00133022  
50 0.0328716 +/- 0.00135873  
51 0.0335282 +/- 0.00138729  
52 0.034185 +/- 0.0014159    
53 0.0348419 +/- 0.00144454  
54 0.035499 +/- 0.00147322   
55 0.0361581 +/- 0.00150212  
56 0.0368175 +/- 0.00153106  
57 0.0374789 +/- 0.00156001  
58 0.0381404 +/- 0.001589    
59 0.0388012 +/- 0.00161807  
60 0.0394622 +/- 0.00164718  
61 0.0401194 +/- 0.00167604  
62 0.0407768 +/- 0.00170494  
63 0.0414344 +/- 0.00173387  
END dQ2
beta: 10.125
nconf:  8192
nbatch:  128
BEGIN dQ2
 0 0 +/- 0                    
 1 4.76895e-5 +/- 7.56811e-6  
 2 9.15751e-5 +/- 1.35433e-5  
 3 0.000135471 +/- 1.96394e-5 
 4 0.000179378 +/- 2.57719e-5 
 5 0.000223296 +/- 3.19207e-5 
 6 0.000267225 +/- 3.80786e-5 
 7 0.000311164 +/- 4.42425e-5 
 8 0.000355114 +/- 5.04107e-5 
 9 0.000399074 +/- 5.65822e-5 
10 0.000443046 +/- 6.27567e-5 
11 0.000487028 +/- 6.89336e-5 
12 0.000531021 +/- 7.51127e-5 
13 0.000575024 +/- 8.1294e-5  
14 0.000619039 +/- 8.74772e-5 
15 0.000663064 +/- 9.36622e-5 
16 0.0007071 +/- 9.98491e-5   
17 0.000751147 +/- 0.000106038
18 0.000795204 +/- 0.000112228
19 0.000839273 +/- 0.00011842 
20 0.000883352 +/- 0.000124614
21 0.000927442 +/- 0.000130809
22 0.000971542 +/- 0.000137006
23 0.00101565 +/- 0.000143205 
24 0.00105978 +/- 0.000149405 
25 0.00110391 +/- 0.000155607 
26 0.00114805 +/- 0.00016181  
27 0.00119221 +/- 0.000168015 
28 0.00123637 +/- 0.000174221 
29 0.00128055 +/- 0.000180429 
30 0.00132474 +/- 0.000186639 
31 0.00136893 +/- 0.00019285  
32 0.00141314 +/- 0.000199063 
33 0.00145736 +/- 0.000205277 
34 0.00150159 +/- 0.000211493 
35 0.00154583 +/- 0.000217711 
36 0.00159009 +/- 0.000223929 
37 0.00163435 +/- 0.00023015  
38 0.00167862 +/- 0.000236372 
39 0.00172291 +/- 0.000242596 
40 0.0017672 +/- 0.000248821  
41 0.00181151 +/- 0.000255047 
42 0.00185583 +/- 0.000261276 
43 0.00190016 +/- 0.000267505 
44 0.0019445 +/- 0.000273737  
45 0.00198885 +/- 0.000279969 
46 0.00203321 +/- 0.000286204 
47 0.00207758 +/- 0.00029244  
48 0.00212196 +/- 0.000298677 
49 0.00216635 +/- 0.000304916 
50 0.00221076 +/- 0.000311157 
51 0.00225517 +/- 0.000317399 
52 0.0022996 +/- 0.000323642  
53 0.00234404 +/- 0.000329888 
54 0.00238849 +/- 0.000336134 
55 0.00243295 +/- 0.000342383 
56 0.00247742 +/- 0.000348632 
57 0.0025219 +/- 0.000354884  
58 0.00256639 +/- 0.000361137 
59 0.00261089 +/- 0.000367391 
60 0.0026554 +/- 0.000373647  
61 0.00269993 +/- 0.000379904 
62 0.00274446 +/- 0.000386163 
63 0.00278901 +/- 0.000392424 
END dQ2
beta: 11.390625
nconf:  8192
nbatch:  128
BEGIN dQ2
 0 0 +/- 0                    
 1 7.63033e-6 +/- 2.95133e-6  
 2 1.52625e-5 +/- 5.90338e-6  
 3 2.28966e-5 +/- 8.85616e-6  
 4 3.05325e-5 +/- 1.18097e-5  
 5 3.81703e-5 +/- 1.47639e-5  
 6 4.58099e-5 +/- 1.77188e-5  
 7 5.34514e-5 +/- 2.06745e-5  
 8 6.10948e-5 +/- 2.36308e-5  
 9 6.87401e-5 +/- 2.6588e-5   
10 7.63872e-5 +/- 2.95458e-5  
11 8.40362e-5 +/- 3.25043e-5  
12 9.1687e-5 +/- 3.54636e-5   
13 9.93398e-5 +/- 3.84236e-5  
14 0.000106994 +/- 4.13843e-5 
15 0.000114651 +/- 4.43458e-5 
16 0.000122309 +/- 4.73079e-5 
17 0.000129969 +/- 5.02708e-5 
18 0.000137632 +/- 5.32345e-5 
19 0.000145295 +/- 5.61988e-5 
20 0.000152961 +/- 5.91639e-5 
21 0.000160629 +/- 6.21297e-5 
22 0.000168299 +/- 6.50962e-5 
23 0.00017597 +/- 6.80634e-5  
24 0.000183643 +/- 7.10314e-5 
25 0.000191319 +/- 7.40001e-5 
26 0.000198996 +/- 7.69695e-5 
27 0.000206675 +/- 7.99397e-5 
28 0.000214356 +/- 8.29106e-5 
29 0.000222038 +/- 8.58822e-5 
30 0.000229723 +/- 8.88545e-5 
31 0.00023741 +/- 9.18276e-5  
32 0.000245098 +/- 9.48014e-5 
33 0.000252788 +/- 9.77759e-5 
34 0.000260481 +/- 0.000100751
35 0.000268175 +/- 0.000103727
36 0.000275871 +/- 0.000106704
37 0.000283568 +/- 0.000109681
38 0.000291268 +/- 0.00011266 
39 0.00029897 +/- 0.000115638 
40 0.000306673 +/- 0.000118618
41 0.000314379 +/- 0.000121598
42 0.000322086 +/- 0.00012458 
43 0.000329795 +/- 0.000127561
44 0.000337506 +/- 0.000130544
45 0.000345219 +/- 0.000133527
46 0.000352934 +/- 0.000136511
47 0.000360651 +/- 0.000139496
48 0.000368369 +/- 0.000142481
49 0.00037609 +/- 0.000145468 
50 0.000383812 +/- 0.000148455
51 0.000391537 +/- 0.000151442
52 0.000399263 +/- 0.000154431
53 0.000406991 +/- 0.00015742 
54 0.000414721 +/- 0.00016041 
55 0.000422453 +/- 0.0001634  
56 0.000430187 +/- 0.000166392
57 0.000437923 +/- 0.000169384
58 0.00044566 +/- 0.000172377 
59 0.0004534 +/- 0.00017537   
60 0.000461141 +/- 0.000178365
61 0.000468885 +/- 0.00018136 
62 0.00047663 +/- 0.000184356 
63 0.000484377 +/- 0.000187352
END dQ2
beta: 12.65625
nconf:  8192
nbatch:  128
BEGIN dQ2
 0 0 +/- 0
 1 0 +/- 0
 2 0 +/- 0
 3 0 +/- 0
 4 0 +/- 0
 5 0 +/- 0
 6 0 +/- 0
 7 0 +/- 0
 8 0 +/- 0
 9 0 +/- 0
10 0 +/- 0
11 0 +/- 0
12 0 +/- 0
13 0 +/- 0
14 0 +/- 0
15 0 +/- 0
16 0 +/- 0
17 0 +/- 0
18 0 +/- 0
19 0 +/- 0
20 0 +/- 0
21 0 +/- 0
22 0 +/- 0
23 0 +/- 0
24 0 +/- 0
25 0 +/- 0
26 0 +/- 0
27 0 +/- 0
28 0 +/- 0
29 0 +/- 0
30 0 +/- 0
31 0 +/- 0
32 0 +/- 0
33 0 +/- 0
34 0 +/- 0
35 0 +/- 0
36 0 +/- 0
37 0 +/- 0
38 0 +/- 0
39 0 +/- 0
40 0 +/- 0
41 0 +/- 0
42 0 +/- 0
43 0 +/- 0
44 0 +/- 0
45 0 +/- 0
46 0 +/- 0
47 0 +/- 0
48 0 +/- 0
49 0 +/- 0
50 0 +/- 0
51 0 +/- 0
52 0 +/- 0
53 0 +/- 0
54 0 +/- 0
55 0 +/- 0
56 0 +/- 0
57 0 +/- 0
58 0 +/- 0
59 0 +/- 0
60 0 +/- 0
61 0 +/- 0
62 0 +/- 0
63 0 +/- 0
END dQ2
beta: 13.921875
nconf:  8192
nbatch:  128
BEGIN dQ2
 0 0 +/- 0
 1 0 +/- 0
 2 0 +/- 0
 3 0 +/- 0
 4 0 +/- 0
 5 0 +/- 0
 6 0 +/- 0
 7 0 +/- 0
 8 0 +/- 0
 9 0 +/- 0
10 0 +/- 0
11 0 +/- 0
12 0 +/- 0
13 0 +/- 0
14 0 +/- 0
15 0 +/- 0
16 0 +/- 0
17 0 +/- 0
18 0 +/- 0
19 0 +/- 0
20 0 +/- 0
21 0 +/- 0
22 0 +/- 0
23 0 +/- 0
24 0 +/- 0
25 0 +/- 0
26 0 +/- 0
27 0 +/- 0
28 0 +/- 0
29 0 +/- 0
30 0 +/- 0
31 0 +/- 0
32 0 +/- 0
33 0 +/- 0
34 0 +/- 0
35 0 +/- 0
36 0 +/- 0
37 0 +/- 0
38 0 +/- 0
39 0 +/- 0
40 0 +/- 0
41 0 +/- 0
42 0 +/- 0
43 0 +/- 0
44 0 +/- 0
45 0 +/- 0
46 0 +/- 0
47 0 +/- 0
48 0 +/- 0
49 0 +/- 0
50 0 +/- 0
51 0 +/- 0
52 0 +/- 0
53 0 +/- 0
54 0 +/- 0
55 0 +/- 0
56 0 +/- 0
57 0 +/- 0
58 0 +/- 0
59 0 +/- 0
60 0 +/- 0
61 0 +/- 0
62 0 +/- 0
63 0 +/- 0
END dQ2
beta: 15.1875
nconf:  8192
nbatch:  128
BEGIN dQ2
 0 0 +/- 0
 1 0 +/- 0
 2 0 +/- 0
 3 0 +/- 0
 4 0 +/- 0
 5 0 +/- 0
 6 0 +/- 0
 7 0 +/- 0
 8 0 +/- 0
 9 0 +/- 0
10 0 +/- 0
11 0 +/- 0
12 0 +/- 0
13 0 +/- 0
14 0 +/- 0
15 0 +/- 0
16 0 +/- 0
17 0 +/- 0
18 0 +/- 0
19 0 +/- 0
20 0 +/- 0
21 0 +/- 0
22 0 +/- 0
23 0 +/- 0
24 0 +/- 0
25 0 +/- 0
26 0 +/- 0
27 0 +/- 0
28 0 +/- 0
29 0 +/- 0
30 0 +/- 0
31 0 +/- 0
32 0 +/- 0
33 0 +/- 0
34 0 +/- 0
35 0 +/- 0
36 0 +/- 0
37 0 +/- 0
38 0 +/- 0
39 0 +/- 0
40 0 +/- 0
41 0 +/- 0
42 0 +/- 0
43 0 +/- 0
44 0 +/- 0
45 0 +/- 0
46 0 +/- 0
47 0 +/- 0
48 0 +/- 0
49 0 +/- 0
50 0 +/- 0
51 0 +/- 0
52 0 +/- 0
53 0 +/- 0
54 0 +/- 0
55 0 +/- 0
56 0 +/- 0
57 0 +/- 0
58 0 +/- 0
59 0 +/- 0
60 0 +/- 0
61 0 +/- 0
62 0 +/- 0
63 0 +/- 0
END dQ2
beta: 16.453125
nconf:  8192
nbatch:  128
BEGIN dQ2
 0 0 +/- 0
 1 0 +/- 0
 2 0 +/- 0
 3 0 +/- 0
 4 0 +/- 0
 5 0 +/- 0
 6 0 +/- 0
 7 0 +/- 0
 8 0 +/- 0
 9 0 +/- 0
10 0 +/- 0
11 0 +/- 0
12 0 +/- 0
13 0 +/- 0
14 0 +/- 0
15 0 +/- 0
16 0 +/- 0
17 0 +/- 0
18 0 +/- 0
19 0 +/- 0
20 0 +/- 0
21 0 +/- 0
22 0 +/- 0
23 0 +/- 0
24 0 +/- 0
25 0 +/- 0
26 0 +/- 0
27 0 +/- 0
28 0 +/- 0
29 0 +/- 0
30 0 +/- 0
31 0 +/- 0
32 0 +/- 0
33 0 +/- 0
34 0 +/- 0
35 0 +/- 0
36 0 +/- 0
37 0 +/- 0
38 0 +/- 0
39 0 +/- 0
40 0 +/- 0
41 0 +/- 0
42 0 +/- 0
43 0 +/- 0
44 0 +/- 0
45 0 +/- 0
46 0 +/- 0
47 0 +/- 0
48 0 +/- 0
49 0 +/- 0
50 0 +/- 0
51 0 +/- 0
52 0 +/- 0
53 0 +/- 0
54 0 +/- 0
55 0 +/- 0
56 0 +/- 0
57 0 +/- 0
58 0 +/- 0
59 0 +/- 0
60 0 +/- 0
61 0 +/- 0
62 0 +/- 0
63 0 +/- 0
END dQ2
