
# File: ../s_hmc_l128_params.log
beta: 1
nconf:  8192
nbatch:  128
BEGIN dQ2
 0 0 +/- 0            
 1 1218.92 +/- 2.47616
 2 1301.4 +/- 2.42585 
 3 1326.7 +/- 2.2658  
 4 1327.34 +/- 2.53274
 5 1332.63 +/- 2.64873
 6 1331.9 +/- 2.4456  
 7 1331.14 +/- 2.75173
 8 1332.57 +/- 2.42408
 9 1330.26 +/- 2.48079
10 1330.81 +/- 2.36952
11 1329.72 +/- 2.58467
12 1328.58 +/- 2.53844
13 1328.16 +/- 2.54356
14 1332.12 +/- 2.47339
15 1332.2 +/- 2.60218 
16 1332.64 +/- 2.62857
17 1331.01 +/- 2.60284
18 1330.39 +/- 2.47279
19 1331.21 +/- 2.26737
20 1329.79 +/- 2.39252
21 1330.45 +/- 2.69955
22 1330.2 +/- 2.65085 
23 1330.82 +/- 2.5073 
24 1331.01 +/- 2.37685
25 1329.36 +/- 2.27899
26 1330.2 +/- 2.49293 
27 1329.36 +/- 2.21259
28 1332.28 +/- 2.19861
29 1330.46 +/- 2.24605
30 1330.77 +/- 2.37454
31 1329.7 +/- 2.28922 
32 1331.42 +/- 2.35867
33 1330.54 +/- 2.54764
34 1331.41 +/- 2.66777
35 1331.01 +/- 2.45344
36 1330.23 +/- 2.47565
37 1331.66 +/- 2.35582
38 1333.15 +/- 2.58519
39 1329.69 +/- 2.45707
40 1329.66 +/- 2.48155
41 1332.42 +/- 2.56251
42 1331.42 +/- 2.52595
43 1331.88 +/- 2.39271
44 1331.27 +/- 2.46126
45 1331.95 +/- 2.51849
46 1332.44 +/- 2.56703
47 1331.1 +/- 2.5551  
48 1329.32 +/- 2.5641 
49 1329.4 +/- 2.65417 
50 1329.62 +/- 2.52853
51 1331.65 +/- 2.48525
52 1331.58 +/- 2.73474
53 1329.99 +/- 2.51599
54 1330.3 +/- 2.51903 
55 1330.34 +/- 2.51253
56 1328.73 +/- 2.52685
57 1329.91 +/- 2.36447
58 1327.9 +/- 2.46165 
59 1330.3 +/- 2.38077 
60 1331.01 +/- 2.17292
61 1331.97 +/- 2.54224
62 1331.7 +/- 2.52265 
63 1331.27 +/- 2.66253
END dQ2
beta: 2
nconf:  8192
nbatch:  128
BEGIN dQ2
 0 0 +/- 0            
 1 493.662 +/- 1.03926
 2 593.149 +/- 1.19263
 3 621.384 +/- 1.17568
 4 630.213 +/- 1.19236
 5 632.259 +/- 1.23054
 6 634.081 +/- 1.26518
 7 634.52 +/- 1.19451 
 8 634.408 +/- 1.2468 
 9 634.235 +/- 1.24375
10 634.174 +/- 1.21189
11 634.996 +/- 1.27503
12 633.903 +/- 1.36523
13 634.223 +/- 1.27855
14 633.968 +/- 1.29728
15 633.912 +/- 1.27463
16 635.165 +/- 1.25202
17 635.024 +/- 1.20218
18 635.243 +/- 1.19835
19 635.109 +/- 1.32524
20 635.437 +/- 1.28506
21 635.411 +/- 1.2178 
22 633.938 +/- 1.25052
23 634.011 +/- 1.22732
24 634.439 +/- 1.20557
25 634.507 +/- 1.259  
26 635.297 +/- 1.26963
27 635.181 +/- 1.32931
28 634.914 +/- 1.32996
29 635.135 +/- 1.29372
30 634.977 +/- 1.1352 
31 633.86 +/- 1.25348 
32 633.857 +/- 1.35318
33 634.1 +/- 1.29922  
34 634.215 +/- 1.3066 
35 633.928 +/- 1.21436
36 633.137 +/- 1.27089
37 632.998 +/- 1.33141
38 634.293 +/- 1.2602 
39 634.757 +/- 1.18917
40 634.211 +/- 1.22099
41 633.894 +/- 1.26941
42 633.107 +/- 1.24808
43 633.246 +/- 1.28718
44 634.031 +/- 1.32835
45 633.638 +/- 1.35101
46 633.603 +/- 1.32393
47 634.88 +/- 1.31473 
48 635.201 +/- 1.27229
49 634.431 +/- 1.27344
50 634.762 +/- 1.18738
51 634.803 +/- 1.21865
52 634.93 +/- 1.23929 
53 635.221 +/- 1.21883
54 634.672 +/- 1.22435
55 634.023 +/- 1.25756
56 633.52 +/- 1.3186  
57 633.509 +/- 1.3041 
58 634.431 +/- 1.28263
59 634.61 +/- 1.33796 
60 633.418 +/- 1.26912
61 634.2 +/- 1.22558  
62 633.849 +/- 1.28364
63 633.531 +/- 1.29822
END dQ2
beta: 3
nconf:  8192
nbatch:  128
BEGIN dQ2
 0 0 +/- 0             
 1 125.85 +/- 0.223539 
 2 202.415 +/- 0.349579
 3 252.941 +/- 0.469001
 4 287.252 +/- 0.570506
 5 310.956 +/- 0.669844
 6 326.865 +/- 0.788168
 7 337.776 +/- 0.899314
 8 344.838 +/- 0.966101
 9 349.916 +/- 0.983911
10 353.302 +/- 0.979646
11 355.921 +/- 0.994893
12 357.464 +/- 1.00445 
13 358.531 +/- 0.989212
14 359.431 +/- 0.979118
15 360.164 +/- 0.985841
16 360.745 +/- 0.991338
17 361.155 +/- 0.988327
18 361.386 +/- 1.00288 
19 361.406 +/- 0.991635
20 361.683 +/- 0.996231
21 361.696 +/- 0.971179
22 362.228 +/- 0.968106
23 362.51 +/- 0.93957  
24 362.713 +/- 0.958775
25 362.823 +/- 0.968936
26 362.591 +/- 0.997468
27 362.522 +/- 0.996524
28 361.985 +/- 1.0244  
29 361.81 +/- 1.05828  
30 361.798 +/- 1.06455 
31 361.804 +/- 1.04022 
32 361.755 +/- 1.00709 
33 361.698 +/- 0.986873
34 361.919 +/- 0.965659
35 362.179 +/- 0.94527 
36 361.76 +/- 0.934236 
37 361.498 +/- 0.956632
38 361.366 +/- 0.952049
39 361.252 +/- 0.955687
40 361.208 +/- 0.962442
41 361.331 +/- 0.968405
42 361.555 +/- 0.990935
43 361.582 +/- 1.01966 
44 361.491 +/- 1.01379 
45 361.467 +/- 1.03862 
46 361.616 +/- 1.04217 
47 361.873 +/- 1.0646  
48 362.212 +/- 1.05475 
49 362.297 +/- 1.02906 
50 362.217 +/- 0.985184
51 362.072 +/- 0.964139
52 362.415 +/- 0.982419
53 362.075 +/- 1.0442  
54 361.932 +/- 1.069   
55 362.132 +/- 1.11245 
56 362.035 +/- 1.09805 
57 362.181 +/- 1.09019 
58 361.875 +/- 1.082   
59 361.483 +/- 1.06133 
60 361.478 +/- 1.0587  
61 361.431 +/- 1.05935 
62 361.57 +/- 1.05902  
63 361.288 +/- 1.05095 
END dQ2
beta: 4
nconf:  8192
nbatch:  128
BEGIN dQ2
 0 0 +/- 0              
 1 21.6016 +/- 0.03448  
 2 40.2579 +/- 0.0738573
 3 57.1836 +/- 0.11812  
 4 72.647 +/- 0.159478  
 5 86.8878 +/- 0.206634 
 6 99.9267 +/- 0.260224 
 7 111.888 +/- 0.316129 
 8 122.868 +/- 0.369754 
 9 132.929 +/- 0.420853 
10 142.163 +/- 0.470315 
11 150.65 +/- 0.521058  
12 158.479 +/- 0.5693   
13 165.671 +/- 0.618215 
14 172.282 +/- 0.667248 
15 178.321 +/- 0.719219 
16 183.806 +/- 0.766884 
17 188.856 +/- 0.816252 
18 193.536 +/- 0.864017 
19 197.854 +/- 0.906406 
20 201.77 +/- 0.945053  
21 205.419 +/- 0.981195 
22 208.836 +/- 1.01367  
23 212.018 +/- 1.04329  
24 214.975 +/- 1.07116  
25 217.662 +/- 1.09145  
26 220.244 +/- 1.10227  
27 222.648 +/- 1.11694  
28 224.857 +/- 1.12881  
29 226.835 +/- 1.13252  
30 228.588 +/- 1.13682  
31 230.132 +/- 1.14292  
32 231.599 +/- 1.15118  
33 232.918 +/- 1.15932  
34 234.083 +/- 1.16164  
35 235.204 +/- 1.15905  
36 236.228 +/- 1.15847  
37 237.11 +/- 1.15514   
38 237.933 +/- 1.15546  
39 238.728 +/- 1.15208  
40 239.464 +/- 1.14525  
41 240.121 +/- 1.14478  
42 240.678 +/- 1.14876  
43 241.123 +/- 1.14893  
44 241.507 +/- 1.15298  
45 242.005 +/- 1.15822  
46 242.448 +/- 1.17023  
47 242.848 +/- 1.18737  
48 243.218 +/- 1.20551  
49 243.573 +/- 1.22716  
50 243.902 +/- 1.25451  
51 244.197 +/- 1.27691  
52 244.45 +/- 1.2977    
53 244.661 +/- 1.30863  
54 244.836 +/- 1.31401  
55 245.028 +/- 1.3195   
56 245.211 +/- 1.33118  
57 245.368 +/- 1.33824  
58 245.493 +/- 1.35097  
59 245.607 +/- 1.35955  
60 245.717 +/- 1.36785  
61 245.807 +/- 1.37391  
62 245.924 +/- 1.38284  
63 245.978 +/- 1.38925  
END dQ2
beta: 5
nconf:  8192
nbatch:  128
BEGIN dQ2
 0 0 +/- 0               
 1 3.42508 +/- 0.00567697
 2 6.64364 +/- 0.0118094 
 3 9.77378 +/- 0.0203771 
 4 12.8554 +/- 0.030401  
 5 15.8773 +/- 0.0417697 
 6 18.8463 +/- 0.0541387 
 7 21.7655 +/- 0.0674982 
 8 24.6249 +/- 0.0814924 
 9 27.4439 +/- 0.0960036 
10 30.2095 +/- 0.110899  
11 32.9273 +/- 0.125598  
12 35.608 +/- 0.140569   
13 38.2425 +/- 0.155603  
14 40.8294 +/- 0.170686  
15 43.3649 +/- 0.185724  
16 45.8447 +/- 0.200379  
17 48.2856 +/- 0.215853  
18 50.6802 +/- 0.232617  
19 53.0483 +/- 0.249643  
20 55.3653 +/- 0.266679  
21 57.6412 +/- 0.283834  
22 59.8792 +/- 0.300947  
23 62.0855 +/- 0.318559  
24 64.25 +/- 0.336001    
25 66.3745 +/- 0.353665  
26 68.4525 +/- 0.370923  
27 70.4995 +/- 0.388324  
28 72.5035 +/- 0.404771  
29 74.4703 +/- 0.42073   
30 76.4083 +/- 0.437335  
31 78.3167 +/- 0.453991  
32 80.1916 +/- 0.469571  
33 82.0328 +/- 0.485662  
34 83.8338 +/- 0.50102   
35 85.6082 +/- 0.515713  
36 87.3557 +/- 0.529816  
37 89.0753 +/- 0.5448    
38 90.771 +/- 0.558827   
39 92.4378 +/- 0.57349   
40 94.077 +/- 0.587844   
41 95.6825 +/- 0.601519  
42 97.2644 +/- 0.615988  
43 98.8213 +/- 0.630785  
44 100.352 +/- 0.644505  
45 101.858 +/- 0.65667   
46 103.325 +/- 0.669461  
47 104.778 +/- 0.681937  
48 106.199 +/- 0.695746  
49 107.603 +/- 0.709735  
50 108.979 +/- 0.723269  
51 110.327 +/- 0.737108  
52 111.645 +/- 0.751523  
53 112.948 +/- 0.765376  
54 114.221 +/- 0.778812  
55 115.476 +/- 0.791754  
56 116.704 +/- 0.804095  
57 117.903 +/- 0.816938  
58 119.093 +/- 0.830931  
59 120.275 +/- 0.844517  
60 121.428 +/- 0.85847   
61 122.562 +/- 0.871899  
62 123.677 +/- 0.885504  
63 124.778 +/- 0.899007  
END dQ2
beta: 6
nconf:  8192
nbatch:  128
BEGIN dQ2
 0 0 +/- 0                
 1 0.501476 +/- 0.00115566
 2 0.980653 +/- 0.0024984 
 3 1.45404 +/- 0.00416518 
 4 1.92478 +/- 0.00599143 
 5 2.39366 +/- 0.0079267  
 6 2.86145 +/- 0.0101338  
 7 3.32922 +/- 0.0125362  
 8 3.79492 +/- 0.0149733  
 9 4.26059 +/- 0.017572   
10 4.7262 +/- 0.0202725   
11 5.18883 +/- 0.0230281  
12 5.65201 +/- 0.0258877  
13 6.11466 +/- 0.0289191  
14 6.57626 +/- 0.0319713  
15 7.03705 +/- 0.0352167  
16 7.49577 +/- 0.0384597  
17 7.95283 +/- 0.0419082  
18 8.40876 +/- 0.0452355  
19 8.86315 +/- 0.0485694  
20 9.31711 +/- 0.0518892  
21 9.76886 +/- 0.0552831  
22 10.2196 +/- 0.0587156  
23 10.6703 +/- 0.0621166  
24 11.12 +/- 0.0657355    
25 11.5694 +/- 0.0696013  
26 12.0185 +/- 0.0734799  
27 12.4661 +/- 0.0775968  
28 12.9129 +/- 0.0818341  
29 13.3595 +/- 0.0860807  
30 13.8055 +/- 0.0902803  
31 14.2491 +/- 0.0944282  
32 14.6912 +/- 0.0985581  
33 15.1332 +/- 0.102863   
34 15.5746 +/- 0.107188   
35 16.0162 +/- 0.111673   
36 16.4562 +/- 0.116266   
37 16.8951 +/- 0.121      
38 17.3333 +/- 0.12583    
39 17.7703 +/- 0.130672   
40 18.2052 +/- 0.135514   
41 18.6405 +/- 0.140305   
42 19.074 +/- 0.145102    
43 19.5051 +/- 0.150033   
44 19.9341 +/- 0.155175   
45 20.3605 +/- 0.160217   
46 20.7868 +/- 0.165277   
47 21.2115 +/- 0.170449   
48 21.6352 +/- 0.175731   
49 22.0573 +/- 0.180996   
50 22.4795 +/- 0.186382   
51 22.9013 +/- 0.19178    
52 23.3195 +/- 0.197241   
53 23.7375 +/- 0.202715   
54 24.1529 +/- 0.20832    
55 24.5667 +/- 0.21382    
56 24.9768 +/- 0.219281   
57 25.3846 +/- 0.22499    
58 25.7916 +/- 0.230778   
59 26.1976 +/- 0.236524   
60 26.6013 +/- 0.242321   
61 27.0036 +/- 0.248268   
62 27.4068 +/- 0.254201   
63 27.8067 +/- 0.260217   
END dQ2
beta: 7
nconf:  8192
nbatch:  128
BEGIN dQ2
 0 0 +/- 0                  
 1 0.0723965 +/- 0.000327954
 2 0.142497 +/- 0.00062593  
 3 0.212331 +/- 0.000965211 
 4 0.282052 +/- 0.00131244  
 5 0.351564 +/- 0.00168554  
 6 0.421018 +/- 0.00207945  
 7 0.490409 +/- 0.00250609  
 8 0.559895 +/- 0.00291622  
 9 0.629305 +/- 0.00332028  
10 0.698711 +/- 0.00374109  
11 0.767839 +/- 0.00418435  
12 0.83693 +/- 0.00464431   
13 0.905712 +/- 0.00511147  
14 0.974389 +/- 0.00560674  
15 1.04282 +/- 0.00611987   
16 1.1112 +/- 0.00663432    
17 1.17946 +/- 0.00715193   
18 1.24774 +/- 0.0076739    
19 1.31589 +/- 0.00820708   
20 1.38414 +/- 0.00876146   
21 1.45235 +/- 0.0093185    
22 1.5204 +/- 0.00988029    
23 1.5883 +/- 0.0104344     
24 1.65596 +/- 0.0110102    
25 1.72374 +/- 0.0115962    
26 1.79123 +/- 0.0121997    
27 1.85837 +/- 0.0128217    
28 1.92575 +/- 0.0134548    
29 1.99301 +/- 0.0140944    
30 2.06022 +/- 0.0147555    
31 2.12729 +/- 0.0154389    
32 2.19411 +/- 0.0161371    
33 2.26096 +/- 0.0168486    
34 2.32791 +/- 0.0175607    
35 2.3947 +/- 0.0182784     
36 2.46164 +/- 0.0190048    
37 2.52835 +/- 0.0197474    
38 2.59513 +/- 0.0204872    
39 2.66203 +/- 0.0212297    
40 2.72911 +/- 0.0219955    
41 2.79612 +/- 0.0227616    
42 2.86308 +/- 0.0235043    
43 2.93016 +/- 0.0242545    
44 2.99743 +/- 0.0250155    
45 3.06458 +/- 0.0257912    
46 3.13196 +/- 0.0265906    
47 3.1992 +/- 0.0273871     
48 3.26636 +/- 0.028203     
49 3.33343 +/- 0.0290382    
50 3.40033 +/- 0.0298957    
51 3.46724 +/- 0.030756     
52 3.53406 +/- 0.0316228    
53 3.60079 +/- 0.0324922    
54 3.66739 +/- 0.033364     
55 3.73387 +/- 0.0342487    
56 3.8004 +/- 0.0351423     
57 3.86669 +/- 0.0360161    
58 3.93314 +/- 0.0368905    
59 3.99943 +/- 0.0377789    
60 4.06564 +/- 0.0386755    
61 4.13183 +/- 0.0395782    
62 4.19781 +/- 0.0404812    
63 4.26364 +/- 0.0413695    
END dQ2
beta: 8
nconf:  8192
nbatch:  128
BEGIN dQ2
 0 0 +/- 0                  
 1 0.0109152 +/- 0.000117956
 2 0.0214543 +/- 0.000233692
 3 0.0319045 +/- 0.000349841
 4 0.0423333 +/- 0.000467256
 5 0.052758 +/- 0.000586536 
 6 0.0631671 +/- 0.00070597 
 7 0.0735559 +/- 0.000825007
 8 0.0839214 +/- 0.000942303
 9 0.0942818 +/- 0.00106411 
10 0.104624 +/- 0.00118894  
11 0.114943 +/- 0.0013143   
12 0.125287 +/- 0.00144275  
13 0.135608 +/- 0.00156881  
14 0.145979 +/- 0.00169574  
15 0.156359 +/- 0.0018229   
16 0.166756 +/- 0.00195398  
17 0.177123 +/- 0.00208475  
18 0.187536 +/- 0.0022206   
19 0.197938 +/- 0.00235634  
20 0.208339 +/- 0.00249559  
21 0.218744 +/- 0.00263631  
22 0.229159 +/- 0.00277413  
23 0.239574 +/- 0.00290998  
24 0.249973 +/- 0.00304718  
25 0.260354 +/- 0.00318522  
26 0.270752 +/- 0.0033252   
27 0.281144 +/- 0.00346387  
28 0.291563 +/- 0.00360745  
29 0.30196 +/- 0.00375073   
30 0.312324 +/- 0.00389573  
31 0.322685 +/- 0.00403995  
32 0.333064 +/- 0.00418833  
33 0.343488 +/- 0.00433761  
34 0.353897 +/- 0.00448471  
35 0.36432 +/- 0.0046326    
36 0.374733 +/- 0.00477984  
37 0.38514 +/- 0.00492625   
38 0.395533 +/- 0.00507314  
39 0.405917 +/- 0.00521814  
40 0.416296 +/- 0.00536613  
41 0.426625 +/- 0.00551538  
42 0.436947 +/- 0.00566419  
43 0.447273 +/- 0.00581305  
44 0.457631 +/- 0.00596608  
45 0.468007 +/- 0.00611605  
46 0.478402 +/- 0.00626775  
47 0.4888 +/- 0.00641736    
48 0.49922 +/- 0.00657051   
49 0.50963 +/- 0.00672386   
50 0.520042 +/- 0.00687901  
51 0.53044 +/- 0.00703537   
52 0.540863 +/- 0.00719315  
53 0.551311 +/- 0.00735556  
54 0.561739 +/- 0.00751614  
55 0.572189 +/- 0.00767915  
56 0.582629 +/- 0.00784108  
57 0.593084 +/- 0.00800265  
58 0.6035 +/- 0.00816397    
59 0.613931 +/- 0.00832356  
60 0.624376 +/- 0.00848453  
61 0.634814 +/- 0.00864568  
62 0.64525 +/- 0.0088085    
63 0.655702 +/- 0.00897019  
END dQ2
beta: 9
nconf:  8192
nbatch:  128
BEGIN dQ2
 0 0 +/- 0                   
 1 0.00149364 +/- 3.75395e-5 
 2 0.00292659 +/- 7.32332e-5 
 3 0.00435607 +/- 0.000109397
 4 0.00578018 +/- 0.00014621 
 5 0.00720464 +/- 0.000183357
 6 0.0086304 +/- 0.000221115 
 7 0.0100565 +/- 0.000258958 
 8 0.0114801 +/- 0.000297019 
 9 0.012904 +/- 0.00033524   
10 0.0143264 +/- 0.000373083 
11 0.0157511 +/- 0.000411157 
12 0.0171779 +/- 0.00044921  
13 0.0186033 +/- 0.000487448 
14 0.0200309 +/- 0.000526346 
15 0.021455 +/- 0.000565204  
16 0.0228776 +/- 0.000604159 
17 0.0243024 +/- 0.000644023 
18 0.0257237 +/- 0.000683792 
19 0.0271387 +/- 0.000722903 
20 0.0285521 +/- 0.000762092 
21 0.0299659 +/- 0.000800833 
22 0.03138 +/- 0.000839652   
23 0.0327907 +/- 0.000878457 
24 0.0342026 +/- 0.000916833 
25 0.035614 +/- 0.000955154  
26 0.0370276 +/- 0.000993572 
27 0.0384386 +/- 0.00103175  
28 0.039852 +/- 0.00106998   
29 0.0412637 +/- 0.00110841  
30 0.042672 +/- 0.0011469    
31 0.0440797 +/- 0.00118547  
32 0.0454867 +/- 0.00122419  
33 0.0468932 +/- 0.00126281  
34 0.0482981 +/- 0.00130149  
35 0.0497033 +/- 0.00134022  
36 0.0511069 +/- 0.00137901  
37 0.0525109 +/- 0.00141848  
38 0.0539114 +/- 0.00145765  
39 0.0553123 +/- 0.00149688  
40 0.0567096 +/- 0.00153586  
41 0.0581064 +/- 0.00157492  
42 0.0594967 +/- 0.00161403  
43 0.0608807 +/- 0.00165318  
44 0.0622651 +/- 0.00169277  
45 0.0636402 +/- 0.00173163  
46 0.0650108 +/- 0.00177077  
47 0.0663847 +/- 0.00181013  
48 0.0677627 +/- 0.00184961  
49 0.0691439 +/- 0.00188929  
50 0.0705294 +/- 0.00192902  
51 0.0719132 +/- 0.00196847  
52 0.0732993 +/- 0.00200861  
53 0.0746915 +/- 0.00204965  
54 0.0760821 +/- 0.00209062  
55 0.0774769 +/- 0.00213204  
56 0.0788721 +/- 0.00217353  
57 0.0802743 +/- 0.00221499  
58 0.0816768 +/- 0.00225634  
59 0.0830836 +/- 0.00229798  
60 0.0844897 +/- 0.00233984  
61 0.0858981 +/- 0.00238192  
62 0.0873097 +/- 0.00242415  
63 0.0887169 +/- 0.00246643  
END dQ2
beta: 10
nconf:  8192
nbatch:  128
BEGIN dQ2
 0 0 +/- 0                   
 1 0.000212695 +/- 1.40889e-5
 2 0.000417811 +/- 2.68352e-5
 3 0.000622977 +/- 3.9741e-5 
 4 0.000828194 +/- 5.26915e-5
 5 0.00103346 +/- 6.56623e-5 
 6 0.00123878 +/- 7.86448e-5 
 7 0.00144414 +/- 9.16354e-5 
 8 0.00164956 +/- 0.000104632
 9 0.00185503 +/- 0.000117634
10 0.00206054 +/- 0.000130641
11 0.00226611 +/- 0.000143652
12 0.00247173 +/- 0.000156667
13 0.0026774 +/- 0.000169686 
14 0.00288312 +/- 0.000182709
15 0.00308793 +/- 0.000195644
16 0.00329279 +/- 0.000208587
17 0.00349771 +/- 0.000221537
18 0.00370267 +/- 0.000234493
19 0.00390577 +/- 0.000247133
20 0.00410892 +/- 0.000259792
21 0.00431213 +/- 0.000272466
22 0.00451538 +/- 0.000285155
23 0.00471868 +/- 0.000297856
24 0.00492203 +/- 0.000310568
25 0.00512543 +/- 0.000323292
26 0.00532888 +/- 0.000336024
27 0.00553238 +/- 0.000348766
28 0.00573593 +/- 0.000361517
29 0.00593953 +/- 0.000374275
30 0.00614318 +/- 0.00038704 
31 0.00634688 +/- 0.000399813
32 0.00655063 +/- 0.000412592
33 0.00675443 +/- 0.000425377
34 0.00695828 +/- 0.000438169
35 0.00716218 +/- 0.000450966
36 0.00736613 +/- 0.000463769
37 0.00757013 +/- 0.000476577
38 0.00777418 +/- 0.00048939 
39 0.00797827 +/- 0.000502209
40 0.00818242 +/- 0.000515032
41 0.00838662 +/- 0.00052786 
42 0.00859087 +/- 0.000540693
43 0.00879517 +/- 0.00055353 
44 0.00899952 +/- 0.000566372
45 0.00920392 +/- 0.000579219
46 0.00940838 +/- 0.000592069
47 0.00961288 +/- 0.000604924
48 0.00981743 +/- 0.000617783
49 0.010022 +/- 0.000630646  
50 0.0102267 +/- 0.000643513 
51 0.0104314 +/- 0.000656384 
52 0.0106361 +/- 0.00066926  
53 0.0108409 +/- 0.000682139 
54 0.0110458 +/- 0.000695021 
55 0.0112507 +/- 0.000707908 
56 0.0114556 +/- 0.000720799 
57 0.0116606 +/- 0.000733693 
58 0.0118657 +/- 0.000746591 
59 0.0120708 +/- 0.000759493 
60 0.012276 +/- 0.000772398  
61 0.0124812 +/- 0.000785308 
62 0.0126864 +/- 0.00079822  
63 0.0128917 +/- 0.000811137 
END dQ2
beta: 11
nconf:  8192
nbatch:  128
BEGIN dQ2
 0 0 +/- 0                    
 1 4.19668e-5 +/- 6.12188e-6  
 2 8.39438e-5 +/- 1.22453e-5  
 3 0.000125931 +/- 1.83701e-5 
 4 0.000167929 +/- 2.44965e-5 
 5 0.000209936 +/- 3.06244e-5 
 6 0.000251955 +/- 3.67537e-5 
 7 0.000293983 +/- 4.28846e-5 
 8 0.000336022 +/- 4.9017e-5  
 9 0.00037807 +/- 5.51508e-5  
10 0.00042013 +/- 6.12862e-5  
11 0.000462199 +/- 6.7423e-5  
12 0.000504279 +/- 7.35614e-5 
13 0.000546369 +/- 7.97013e-5 
14 0.000588469 +/- 8.58426e-5 
15 0.00063058 +/- 9.19855e-5  
16 0.000672701 +/- 9.81299e-5 
17 0.000714832 +/- 0.000104276
18 0.000756973 +/- 0.000110423
19 0.000799125 +/- 0.000116572
20 0.000841287 +/- 0.000122722
21 0.00088346 +/- 0.000128874 
22 0.000925643 +/- 0.000135028
23 0.000967836 +/- 0.000141183
24 0.00101004 +/- 0.000147339 
25 0.00105225 +/- 0.000153497 
26 0.00109448 +/- 0.000159656 
27 0.00113671 +/- 0.000165817 
28 0.00117896 +/- 0.00017198  
29 0.00122121 +/- 0.000178144 
30 0.00126348 +/- 0.000184309 
31 0.00130575 +/- 0.000190476 
32 0.00134804 +/- 0.000196645 
33 0.00139034 +/- 0.000202815 
34 0.00143264 +/- 0.000208986 
35 0.00147496 +/- 0.000215159 
36 0.00151729 +/- 0.000221334 
37 0.00155963 +/- 0.00022751  
38 0.00160197 +/- 0.000233687 
39 0.00164433 +/- 0.000239866 
40 0.0016867 +/- 0.000246047  
41 0.00172908 +/- 0.000252229 
42 0.00177147 +/- 0.000258413 
43 0.00181387 +/- 0.000264598 
44 0.00185628 +/- 0.000270784 
45 0.00189871 +/- 0.000276973 
46 0.00194114 +/- 0.000283162 
47 0.00198262 +/- 0.000289106 
48 0.00202411 +/- 0.000295053 
49 0.00206466 +/- 0.000300756 
50 0.00210521 +/- 0.000306465 
51 0.00214577 +/- 0.00031218  
52 0.00218635 +/- 0.000317901 
53 0.00222693 +/- 0.000323628 
54 0.00226753 +/- 0.00032936  
55 0.00230813 +/- 0.000335097 
56 0.00234874 +/- 0.000340838 
57 0.00238841 +/- 0.000346486 
58 0.00242808 +/- 0.00035214  
59 0.00246776 +/- 0.0003578   
60 0.00250746 +/- 0.000363467 
61 0.00254716 +/- 0.00036914  
62 0.00258687 +/- 0.000374819 
63 0.00262659 +/- 0.000380504 
END dQ2
beta: 12
nconf:  8192
nbatch:  128
BEGIN dQ2
 0 0 +/- 0                    
 1 3.81516e-6 +/- 2.32092e-6  
 2 7.63126e-6 +/- 4.64241e-6  
 3 1.14483e-5 +/- 6.96446e-6  
 4 1.52662e-5 +/- 9.28708e-6  
 5 1.90851e-5 +/- 1.16103e-5  
 6 2.2905e-5 +/- 1.3934e-5    
 7 2.67257e-5 +/- 1.62583e-5  
 8 3.05474e-5 +/- 1.85832e-5  
 9 3.437e-5 +/- 2.09087e-5    
10 3.81936e-5 +/- 2.32347e-5  
11 4.20181e-5 +/- 2.55613e-5  
12 4.58435e-5 +/- 2.78885e-5  
13 4.96699e-5 +/- 3.02162e-5  
14 5.34972e-5 +/- 3.25445e-5  
15 5.73254e-5 +/- 3.48734e-5  
16 6.11546e-5 +/- 3.72028e-5  
17 6.49847e-5 +/- 3.95329e-5  
18 6.88158e-5 +/- 4.18634e-5  
19 7.26477e-5 +/- 4.41946e-5  
20 7.64807e-5 +/- 4.65263e-5  
21 8.03145e-5 +/- 4.88586e-5  
22 8.41493e-5 +/- 5.11915e-5  
23 8.79851e-5 +/- 5.35249e-5  
24 9.18217e-5 +/- 5.58589e-5  
25 9.56594e-5 +/- 5.81935e-5  
26 9.94979e-5 +/- 6.05287e-5  
27 0.000103337 +/- 6.28644e-5 
28 0.000107178 +/- 6.52007e-5 
29 0.000111019 +/- 6.75375e-5 
30 0.000114862 +/- 6.9875e-5  
31 0.000118705 +/- 7.2213e-5  
32 0.000122549 +/- 7.45516e-5 
33 0.000126394 +/- 7.68907e-5 
34 0.00013024 +/- 7.92305e-5  
35 0.000134087 +/- 8.15708e-5 
36 0.000137935 +/- 8.39117e-5 
37 0.000141784 +/- 8.62531e-5 
38 0.000145634 +/- 8.85952e-5 
39 0.000149485 +/- 9.09378e-5 
40 0.000153337 +/- 9.32809e-5 
41 0.000157189 +/- 9.56247e-5 
42 0.000161043 +/- 9.7969e-5  
43 0.000164898 +/- 0.000100314
44 0.000168753 +/- 0.000102659
45 0.00017261 +/- 0.000105005 
46 0.000176467 +/- 0.000107352
47 0.000180325 +/- 0.000109699
48 0.000184185 +/- 0.000112047
49 0.000188045 +/- 0.000114395
50 0.000191906 +/- 0.000116744
51 0.000195768 +/- 0.000119094
52 0.000199631 +/- 0.000121444
53 0.000203496 +/- 0.000123795
54 0.000207361 +/- 0.000126146
55 0.000211226 +/- 0.000128498
56 0.000215093 +/- 0.00013085 
57 0.000218961 +/- 0.000133203
58 0.00022283 +/- 0.000135557 
59 0.0002267 +/- 0.000137911  
60 0.000230571 +/- 0.000140266
61 0.000234442 +/- 0.000142621
62 0.000238315 +/- 0.000144977
63 0.000242188 +/- 0.000147333
END dQ2
beta: 13
nconf:  8192
nbatch:  128
BEGIN dQ2
 0 0 +/- 0
 1 0 +/- 0
 2 0 +/- 0
 3 0 +/- 0
 4 0 +/- 0
 5 0 +/- 0
 6 0 +/- 0
 7 0 +/- 0
 8 0 +/- 0
 9 0 +/- 0
10 0 +/- 0
11 0 +/- 0
12 0 +/- 0
13 0 +/- 0
14 0 +/- 0
15 0 +/- 0
16 0 +/- 0
17 0 +/- 0
18 0 +/- 0
19 0 +/- 0
20 0 +/- 0
21 0 +/- 0
22 0 +/- 0
23 0 +/- 0
24 0 +/- 0
25 0 +/- 0
26 0 +/- 0
27 0 +/- 0
28 0 +/- 0
29 0 +/- 0
30 0 +/- 0
31 0 +/- 0
32 0 +/- 0
33 0 +/- 0
34 0 +/- 0
35 0 +/- 0
36 0 +/- 0
37 0 +/- 0
38 0 +/- 0
39 0 +/- 0
40 0 +/- 0
41 0 +/- 0
42 0 +/- 0
43 0 +/- 0
44 0 +/- 0
45 0 +/- 0
46 0 +/- 0
47 0 +/- 0
48 0 +/- 0
49 0 +/- 0
50 0 +/- 0
51 0 +/- 0
52 0 +/- 0
53 0 +/- 0
54 0 +/- 0
55 0 +/- 0
56 0 +/- 0
57 0 +/- 0
58 0 +/- 0
59 0 +/- 0
60 0 +/- 0
61 0 +/- 0
62 0 +/- 0
63 0 +/- 0
END dQ2
beta: 14
nconf:  310
nbatch: 128
BEGIN dQ2
 0 0 +/- 0
 1 0 +/- 0
 2 0 +/- 0
 3 0 +/- 0
 4 0 +/- 0
 5 0 +/- 0
 6 0 +/- 0
 7 0 +/- 0
 8 0 +/- 0
 9 0 +/- 0
10 0 +/- 0
11 0 +/- 0
12 0 +/- 0
13 0 +/- 0
14 0 +/- 0
15 0 +/- 0
16 0 +/- 0
17 0 +/- 0
18 0 +/- 0
19 0 +/- 0
20 0 +/- 0
21 0 +/- 0
22 0 +/- 0
23 0 +/- 0
24 0 +/- 0
25 0 +/- 0
26 0 +/- 0
27 0 +/- 0
28 0 +/- 0
29 0 +/- 0
30 0 +/- 0
31 0 +/- 0
32 0 +/- 0
33 0 +/- 0
34 0 +/- 0
35 0 +/- 0
36 0 +/- 0
37 0 +/- 0
38 0 +/- 0
39 0 +/- 0
40 0 +/- 0
41 0 +/- 0
42 0 +/- 0
43 0 +/- 0
44 0 +/- 0
45 0 +/- 0
46 0 +/- 0
47 0 +/- 0
48 0 +/- 0
49 0 +/- 0
50 0 +/- 0
51 0 +/- 0
52 0 +/- 0
53 0 +/- 0
54 0 +/- 0
55 0 +/- 0
56 0 +/- 0
57 0 +/- 0
58 0 +/- 0
59 0 +/- 0
60 0 +/- 0
61 0 +/- 0
62 0 +/- 0
63 0 +/- 0
END dQ2
