
# File: ../s_hmc_l68_params.log
beta: 1.12890625
nconf:  8192
nbatch:  128
BEGIN dQ2
 0 0 +/- 0             
 1 317.984 +/- 0.682929
 2 333.443 +/- 0.741937
 3 338.854 +/- 0.734469
 4 339.648 +/- 0.765884
 5 339.275 +/- 0.694343
 6 339.795 +/- 0.689724
 7 339.144 +/- 0.726034
 8 340.144 +/- 0.699399
 9 339.742 +/- 0.655473
10 340.018 +/- 0.696602
11 339.328 +/- 0.7336  
12 339.862 +/- 0.698045
13 339.989 +/- 0.662088
14 339.516 +/- 0.746767
15 339.872 +/- 0.726293
16 340.254 +/- 0.706699
17 339.755 +/- 0.712747
18 339.921 +/- 0.733781
19 340.067 +/- 0.733012
20 340.019 +/- 0.721035
21 340.157 +/- 0.729354
22 340.008 +/- 0.739393
23 340.31 +/- 0.778735 
24 339.431 +/- 0.672583
25 339.728 +/- 0.782992
26 339.682 +/- 0.723767
27 339.775 +/- 0.700239
28 339.443 +/- 0.721181
29 339.106 +/- 0.693317
30 339.636 +/- 0.683336
31 340.021 +/- 0.730996
32 339.783 +/- 0.636111
33 339.834 +/- 0.727663
34 340.291 +/- 0.762166
35 339.721 +/- 0.760352
36 339.3 +/- 0.706299  
37 339.648 +/- 0.714499
38 339.846 +/- 0.747413
39 339.548 +/- 0.705796
40 340.309 +/- 0.704519
41 340.028 +/- 0.713246
42 339.718 +/- 0.724427
43 339.852 +/- 0.709121
44 339.702 +/- 0.727828
45 339.729 +/- 0.738119
46 340.083 +/- 0.75306 
47 340.15 +/- 0.765477 
48 339.59 +/- 0.685592 
49 340.001 +/- 0.735317
50 340.078 +/- 0.724078
51 339.655 +/- 0.75573 
52 339.916 +/- 0.748407
53 340.351 +/- 0.731767
54 340.156 +/- 0.698212
55 340.033 +/- 0.699573
56 339.81 +/- 0.639358 
57 339.941 +/- 0.662886
58 338.803 +/- 0.700729
59 340.323 +/- 0.67435 
60 340.162 +/- 0.70664 
61 340.072 +/- 0.70194 
62 339.32 +/- 0.711856 
63 339.489 +/- 0.708893
END dQ2
beta: 2.2578125
nconf:  8192
nbatch:  128
BEGIN dQ2
 0 0 +/- 0             
 1 105.203 +/- 0.196264
 2 135.634 +/- 0.284753
 3 146.274 +/- 0.320896
 4 149.908 +/- 0.326957
 5 151.329 +/- 0.308125
 6 152.022 +/- 0.318821
 7 152.323 +/- 0.31682 
 8 152.316 +/- 0.304339
 9 152.294 +/- 0.310184
10 152.162 +/- 0.322346
11 152.454 +/- 0.320228
12 152.157 +/- 0.318767
13 152.177 +/- 0.31942 
14 152.171 +/- 0.303747
15 152.399 +/- 0.284822
16 152.34 +/- 0.284176 
17 152.32 +/- 0.295572 
18 152.447 +/- 0.300373
19 152.225 +/- 0.309931
20 151.981 +/- 0.300718
21 152.492 +/- 0.300407
22 152.388 +/- 0.314808
23 152.363 +/- 0.313523
24 152.412 +/- 0.317152
25 152.606 +/- 0.297593
26 152.508 +/- 0.276568
27 152.475 +/- 0.303684
28 152.3 +/- 0.334088  
29 152.567 +/- 0.333761
30 152.617 +/- 0.311069
31 152.527 +/- 0.300157
32 152.413 +/- 0.297573
33 152.539 +/- 0.306792
34 152.31 +/- 0.311581 
35 152.441 +/- 0.307752
36 152.441 +/- 0.300035
37 152.406 +/- 0.311608
38 152.169 +/- 0.314403
39 152.428 +/- 0.324021
40 152.556 +/- 0.326553
41 152.478 +/- 0.327269
42 152.328 +/- 0.337673
43 152.294 +/- 0.303826
44 152.251 +/- 0.309554
45 152.207 +/- 0.318583
46 152.005 +/- 0.326899
47 152.107 +/- 0.314064
48 152.129 +/- 0.300923
49 152.315 +/- 0.305152
50 152.548 +/- 0.290769
51 152.429 +/- 0.288598
52 152.323 +/- 0.306517
53 152.227 +/- 0.307376
54 152.237 +/- 0.309828
55 152.53 +/- 0.311579 
56 152.547 +/- 0.306488
57 152.408 +/- 0.295581
58 152.312 +/- 0.293766
59 152.349 +/- 0.310897
60 152.309 +/- 0.296152
61 152.353 +/- 0.301161
62 152.087 +/- 0.271427
63 152.159 +/- 0.295367
END dQ2
beta: 3.38671875
nconf:  8192
nbatch:  128
BEGIN dQ2
 0 0 +/- 0              
 1 18.3137 +/- 0.033176 
 2 31.9055 +/- 0.061723 
 3 42.6113 +/- 0.0897632
 4 51.151 +/- 0.115654  
 5 57.9949 +/- 0.135857 
 6 63.487 +/- 0.158632  
 7 67.9167 +/- 0.177991 
 8 71.4695 +/- 0.199698 
 9 74.2872 +/- 0.214942 
10 76.6405 +/- 0.225236 
11 78.4989 +/- 0.232965 
12 79.925 +/- 0.24495   
13 81.0708 +/- 0.253788 
14 82.0153 +/- 0.263438 
15 82.7846 +/- 0.265586 
16 83.4543 +/- 0.266695 
17 83.9528 +/- 0.268022 
18 84.4055 +/- 0.276655 
19 84.7748 +/- 0.27972  
20 85.119 +/- 0.279622  
21 85.3901 +/- 0.281829 
22 85.6061 +/- 0.281977 
23 85.7442 +/- 0.281543 
24 85.8572 +/- 0.282396 
25 86.0376 +/- 0.279624 
26 86.1418 +/- 0.282205 
27 86.2016 +/- 0.281955 
28 86.1759 +/- 0.282053 
29 86.126 +/- 0.280405  
30 86.1902 +/- 0.281894 
31 86.2324 +/- 0.281099 
32 86.2304 +/- 0.284132 
33 86.2844 +/- 0.280552 
34 86.2962 +/- 0.280257 
35 86.3504 +/- 0.278691 
36 86.4384 +/- 0.278948 
37 86.4814 +/- 0.278177 
38 86.5145 +/- 0.279762 
39 86.5239 +/- 0.283151 
40 86.5514 +/- 0.285492 
41 86.5211 +/- 0.287806 
42 86.5184 +/- 0.28719  
43 86.547 +/- 0.28482   
44 86.5838 +/- 0.279832 
45 86.6375 +/- 0.276195 
46 86.5845 +/- 0.276396 
47 86.5679 +/- 0.275589 
48 86.5613 +/- 0.274159 
49 86.54 +/- 0.273966   
50 86.5637 +/- 0.272418 
51 86.6001 +/- 0.270813 
52 86.6273 +/- 0.264736 
53 86.6229 +/- 0.261791 
54 86.6047 +/- 0.264179 
55 86.5566 +/- 0.26951  
56 86.5869 +/- 0.269689 
57 86.6387 +/- 0.273841 
58 86.6492 +/- 0.27684  
59 86.5827 +/- 0.278702 
60 86.5309 +/- 0.282101 
61 86.4949 +/- 0.290015 
62 86.4734 +/- 0.293112 
63 86.3538 +/- 0.297643 
END dQ2
beta: 4.515625
nconf:  8192
nbatch:  128
BEGIN dQ2
 0 0 +/- 0               
 1 2.39021 +/- 0.00444644
 2 4.55699 +/- 0.00935911
 3 6.6301 +/- 0.0154566  
 4 8.61724 +/- 0.0222173 
 5 10.5267 +/- 0.0290679 
 6 12.3668 +/- 0.0364888 
 7 14.14 +/- 0.0442679   
 8 15.8495 +/- 0.0518574 
 9 17.4917 +/- 0.0599251 
10 19.0685 +/- 0.0668524 
11 20.5952 +/- 0.0743454 
12 22.0604 +/- 0.0823381 
13 23.4698 +/- 0.0896509 
14 24.8226 +/- 0.0979384 
15 26.1182 +/- 0.106055  
16 27.3642 +/- 0.11328   
17 28.5632 +/- 0.121299  
18 29.7154 +/- 0.128952  
19 30.8267 +/- 0.136958  
20 31.8996 +/- 0.145005  
21 32.9371 +/- 0.153327  
22 33.9385 +/- 0.161126  
23 34.9003 +/- 0.168681  
24 35.8286 +/- 0.176279  
25 36.7166 +/- 0.183546  
26 37.5796 +/- 0.190065  
27 38.4094 +/- 0.196768  
28 39.2036 +/- 0.202838  
29 39.9709 +/- 0.208391  
30 40.7099 +/- 0.214069  
31 41.4211 +/- 0.219694  
32 42.1159 +/- 0.224913  
33 42.7867 +/- 0.23066   
34 43.4401 +/- 0.236332  
35 44.0747 +/- 0.242581  
36 44.6871 +/- 0.24852   
37 45.2685 +/- 0.254519  
38 45.823 +/- 0.261011   
39 46.3631 +/- 0.267172  
40 46.8855 +/- 0.27239   
41 47.3883 +/- 0.277531  
42 47.868 +/- 0.282552   
43 48.3408 +/- 0.287355  
44 48.7952 +/- 0.292715  
45 49.229 +/- 0.298783   
46 49.6476 +/- 0.304852  
47 50.0493 +/- 0.310302  
48 50.4342 +/- 0.315664  
49 50.8049 +/- 0.320835  
50 51.1616 +/- 0.325809  
51 51.5011 +/- 0.331376  
52 51.8285 +/- 0.336263  
53 52.1326 +/- 0.340542  
54 52.4292 +/- 0.344512  
55 52.7097 +/- 0.348274  
56 52.9806 +/- 0.352042  
57 53.2426 +/- 0.356019  
58 53.4946 +/- 0.360024  
59 53.7325 +/- 0.363653  
60 53.9574 +/- 0.366624  
61 54.1732 +/- 0.369743  
62 54.3781 +/- 0.373341  
63 54.5711 +/- 0.376864  
END dQ2
beta: 5.64453125
nconf:  8192
nbatch:  128
BEGIN dQ2
 0 0 +/- 0                 
 1 0.285664 +/- 0.000740392
 2 0.557857 +/- 0.00149499 
 3 0.826486 +/- 0.00242591 
 4 1.09352 +/- 0.00352846  
 5 1.35892 +/- 0.00470399  
 6 1.62345 +/- 0.00589925  
 7 1.88599 +/- 0.00718267  
 8 2.14625 +/- 0.00836855  
 9 2.40503 +/- 0.00958426  
10 2.66286 +/- 0.0108355   
11 2.91856 +/- 0.0121247   
12 3.17219 +/- 0.0134925   
13 3.42438 +/- 0.0149242   
14 3.67491 +/- 0.0163809   
15 3.9247 +/- 0.017887     
16 4.17289 +/- 0.0194523   
17 4.41911 +/- 0.0211278   
18 4.66409 +/- 0.0228947   
19 4.90732 +/- 0.0246719   
20 5.14885 +/- 0.0265585   
21 5.39005 +/- 0.0283698   
22 5.63015 +/- 0.0302159   
23 5.86898 +/- 0.0320765   
24 6.10782 +/- 0.033994    
25 6.34481 +/- 0.0358801   
26 6.58004 +/- 0.0377031   
27 6.81338 +/- 0.039527    
28 7.04535 +/- 0.0413752   
29 7.27472 +/- 0.0431611   
30 7.5021 +/- 0.0449696    
31 7.72873 +/- 0.0468297   
32 7.95362 +/- 0.0488232   
33 8.17762 +/- 0.0508884   
34 8.39987 +/- 0.0530325   
35 8.6214 +/- 0.0551812    
36 8.84197 +/- 0.0572982   
37 9.06047 +/- 0.0594185   
38 9.2772 +/- 0.0615785    
39 9.49174 +/- 0.0636907   
40 9.70507 +/- 0.065857    
41 9.91699 +/- 0.0681314   
42 10.1267 +/- 0.0704041   
43 10.335 +/- 0.0726893    
44 10.5421 +/- 0.0750436   
45 10.7481 +/- 0.077372    
46 10.9529 +/- 0.0797799   
47 11.1562 +/- 0.0822019   
48 11.357 +/- 0.0845674    
49 11.5566 +/- 0.0869595   
50 11.7548 +/- 0.0893898   
51 11.9529 +/- 0.0918446   
52 12.149 +/- 0.0943199    
53 12.343 +/- 0.0968239    
54 12.5349 +/- 0.0993154   
55 12.7263 +/- 0.101818    
56 12.9159 +/- 0.104368    
57 13.1038 +/- 0.106922    
58 13.2916 +/- 0.109505    
59 13.4789 +/- 0.11209     
60 13.6654 +/- 0.114559    
61 13.8512 +/- 0.117008    
62 14.0353 +/- 0.119428    
63 14.2183 +/- 0.121928    
END dQ2
beta: 6.7734375
nconf:  8192
nbatch:  128
BEGIN dQ2
 0 0 +/- 0                  
 1 0.0318213 +/- 0.000208746
 2 0.0624914 +/- 0.000413126
 3 0.0929925 +/- 0.000616761
 4 0.123484 +/- 0.000836159 
 5 0.15389 +/- 0.0010681    
 6 0.184248 +/- 0.00130506  
 7 0.21464 +/- 0.00155292   
 8 0.245051 +/- 0.00181293  
 9 0.275426 +/- 0.00206824  
10 0.305679 +/- 0.00232375  
11 0.335883 +/- 0.00258653  
12 0.366156 +/- 0.00285891  
13 0.396384 +/- 0.0031344   
14 0.426531 +/- 0.00341747  
15 0.456539 +/- 0.00370162  
16 0.486477 +/- 0.00397519  
17 0.516441 +/- 0.00424939  
18 0.546561 +/- 0.00453451  
19 0.576617 +/- 0.00482144  
20 0.606691 +/- 0.00511805  
21 0.636753 +/- 0.00541361  
22 0.666763 +/- 0.00570095  
23 0.696855 +/- 0.00598954  
24 0.726889 +/- 0.00627222  
25 0.756977 +/- 0.00656516  
26 0.787024 +/- 0.00686915  
27 0.817168 +/- 0.00717164  
28 0.84714 +/- 0.0074761    
29 0.877124 +/- 0.00778702  
30 0.907099 +/- 0.00809531  
31 0.936949 +/- 0.00840069  
32 0.966779 +/- 0.00871365  
33 0.996551 +/- 0.00902128  
34 1.02621 +/- 0.00933253   
35 1.05581 +/- 0.00964494   
36 1.08532 +/- 0.00996248   
37 1.11475 +/- 0.0102735    
38 1.14416 +/- 0.0105866    
39 1.1735 +/- 0.0108988     
40 1.20275 +/- 0.0112151    
41 1.23206 +/- 0.0115431    
42 1.26141 +/- 0.0118781    
43 1.29071 +/- 0.0122173    
44 1.31989 +/- 0.0125624    
45 1.34905 +/- 0.0129204    
46 1.37822 +/- 0.0132849    
47 1.40735 +/- 0.0136574    
48 1.43642 +/- 0.0140408    
49 1.46538 +/- 0.0144277    
50 1.49434 +/- 0.0148137    
51 1.5232 +/- 0.015207      
52 1.55211 +/- 0.0156097    
53 1.581 +/- 0.0160079      
54 1.60981 +/- 0.0164021    
55 1.63861 +/- 0.0168016    
56 1.66746 +/- 0.0172036    
57 1.69637 +/- 0.017609     
58 1.72525 +/- 0.018011     
59 1.75417 +/- 0.0184138    
60 1.78307 +/- 0.0188213    
61 1.81193 +/- 0.0192253    
62 1.84076 +/- 0.0196369    
63 1.86956 +/- 0.0200522    
END dQ2
beta: 7.90234375
nconf:  8192
nbatch:  128
BEGIN dQ2
 0 0 +/- 0                   
 1 0.00375984 +/- 7.22083e-5 
 2 0.00739278 +/- 0.000140823
 3 0.0110094 +/- 0.000209953 
 4 0.0146193 +/- 0.000279767 
 5 0.0182368 +/- 0.000349945 
 6 0.0218609 +/- 0.000420163 
 7 0.0254744 +/- 0.00049032  
 8 0.0290888 +/- 0.000560512 
 9 0.0327002 +/- 0.000629851 
10 0.0363154 +/- 0.000699028 
11 0.0399229 +/- 0.000768027 
12 0.0435485 +/- 0.000837613 
13 0.0471749 +/- 0.000907344 
14 0.0507994 +/- 0.000977162 
15 0.0544171 +/- 0.00104714  
16 0.0580376 +/- 0.0011179   
17 0.0616714 +/- 0.00118884  
18 0.0652985 +/- 0.00125983  
19 0.0689284 +/- 0.00133069  
20 0.0725572 +/- 0.00140202  
21 0.0761726 +/- 0.00147409  
22 0.0797898 +/- 0.00154695  
23 0.0834041 +/- 0.00161987  
24 0.0870221 +/- 0.00169355  
25 0.0906315 +/- 0.00176735  
26 0.094237 +/- 0.00184138   
27 0.0978548 +/- 0.00191657  
28 0.101476 +/- 0.00199277   
29 0.105098 +/- 0.00206874   
30 0.108716 +/- 0.00214503   
31 0.112328 +/- 0.00222092   
32 0.115942 +/- 0.00229721   
33 0.119569 +/- 0.00237481   
34 0.123191 +/- 0.00245077   
35 0.126808 +/- 0.00252677   
36 0.130415 +/- 0.00260153   
37 0.134017 +/- 0.00267603   
38 0.137616 +/- 0.00274983   
39 0.141222 +/- 0.00282438   
40 0.144827 +/- 0.00289851   
41 0.148436 +/- 0.00297433   
42 0.152041 +/- 0.00304989   
43 0.155644 +/- 0.00312442   
44 0.159255 +/- 0.00320017   
45 0.162859 +/- 0.00327533   
46 0.166459 +/- 0.00335071   
47 0.170039 +/- 0.00342641   
48 0.173628 +/- 0.00350208   
49 0.177207 +/- 0.00357987   
50 0.180789 +/- 0.00365776   
51 0.184364 +/- 0.00373468   
52 0.18793 +/- 0.00381332    
53 0.191494 +/- 0.00389202   
54 0.19506 +/- 0.00397147    
55 0.198633 +/- 0.00405168   
56 0.202218 +/- 0.00413288   
57 0.205806 +/- 0.00421406   
58 0.209398 +/- 0.00429572   
59 0.212995 +/- 0.00437836   
60 0.2166 +/- 0.00446124     
61 0.220191 +/- 0.00454405   
62 0.223775 +/- 0.00462732   
63 0.227367 +/- 0.00471064   
END dQ2
beta: 9.03125
nconf:  8192
nbatch:  128
BEGIN dQ2
 0 0 +/- 0                   
 1 0.000418714 +/- 2.12687e-5
 2 0.000829899 +/- 4.25992e-5
 3 0.00123928 +/- 6.39357e-5 
 4 0.00164875 +/- 8.53328e-5 
 5 0.00205833 +/- 0.000106757
 6 0.0024661 +/- 0.000128244 
 7 0.00287397 +/- 0.000149761
 8 0.00328194 +/- 0.000171301
 9 0.00369001 +/- 0.000192856
10 0.00409435 +/- 0.000213901
11 0.0044988 +/- 0.000234984 
12 0.00490144 +/- 0.000256046
13 0.00530322 +/- 0.00027703 
14 0.00570509 +/- 0.000298046
15 0.00610707 +/- 0.000319087
16 0.00650723 +/- 0.000339925
17 0.00690749 +/- 0.00036079 
18 0.00730785 +/- 0.000381679
19 0.00770831 +/- 0.00040259 
20 0.00810886 +/- 0.000423519
21 0.00851143 +/- 0.00044453 
22 0.00891409 +/- 0.000465563
23 0.00931685 +/- 0.000486618
24 0.00971971 +/- 0.000507691
25 0.0101227 +/- 0.000528782 
26 0.0105257 +/- 0.000549889 
27 0.0109289 +/- 0.00057101  
28 0.0113312 +/- 0.000592072 
29 0.0117336 +/- 0.000613148 
30 0.0121361 +/- 0.000634237 
31 0.0125387 +/- 0.000655339 
32 0.0129404 +/- 0.000676467 
33 0.0133422 +/- 0.000697606 
34 0.0137442 +/- 0.000718758 
35 0.0141462 +/- 0.000739921 
36 0.0145464 +/- 0.000761206 
37 0.0149467 +/- 0.00078233  
38 0.0153462 +/- 0.000803482 
39 0.0157457 +/- 0.000824649 
40 0.0161454 +/- 0.00084583  
41 0.0165451 +/- 0.000867023 
42 0.016945 +/- 0.000888229  
43 0.0173449 +/- 0.000909448 
44 0.017745 +/- 0.000930678  
45 0.0181451 +/- 0.000951919 
46 0.0185473 +/- 0.000973586 
47 0.0189514 +/- 0.000995245 
48 0.0193557 +/- 0.00101692  
49 0.0197601 +/- 0.00103861  
50 0.0201645 +/- 0.00106032  
51 0.0205691 +/- 0.00108204  
52 0.0209738 +/- 0.00110378  
53 0.0213785 +/- 0.00112553  
54 0.0217815 +/- 0.00114698  
55 0.0221845 +/- 0.00116843  
56 0.0225877 +/- 0.00118991  
57 0.0229909 +/- 0.0012114   
58 0.0233943 +/- 0.0012329   
59 0.0237977 +/- 0.00125442  
60 0.0242013 +/- 0.00127595  
61 0.0246049 +/- 0.0012975   
62 0.0250067 +/- 0.00131882  
63 0.0254086 +/- 0.00134016  
END dQ2
beta: 10.16015625
nconf:  8192
nbatch:  128
BEGIN dQ2
 0 0 +/- 0                    
 1 5.53199e-5 +/- 7.39966e-6  
 2 0.000108745 +/- 1.45384e-5 
 3 0.000162184 +/- 2.1761e-5  
 4 0.000215636 +/- 2.90063e-5 
 5 0.0002691 +/- 3.62618e-5   
 6 0.000322578 +/- 4.35232e-5 
 7 0.000376069 +/- 5.07887e-5 
 8 0.000429573 +/- 5.80576e-5 
 9 0.00048309 +/- 6.53292e-5  
10 0.00053662 +/- 7.26032e-5  
11 0.000590163 +/- 7.98796e-5 
12 0.000643719 +/- 8.71581e-5 
13 0.000697289 +/- 9.44387e-5 
14 0.000750871 +/- 0.000101721
15 0.000804467 +/- 0.000109006
16 0.000858075 +/- 0.000116292
17 0.000911697 +/- 0.000123581
18 0.000964376 +/- 0.000130677
19 0.00101707 +/- 0.00013778  
20 0.00106977 +/- 0.000144891 
21 0.00112249 +/- 0.000152008 
22 0.00117522 +/- 0.00015913  
23 0.00122797 +/- 0.000166258 
24 0.00128072 +/- 0.00017339  
25 0.00133349 +/- 0.000180527 
26 0.00138627 +/- 0.000187668 
27 0.00143907 +/- 0.000194812 
28 0.00149188 +/- 0.00020196  
29 0.0015447 +/- 0.000209112  
30 0.00159753 +/- 0.000216267 
31 0.00165038 +/- 0.000223425 
32 0.00170324 +/- 0.000230586 
33 0.00175611 +/- 0.000237749 
34 0.001809 +/- 0.000244916   
35 0.0018619 +/- 0.000252085  
36 0.00191481 +/- 0.000259257 
37 0.00196773 +/- 0.000266431 
38 0.00202067 +/- 0.000273608 
39 0.00207362 +/- 0.000280787 
40 0.00212659 +/- 0.000287969 
41 0.00217956 +/- 0.000295153 
42 0.00223255 +/- 0.000302339 
43 0.00228556 +/- 0.000309528 
44 0.00233761 +/- 0.000316647 
45 0.00238968 +/- 0.000323771 
46 0.00244177 +/- 0.0003309   
47 0.00249386 +/- 0.000338033 
48 0.00254597 +/- 0.000345171 
49 0.00259713 +/- 0.000352241 
50 0.00264831 +/- 0.000359317 
51 0.00269949 +/- 0.0003664   
52 0.00275069 +/- 0.000373488 
53 0.0028019 +/- 0.000380582  
54 0.00285313 +/- 0.000387682 
55 0.00290436 +/- 0.000394787 
56 0.00295561 +/- 0.000401897 
57 0.00300688 +/- 0.000409011 
58 0.00305815 +/- 0.000416131 
59 0.00310944 +/- 0.000423255 
60 0.00316074 +/- 0.000430384 
61 0.00321205 +/- 0.000437517 
62 0.00326338 +/- 0.000444654 
63 0.00331471 +/- 0.000451796 
END dQ2
beta: 11.2890625
nconf:  8192
nbatch:  128
BEGIN dQ2
 0 0 +/- 0                    
 1 3.81516e-6 +/- 1.88492e-6  
 2 7.63126e-6 +/- 3.77029e-6  
 3 1.14483e-5 +/- 5.65613e-6  
 4 1.52662e-5 +/- 7.54243e-6  
 5 1.90851e-5 +/- 9.42919e-6  
 6 2.2905e-5 +/- 1.13164e-5   
 7 2.67257e-5 +/- 1.32041e-5  
 8 3.05474e-5 +/- 1.50922e-5  
 9 3.437e-5 +/- 1.69808e-5    
10 3.81936e-5 +/- 1.88699e-5  
11 4.20181e-5 +/- 2.07594e-5  
12 4.58435e-5 +/- 2.26494e-5  
13 4.96699e-5 +/- 2.45399e-5  
14 5.34972e-5 +/- 2.64308e-5  
15 5.73254e-5 +/- 2.83222e-5  
16 6.11546e-5 +/- 3.0214e-5   
17 6.49847e-5 +/- 3.21063e-5  
18 6.88158e-5 +/- 3.39991e-5  
19 7.26477e-5 +/- 3.58923e-5  
20 7.64807e-5 +/- 3.7786e-5   
21 8.03145e-5 +/- 3.96801e-5  
22 8.41493e-5 +/- 4.15747e-5  
23 8.79851e-5 +/- 4.34698e-5  
24 9.18217e-5 +/- 4.53654e-5  
25 9.56594e-5 +/- 4.72614e-5  
26 9.94979e-5 +/- 4.91579e-5  
27 0.000103337 +/- 5.10548e-5 
28 0.000107178 +/- 5.29522e-5 
29 0.000111019 +/- 5.48501e-5 
30 0.000114862 +/- 5.67484e-5 
31 0.000118705 +/- 5.86472e-5 
32 0.000122549 +/- 6.05465e-5 
33 0.000126394 +/- 6.24462e-5 
34 0.00013024 +/- 6.43464e-5  
35 0.000134087 +/- 6.62471e-5 
36 0.000137935 +/- 6.81482e-5 
37 0.000141784 +/- 7.00498e-5 
38 0.000145634 +/- 7.19518e-5 
39 0.000149485 +/- 7.38544e-5 
40 0.000153337 +/- 7.57574e-5 
41 0.000157189 +/- 7.76608e-5 
42 0.000161043 +/- 7.95647e-5 
43 0.000164898 +/- 8.14691e-5 
44 0.000168753 +/- 8.3374e-5  
45 0.00017261 +/- 8.52793e-5  
46 0.000176467 +/- 8.71851e-5 
47 0.000180325 +/- 8.90914e-5 
48 0.000184185 +/- 9.09981e-5 
49 0.000188045 +/- 9.29053e-5 
50 0.000191906 +/- 9.4813e-5  
51 0.000195768 +/- 9.67211e-5 
52 0.000199631 +/- 9.86298e-5 
53 0.000203496 +/- 0.000100539
54 0.000207361 +/- 0.000102448
55 0.000211226 +/- 0.000104358
56 0.000215093 +/- 0.000106269
57 0.000218961 +/- 0.00010818 
58 0.00022283 +/- 0.000110091 
59 0.0002267 +/- 0.000112003  
60 0.000230571 +/- 0.000113916
61 0.000234442 +/- 0.000115828
62 0.000238315 +/- 0.000117742
63 0.000242188 +/- 0.000119655
END dQ2
beta: 12.41796875
nconf:  8192
nbatch:  128
BEGIN dQ2
 0 0 +/- 0                  
 1 9.53791e-7 +/- 9.53791e-7
 2 1.90781e-6 +/- 1.90781e-6
 3 2.86207e-6 +/- 2.86207e-6
 4 3.81656e-6 +/- 3.81656e-6
 5 4.77128e-6 +/- 4.77128e-6
 6 5.72624e-6 +/- 5.72624e-6
 7 6.68143e-6 +/- 6.68143e-6
 8 7.63685e-6 +/- 7.63685e-6
 9 8.59251e-6 +/- 8.59251e-6
10 9.5484e-6 +/- 9.5484e-6  
11 1.05045e-5 +/- 1.05045e-5
12 1.14609e-5 +/- 1.14609e-5
13 1.24175e-5 +/- 1.24175e-5
14 1.33743e-5 +/- 1.33743e-5
15 1.43314e-5 +/- 1.43314e-5
16 1.52886e-5 +/- 1.52886e-5
17 1.62462e-5 +/- 1.62462e-5
18 1.72039e-5 +/- 1.72039e-5
19 1.81619e-5 +/- 1.81619e-5
20 1.91202e-5 +/- 1.91202e-5
21 2.00786e-5 +/- 2.00786e-5
22 2.10373e-5 +/- 2.10373e-5
23 2.19963e-5 +/- 2.19963e-5
24 2.29554e-5 +/- 2.29554e-5
25 2.39148e-5 +/- 2.39148e-5
26 2.48745e-5 +/- 2.48745e-5
27 2.58344e-5 +/- 2.58344e-5
28 2.67945e-5 +/- 2.67945e-5
29 2.77548e-5 +/- 2.77548e-5
30 2.87154e-5 +/- 2.87154e-5
31 2.96762e-5 +/- 2.96762e-5
32 3.06373e-5 +/- 3.06373e-5
33 3.15985e-5 +/- 3.15985e-5
34 3.25601e-5 +/- 3.25601e-5
35 3.35218e-5 +/- 3.35218e-5
36 3.44838e-5 +/- 3.44838e-5
37 3.5446e-5 +/- 3.5446e-5  
38 3.64085e-5 +/- 3.64085e-5
39 3.73712e-5 +/- 3.73712e-5
40 3.83342e-5 +/- 3.83342e-5
41 3.92973e-5 +/- 3.92973e-5
42 4.02607e-5 +/- 4.02607e-5
43 4.12244e-5 +/- 4.12244e-5
44 4.21883e-5 +/- 4.21883e-5
45 4.31524e-5 +/- 4.31524e-5
46 4.41167e-5 +/- 4.41167e-5
47 4.50813e-5 +/- 4.50813e-5
48 4.60462e-5 +/- 4.60462e-5
49 4.70112e-5 +/- 4.70112e-5
50 4.79765e-5 +/- 4.79765e-5
51 4.89421e-5 +/- 4.89421e-5
52 4.99079e-5 +/- 4.99079e-5
53 5.08739e-5 +/- 5.08739e-5
54 5.18401e-5 +/- 5.18401e-5
55 5.28066e-5 +/- 5.28066e-5
56 5.37734e-5 +/- 5.37734e-5
57 5.47403e-5 +/- 5.47403e-5
58 5.57075e-5 +/- 5.57075e-5
59 5.6675e-5 +/- 5.6675e-5  
60 5.76426e-5 +/- 5.76426e-5
61 5.86106e-5 +/- 5.86106e-5
62 5.95787e-5 +/- 5.95787e-5
63 6.05471e-5 +/- 6.05471e-5
END dQ2
beta: 13.546875
nconf:  8192
nbatch:  128
BEGIN dQ2
 0 0 +/- 0
 1 0 +/- 0
 2 0 +/- 0
 3 0 +/- 0
 4 0 +/- 0
 5 0 +/- 0
 6 0 +/- 0
 7 0 +/- 0
 8 0 +/- 0
 9 0 +/- 0
10 0 +/- 0
11 0 +/- 0
12 0 +/- 0
13 0 +/- 0
14 0 +/- 0
15 0 +/- 0
16 0 +/- 0
17 0 +/- 0
18 0 +/- 0
19 0 +/- 0
20 0 +/- 0
21 0 +/- 0
22 0 +/- 0
23 0 +/- 0
24 0 +/- 0
25 0 +/- 0
26 0 +/- 0
27 0 +/- 0
28 0 +/- 0
29 0 +/- 0
30 0 +/- 0
31 0 +/- 0
32 0 +/- 0
33 0 +/- 0
34 0 +/- 0
35 0 +/- 0
36 0 +/- 0
37 0 +/- 0
38 0 +/- 0
39 0 +/- 0
40 0 +/- 0
41 0 +/- 0
42 0 +/- 0
43 0 +/- 0
44 0 +/- 0
45 0 +/- 0
46 0 +/- 0
47 0 +/- 0
48 0 +/- 0
49 0 +/- 0
50 0 +/- 0
51 0 +/- 0
52 0 +/- 0
53 0 +/- 0
54 0 +/- 0
55 0 +/- 0
56 0 +/- 0
57 0 +/- 0
58 0 +/- 0
59 0 +/- 0
60 0 +/- 0
61 0 +/- 0
62 0 +/- 0
63 0 +/- 0
END dQ2
beta: 14.67578125
nconf:  8192
nbatch:  128
BEGIN dQ2
 0 0 +/- 0                  
 1 9.53791e-7 +/- 9.53791e-7
 2 1.90781e-6 +/- 1.90781e-6
 3 2.86207e-6 +/- 2.86207e-6
 4 3.81656e-6 +/- 3.81656e-6
 5 4.77128e-6 +/- 4.77128e-6
 6 5.72624e-6 +/- 5.72624e-6
 7 6.68143e-6 +/- 6.68143e-6
 8 7.63685e-6 +/- 7.63685e-6
 9 8.59251e-6 +/- 8.59251e-6
10 9.5484e-6 +/- 9.5484e-6  
11 1.05045e-5 +/- 1.05045e-5
12 1.14609e-5 +/- 1.14609e-5
13 1.24175e-5 +/- 1.24175e-5
14 1.33743e-5 +/- 1.33743e-5
15 1.43314e-5 +/- 1.43314e-5
16 1.52886e-5 +/- 1.52886e-5
17 1.62462e-5 +/- 1.62462e-5
18 1.72039e-5 +/- 1.72039e-5
19 1.81619e-5 +/- 1.81619e-5
20 1.91202e-5 +/- 1.91202e-5
21 2.00786e-5 +/- 2.00786e-5
22 2.10373e-5 +/- 2.10373e-5
23 2.19963e-5 +/- 2.19963e-5
24 2.29554e-5 +/- 2.29554e-5
25 2.39148e-5 +/- 2.39148e-5
26 2.48745e-5 +/- 2.48745e-5
27 2.58344e-5 +/- 2.58344e-5
28 2.67945e-5 +/- 2.67945e-5
29 2.77548e-5 +/- 2.77548e-5
30 2.87154e-5 +/- 2.87154e-5
31 2.96762e-5 +/- 2.96762e-5
32 3.06373e-5 +/- 3.06373e-5
33 3.15985e-5 +/- 3.15985e-5
34 3.25601e-5 +/- 3.25601e-5
35 3.35218e-5 +/- 3.35218e-5
36 3.44838e-5 +/- 3.44838e-5
37 3.5446e-5 +/- 3.5446e-5  
38 3.64085e-5 +/- 3.64085e-5
39 3.73712e-5 +/- 3.73712e-5
40 3.83342e-5 +/- 3.83342e-5
41 3.92973e-5 +/- 3.92973e-5
42 4.02607e-5 +/- 4.02607e-5
43 4.12244e-5 +/- 4.12244e-5
44 4.21883e-5 +/- 4.21883e-5
45 4.31524e-5 +/- 4.31524e-5
46 4.41167e-5 +/- 4.41167e-5
47 4.50813e-5 +/- 4.50813e-5
48 4.60462e-5 +/- 4.60462e-5
49 4.70112e-5 +/- 4.70112e-5
50 4.79765e-5 +/- 4.79765e-5
51 4.89421e-5 +/- 4.89421e-5
52 4.99079e-5 +/- 4.99079e-5
53 5.08739e-5 +/- 5.08739e-5
54 5.18401e-5 +/- 5.18401e-5
55 5.28066e-5 +/- 5.28066e-5
56 5.37734e-5 +/- 5.37734e-5
57 5.47403e-5 +/- 5.47403e-5
58 5.57075e-5 +/- 5.57075e-5
59 5.6675e-5 +/- 5.6675e-5  
60 5.76426e-5 +/- 5.76426e-5
61 5.86106e-5 +/- 5.86106e-5
62 5.95787e-5 +/- 5.95787e-5
63 6.05471e-5 +/- 6.05471e-5
END dQ2
