
# File: ../s_hmc_l76_params.log
beta: 1.41015625
nconf:  8192
nbatch:  128
BEGIN dQ2
 0 0 +/- 0             
 1 312.418 +/- 0.665373
 2 333.144 +/- 0.675807
 3 339.513 +/- 0.663452
 4 339.842 +/- 0.648162
 5 340.75 +/- 0.65132  
 6 340.684 +/- 0.656294
 7 340.325 +/- 0.641513
 8 340.475 +/- 0.631354
 9 341.246 +/- 0.616774
10 341.138 +/- 0.59541 
11 340.976 +/- 0.644529
12 340.95 +/- 0.651861 
13 340.994 +/- 0.656207
14 340.516 +/- 0.60528 
15 340.045 +/- 0.646096
16 339.991 +/- 0.637097
17 340.284 +/- 0.653691
18 340.691 +/- 0.642219
19 340.631 +/- 0.61491 
20 340.461 +/- 0.644495
21 340.52 +/- 0.611131 
22 340.691 +/- 0.65181 
23 340.457 +/- 0.737902
24 340.323 +/- 0.682247
25 340.919 +/- 0.674329
26 340.692 +/- 0.667694
27 341.241 +/- 0.673822
28 340.963 +/- 0.653137
29 340.985 +/- 0.688689
30 339.983 +/- 0.651305
31 340.85 +/- 0.574294 
32 340.996 +/- 0.622588
33 340.937 +/- 0.657457
34 340.262 +/- 0.640589
35 340.159 +/- 0.654577
36 340.651 +/- 0.599502
37 340.736 +/- 0.620135
38 340.266 +/- 0.629465
39 340.398 +/- 0.629649
40 340.826 +/- 0.598713
41 340.74 +/- 0.657237 
42 340.405 +/- 0.625424
43 341.112 +/- 0.620973
44 340.124 +/- 0.60618 
45 340.908 +/- 0.645237
46 341.072 +/- 0.651724
47 340.143 +/- 0.597948
48 340.312 +/- 0.637119
49 340.663 +/- 0.649616
50 340.277 +/- 0.631628
51 340.165 +/- 0.693719
52 340.768 +/- 0.628022
53 340.308 +/- 0.585106
54 340.294 +/- 0.661039
55 341.161 +/- 0.680749
56 340.535 +/- 0.70151 
57 340.54 +/- 0.718059 
58 340.55 +/- 0.708612 
59 340.872 +/- 0.712024
60 340.534 +/- 0.65251 
61 340.387 +/- 0.638241
62 341.123 +/- 0.634087
63 340.46 +/- 0.652201 
END dQ2
beta: 2.8203125
nconf:  8192
nbatch:  128
BEGIN dQ2
 0 0 +/- 0             
 1 59.9818 +/- 0.117763
 2 91.973 +/- 0.184232 
 3 110.575 +/- 0.21449 
 4 121.818 +/- 0.250474
 5 128.649 +/- 0.283421
 6 132.725 +/- 0.309236
 7 135.28 +/- 0.329768 
 8 136.975 +/- 0.353663
 9 137.831 +/- 0.355924
10 138.466 +/- 0.341913
11 138.798 +/- 0.334362
12 139.004 +/- 0.349875
13 139.202 +/- 0.351463
14 139.246 +/- 0.339278
15 139.184 +/- 0.346541
16 139.26 +/- 0.360744 
17 139.155 +/- 0.350044
18 139.175 +/- 0.342268
19 139.119 +/- 0.345564
20 138.942 +/- 0.35174 
21 138.836 +/- 0.349393
22 138.804 +/- 0.361794
23 138.942 +/- 0.348057
24 139.083 +/- 0.334875
25 139.242 +/- 0.333782
26 139.147 +/- 0.330374
27 139.14 +/- 0.333231 
28 139.088 +/- 0.34739 
29 139.094 +/- 0.367754
30 139.357 +/- 0.36842 
31 139.421 +/- 0.36421 
32 139.329 +/- 0.358973
33 139.263 +/- 0.362779
34 139.296 +/- 0.367518
35 139.287 +/- 0.362019
36 139.443 +/- 0.345735
37 139.529 +/- 0.343414
38 139.489 +/- 0.364064
39 139.397 +/- 0.353181
40 139.214 +/- 0.337971
41 139.161 +/- 0.33297 
42 139.115 +/- 0.323888
43 139.199 +/- 0.329964
44 139.121 +/- 0.334241
45 139.125 +/- 0.336521
46 139.106 +/- 0.351929
47 139.057 +/- 0.368651
48 139.052 +/- 0.354402
49 139.095 +/- 0.352981
50 139.226 +/- 0.352751
51 139.229 +/- 0.351955
52 139.015 +/- 0.338689
53 138.99 +/- 0.355856 
54 139.121 +/- 0.356193
55 139.175 +/- 0.35496 
56 139.101 +/- 0.35751 
57 138.861 +/- 0.354887
58 138.762 +/- 0.344059
59 138.674 +/- 0.354293
60 138.786 +/- 0.356816
61 138.767 +/- 0.37859 
62 138.983 +/- 0.383677
63 139.129 +/- 0.372845
END dQ2
beta: 4.23046875
nconf:  8192
nbatch:  128
BEGIN dQ2
 0 0 +/- 0               
 1 5.06917 +/- 0.00948271
 2 9.57456 +/- 0.0191276 
 3 13.763 +/- 0.0303683  
 4 17.7055 +/- 0.042947  
 5 21.4135 +/- 0.0549003 
 6 24.9091 +/- 0.068339  
 7 28.2017 +/- 0.0818543 
 8 31.3031 +/- 0.0958459 
 9 34.2254 +/- 0.10905   
10 36.9748 +/- 0.123651  
11 39.5624 +/- 0.137214  
12 41.995 +/- 0.149698   
13 44.2784 +/- 0.161125  
14 46.4432 +/- 0.173136  
15 48.4766 +/- 0.183043  
16 50.3921 +/- 0.19426   
17 52.182 +/- 0.204242   
18 53.8823 +/- 0.212421  
19 55.4824 +/- 0.222172  
20 56.9797 +/- 0.232971  
21 58.3929 +/- 0.244219  
22 59.7286 +/- 0.256862  
23 60.9867 +/- 0.269203  
24 62.1756 +/- 0.280353  
25 63.288 +/- 0.291361   
26 64.3337 +/- 0.30103   
27 65.306 +/- 0.311043   
28 66.2061 +/- 0.32131   
29 67.0564 +/- 0.330825  
30 67.8712 +/- 0.339269  
31 68.6341 +/- 0.346194  
32 69.3496 +/- 0.352771  
33 70.0349 +/- 0.358174  
34 70.6836 +/- 0.36307   
35 71.2935 +/- 0.366351  
36 71.8734 +/- 0.369227  
37 72.4198 +/- 0.373615  
38 72.9277 +/- 0.378517  
39 73.3884 +/- 0.384075  
40 73.8207 +/- 0.38967   
41 74.226 +/- 0.394856   
42 74.612 +/- 0.401437   
43 74.9884 +/- 0.407424  
44 75.3363 +/- 0.412272  
45 75.6552 +/- 0.416972  
46 75.9675 +/- 0.420968  
47 76.2616 +/- 0.42443   
48 76.5455 +/- 0.428615  
49 76.8155 +/- 0.432919  
50 77.0776 +/- 0.437702  
51 77.3351 +/- 0.440977  
52 77.5867 +/- 0.44479   
53 77.8186 +/- 0.449063  
54 78.0322 +/- 0.453792  
55 78.2379 +/- 0.457527  
56 78.4231 +/- 0.459744  
57 78.5742 +/- 0.462327  
58 78.7267 +/- 0.46447   
59 78.871 +/- 0.466788   
60 78.9938 +/- 0.468646  
61 79.1137 +/- 0.471001  
62 79.2235 +/- 0.472119  
63 79.3361 +/- 0.474896  
END dQ2
beta: 5.640625
nconf:  8192
nbatch:  128
BEGIN dQ2
 0 0 +/- 0                 
 1 0.352458 +/- 0.000913214
 2 0.687223 +/- 0.00186875 
 3 1.01833 +/- 0.00297728  
 4 1.34621 +/- 0.00416432  
 5 1.67219 +/- 0.00545798  
 6 1.99674 +/- 0.0068491   
 7 2.31959 +/- 0.00831453  
 8 2.64008 +/- 0.00981569  
 9 2.95845 +/- 0.0114472   
10 3.27597 +/- 0.0131592   
11 3.59156 +/- 0.0149803   
12 3.90432 +/- 0.0168921   
13 4.21485 +/- 0.0188071   
14 4.52445 +/- 0.0207692   
15 4.83199 +/- 0.0227839   
16 5.13926 +/- 0.0248052   
17 5.44464 +/- 0.0269857   
18 5.74678 +/- 0.0291742   
19 6.04757 +/- 0.031515    
20 6.34583 +/- 0.0339689   
21 6.64254 +/- 0.036475    
22 6.93693 +/- 0.0390253   
23 7.22973 +/- 0.0416215   
24 7.52069 +/- 0.0442745   
25 7.80953 +/- 0.0469835   
26 8.09691 +/- 0.0496389   
27 8.38262 +/- 0.0523281   
28 8.66567 +/- 0.0549772   
29 8.94666 +/- 0.0575605   
30 9.22559 +/- 0.0601356   
31 9.50375 +/- 0.0627225   
32 9.77903 +/- 0.0654091   
33 10.0527 +/- 0.0680663   
34 10.3246 +/- 0.0707026   
35 10.5947 +/- 0.0733283   
36 10.8632 +/- 0.0759648   
37 11.1296 +/- 0.078524    
38 11.3944 +/- 0.0810518   
39 11.658 +/- 0.0835582    
40 11.9195 +/- 0.0860053   
41 12.1799 +/- 0.08858     
42 12.4386 +/- 0.0912155   
43 12.6954 +/- 0.0938736   
44 12.9514 +/- 0.0964706   
45 13.2062 +/- 0.0990296   
46 13.4592 +/- 0.101585    
47 13.7112 +/- 0.104023    
48 13.9618 +/- 0.106375    
49 14.2115 +/- 0.108744    
50 14.4589 +/- 0.111143    
51 14.7053 +/- 0.113476    
52 14.9499 +/- 0.115794    
53 15.1925 +/- 0.118149    
54 15.4337 +/- 0.1205      
55 15.6744 +/- 0.122803    
56 15.9143 +/- 0.125122    
57 16.1529 +/- 0.127438    
58 16.3896 +/- 0.129779    
59 16.6242 +/- 0.132163    
60 16.8571 +/- 0.134655    
61 17.0907 +/- 0.137268    
62 17.3237 +/- 0.139958    
63 17.5559 +/- 0.142707    
END dQ2
beta: 7.05078125
nconf:  8192
nbatch:  128
BEGIN dQ2
 0 0 +/- 0                  
 1 0.0237246 +/- 0.000172049
 2 0.0466241 +/- 0.000342056
 3 0.069451 +/- 0.000518488 
 4 0.0921594 +/- 0.000702006
 5 0.114886 +/- 0.000884288 
 6 0.137593 +/- 0.00107204  
 7 0.160308 +/- 0.00125317  
 8 0.182985 +/- 0.00143564  
 9 0.205708 +/- 0.00162219  
10 0.228376 +/- 0.00180985  
11 0.250898 +/- 0.0019986   
12 0.27342 +/- 0.00218791   
13 0.295938 +/- 0.00237697  
14 0.318466 +/- 0.00256333  
15 0.341024 +/- 0.00275107  
16 0.363625 +/- 0.00294243  
17 0.386175 +/- 0.00313494  
18 0.408731 +/- 0.0033334   
19 0.431238 +/- 0.00353494  
20 0.453756 +/- 0.00374161  
21 0.476261 +/- 0.00394602  
22 0.498796 +/- 0.0041481   
23 0.521287 +/- 0.00435122  
24 0.543743 +/- 0.00456154  
25 0.566205 +/- 0.00477618  
26 0.588662 +/- 0.0049912   
27 0.611112 +/- 0.00520597  
28 0.633623 +/- 0.00542455  
29 0.656172 +/- 0.00564509  
30 0.678736 +/- 0.0058676   
31 0.701297 +/- 0.00609296  
32 0.723842 +/- 0.00631308  
33 0.746375 +/- 0.00653267  
34 0.768898 +/- 0.00676049  
35 0.791414 +/- 0.00698882  
36 0.813815 +/- 0.00722467  
37 0.836184 +/- 0.00746747  
38 0.85854 +/- 0.00771177   
39 0.880892 +/- 0.00794985  
40 0.903225 +/- 0.00818854  
41 0.925595 +/- 0.00843494  
42 0.947891 +/- 0.00867838  
43 0.970224 +/- 0.00892548  
44 0.992517 +/- 0.00917531  
45 1.01478 +/- 0.0094274    
46 1.03711 +/- 0.00968244   
47 1.05945 +/- 0.0099499    
48 1.08178 +/- 0.0102228    
49 1.10408 +/- 0.010493     
50 1.1264 +/- 0.0107668     
51 1.14869 +/- 0.0110401    
52 1.171 +/- 0.0113122      
53 1.19336 +/- 0.0115856    
54 1.21572 +/- 0.0118581    
55 1.23809 +/- 0.0121295    
56 1.2605 +/- 0.0123984     
57 1.28287 +/- 0.0126684    
58 1.30513 +/- 0.012934     
59 1.32744 +/- 0.0131987    
60 1.34971 +/- 0.0134638    
61 1.37209 +/- 0.0137383    
62 1.39452 +/- 0.0140233    
63 1.41697 +/- 0.0143054    
END dQ2
beta: 8.4609375
nconf:  8192
nbatch:  128
BEGIN dQ2
 0 0 +/- 0                   
 1 0.00163289 +/- 4.39008e-5 
 2 0.00322039 +/- 8.61996e-5 
 3 0.00480446 +/- 0.000128502
 4 0.00639274 +/- 0.000171162
 5 0.00797949 +/- 0.000213921
 6 0.00956282 +/- 0.000256687
 7 0.0111427 +/- 0.000299503 
 8 0.0127249 +/- 0.000342338 
 9 0.0143094 +/- 0.000385172 
10 0.0158904 +/- 0.000427738 
11 0.0174719 +/- 0.000470951 
12 0.0190518 +/- 0.00051425  
13 0.0206273 +/- 0.00055689  
14 0.0222013 +/- 0.000599356 
15 0.0237767 +/- 0.00064166  
16 0.0253543 +/- 0.00068433  
17 0.0269304 +/- 0.00072709  
18 0.0285088 +/- 0.000770014 
19 0.0300953 +/- 0.000813873 
20 0.0316802 +/- 0.000857803 
21 0.0332655 +/- 0.000902402 
22 0.0348531 +/- 0.000947625 
23 0.0364411 +/- 0.00099356  
24 0.0380285 +/- 0.00103919  
25 0.0396183 +/- 0.00108506  
26 0.0412065 +/- 0.00113116  
27 0.042796 +/- 0.00117752   
28 0.0443841 +/- 0.00122346  
29 0.0459725 +/- 0.0012692   
30 0.0475613 +/- 0.00131473  
31 0.0491515 +/- 0.00136008  
32 0.050742 +/- 0.00140518   
33 0.0523329 +/- 0.00145071  
34 0.0539223 +/- 0.00149594  
35 0.0555121 +/- 0.00154146  
36 0.0571062 +/- 0.00158722  
37 0.0587034 +/- 0.00163308  
38 0.0602992 +/- 0.0016795   
39 0.0618954 +/- 0.00172563  
40 0.06349 +/- 0.00177174    
41 0.0650821 +/- 0.00181763  
42 0.0666785 +/- 0.00186377  
43 0.0682772 +/- 0.00190999  
44 0.0698791 +/- 0.00195653  
45 0.0714805 +/- 0.00200322  
46 0.0730803 +/- 0.00204992  
47 0.0746844 +/- 0.00209711  
48 0.0762841 +/- 0.00214392  
49 0.0778909 +/- 0.00219063  
50 0.0795 +/- 0.00223739     
51 0.0811172 +/- 0.00228454  
52 0.08273 +/- 0.00233135    
53 0.0843422 +/- 0.00237794  
54 0.0859509 +/- 0.00242403  
55 0.0875582 +/- 0.0024703   
56 0.0891639 +/- 0.00251646  
57 0.09077 +/- 0.00256256    
58 0.0923765 +/- 0.00260877  
59 0.0939815 +/- 0.00265517  
60 0.0955946 +/- 0.00270209  
61 0.097208 +/- 0.00274926   
62 0.0988219 +/- 0.00279654  
63 0.100432 +/- 0.00284376   
END dQ2
beta: 9.87109375
nconf:  8192
nbatch:  128
BEGIN dQ2
 0 0 +/- 0                   
 1 9.72867e-5 +/- 1.04332e-5 
 2 0.000188874 +/- 1.93844e-5
 3 0.000280483 +/- 2.84882e-5
 4 0.000372115 +/- 3.76356e-5
 5 0.000463769 +/- 4.68025e-5
 6 0.000555445 +/- 5.59803e-5
 7 0.000647144 +/- 6.51654e-5
 8 0.000737911 +/- 7.4239e-5 
 9 0.0008287 +/- 8.3326e-5   
10 0.000919511 +/- 9.2423e-5 
11 0.00101034 +/- 0.000101528
12 0.0011012 +/- 0.00011064  
13 0.00119208 +/- 0.000119757
14 0.00128298 +/- 0.000128879
15 0.0013739 +/- 0.000138005 
16 0.00146484 +/- 0.000147135
17 0.00155581 +/- 0.000156269
18 0.0016468 +/- 0.000165406 
19 0.00173781 +/- 0.000174547
20 0.00182884 +/- 0.000183691
21 0.00191799 +/- 0.000192777
22 0.00200907 +/- 0.000201927
23 0.00210017 +/- 0.000211079
24 0.00219129 +/- 0.000220235
25 0.00228243 +/- 0.000229393
26 0.0023736 +/- 0.000238553 
27 0.00246479 +/- 0.000247716
28 0.002556 +/- 0.000256882  
29 0.00264723 +/- 0.00026605 
30 0.00273849 +/- 0.00027522 
31 0.00282977 +/- 0.000284394
32 0.00292107 +/- 0.000293569
33 0.00301239 +/- 0.000302747
34 0.00310374 +/- 0.000311927
35 0.00319511 +/- 0.00032111 
36 0.0032865 +/- 0.000330295 
37 0.00337791 +/- 0.000339482
38 0.00346935 +/- 0.000348672
39 0.00355985 +/- 0.000357739
40 0.00365037 +/- 0.00036681 
41 0.00374091 +/- 0.000375886
42 0.00383148 +/- 0.000384967
43 0.00392207 +/- 0.000394051
44 0.00401268 +/- 0.00040314 
45 0.00410331 +/- 0.000412233
46 0.00419397 +/- 0.000421329
47 0.00428465 +/- 0.000430429
48 0.00437535 +/- 0.000439533
49 0.00446607 +/- 0.00044864 
50 0.00455681 +/- 0.000457751
51 0.00464662 +/- 0.000466739
52 0.00473645 +/- 0.000475732
53 0.0048263 +/- 0.000484729 
54 0.00491617 +/- 0.000493732
55 0.00500607 +/- 0.000502739
56 0.00509599 +/- 0.000511751
57 0.00518593 +/- 0.000520767
58 0.00527589 +/- 0.000529788
59 0.00536587 +/- 0.000538812
60 0.00545588 +/- 0.000547841
61 0.0055459 +/- 0.000556874 
62 0.00563595 +/- 0.000565911
63 0.00572603 +/- 0.000574951
END dQ2
beta: 11.28125
nconf:  8192
nbatch:  128
BEGIN dQ2
 0 0 +/- 0                    
 1 5.72274e-6 +/- 2.28985e-6  
 2 1.14469e-5 +/- 4.58026e-6  
 3 1.71724e-5 +/- 6.87122e-6  
 4 2.28994e-5 +/- 9.16275e-6  
 5 2.86277e-5 +/- 1.14548e-5  
 6 3.43574e-5 +/- 1.37475e-5  
 7 4.00886e-5 +/- 1.60407e-5  
 8 4.58211e-5 +/- 1.83345e-5  
 9 5.15551e-5 +/- 2.06288e-5  
10 5.72904e-5 +/- 2.29237e-5  
11 6.30271e-5 +/- 2.52191e-5  
12 6.87653e-5 +/- 2.75151e-5  
13 7.45048e-5 +/- 2.98117e-5  
14 8.02458e-5 +/- 3.21088e-5  
15 8.59881e-5 +/- 3.44065e-5  
16 9.17319e-5 +/- 3.67048e-5  
17 9.74771e-5 +/- 3.90036e-5  
18 0.000103224 +/- 4.1303e-5  
19 0.000108972 +/- 4.36029e-5 
20 0.000114721 +/- 4.59035e-5 
21 0.000120472 +/- 4.82045e-5 
22 0.000126224 +/- 5.05062e-5 
23 0.000131978 +/- 5.28084e-5 
24 0.000137733 +/- 5.51111e-5 
25 0.000143489 +/- 5.74144e-5 
26 0.000149247 +/- 5.97183e-5 
27 0.000155006 +/- 6.20228e-5 
28 0.000160767 +/- 6.43278e-5 
29 0.000166529 +/- 6.66334e-5 
30 0.000172292 +/- 6.89395e-5 
31 0.000178057 +/- 7.12463e-5 
32 0.000183824 +/- 7.35535e-5 
33 0.000189591 +/- 7.58614e-5 
34 0.00019536 +/- 7.81698e-5  
35 0.000201131 +/- 8.04788e-5 
36 0.000206903 +/- 8.27883e-5 
37 0.000212676 +/- 8.50984e-5 
38 0.000218451 +/- 8.74091e-5 
39 0.000224227 +/- 8.97203e-5 
40 0.000230005 +/- 9.20321e-5 
41 0.000235784 +/- 9.43445e-5 
42 0.000241564 +/- 9.66575e-5 
43 0.000247346 +/- 9.8971e-5  
44 0.00025313 +/- 0.000101285 
45 0.000258914 +/- 0.0001036  
46 0.0002647 +/- 0.000105915  
47 0.000270488 +/- 0.000108231
48 0.000276277 +/- 0.000110547
49 0.000282067 +/- 0.000112864
50 0.000287859 +/- 0.000115181
51 0.000293652 +/- 0.0001175  
52 0.000299447 +/- 0.000119818
53 0.000305243 +/- 0.000122137
54 0.000311041 +/- 0.000124457
55 0.00031684 +/- 0.000126777 
56 0.00032264 +/- 0.000129098 
57 0.000328442 +/- 0.00013142 
58 0.000334245 +/- 0.000133742
59 0.00034005 +/- 0.000136065 
60 0.000345856 +/- 0.000138388
61 0.000351663 +/- 0.000140711
62 0.000357472 +/- 0.000143036
63 0.000363283 +/- 0.000145361
END dQ2
beta: 12.69140625
nconf:  8192
nbatch:  128
BEGIN dQ2
 0 0 +/- 0
 1 0 +/- 0
 2 0 +/- 0
 3 0 +/- 0
 4 0 +/- 0
 5 0 +/- 0
 6 0 +/- 0
 7 0 +/- 0
 8 0 +/- 0
 9 0 +/- 0
10 0 +/- 0
11 0 +/- 0
12 0 +/- 0
13 0 +/- 0
14 0 +/- 0
15 0 +/- 0
16 0 +/- 0
17 0 +/- 0
18 0 +/- 0
19 0 +/- 0
20 0 +/- 0
21 0 +/- 0
22 0 +/- 0
23 0 +/- 0
24 0 +/- 0
25 0 +/- 0
26 0 +/- 0
27 0 +/- 0
28 0 +/- 0
29 0 +/- 0
30 0 +/- 0
31 0 +/- 0
32 0 +/- 0
33 0 +/- 0
34 0 +/- 0
35 0 +/- 0
36 0 +/- 0
37 0 +/- 0
38 0 +/- 0
39 0 +/- 0
40 0 +/- 0
41 0 +/- 0
42 0 +/- 0
43 0 +/- 0
44 0 +/- 0
45 0 +/- 0
46 0 +/- 0
47 0 +/- 0
48 0 +/- 0
49 0 +/- 0
50 0 +/- 0
51 0 +/- 0
52 0 +/- 0
53 0 +/- 0
54 0 +/- 0
55 0 +/- 0
56 0 +/- 0
57 0 +/- 0
58 0 +/- 0
59 0 +/- 0
60 0 +/- 0
61 0 +/- 0
62 0 +/- 0
63 0 +/- 0
END dQ2
beta: 14.1015625
nconf:  8192
nbatch:  128
BEGIN dQ2
 0 0 +/- 0
 1 0 +/- 0
 2 0 +/- 0
 3 0 +/- 0
 4 0 +/- 0
 5 0 +/- 0
 6 0 +/- 0
 7 0 +/- 0
 8 0 +/- 0
 9 0 +/- 0
10 0 +/- 0
11 0 +/- 0
12 0 +/- 0
13 0 +/- 0
14 0 +/- 0
15 0 +/- 0
16 0 +/- 0
17 0 +/- 0
18 0 +/- 0
19 0 +/- 0
20 0 +/- 0
21 0 +/- 0
22 0 +/- 0
23 0 +/- 0
24 0 +/- 0
25 0 +/- 0
26 0 +/- 0
27 0 +/- 0
28 0 +/- 0
29 0 +/- 0
30 0 +/- 0
31 0 +/- 0
32 0 +/- 0
33 0 +/- 0
34 0 +/- 0
35 0 +/- 0
36 0 +/- 0
37 0 +/- 0
38 0 +/- 0
39 0 +/- 0
40 0 +/- 0
41 0 +/- 0
42 0 +/- 0
43 0 +/- 0
44 0 +/- 0
45 0 +/- 0
46 0 +/- 0
47 0 +/- 0
48 0 +/- 0
49 0 +/- 0
50 0 +/- 0
51 0 +/- 0
52 0 +/- 0
53 0 +/- 0
54 0 +/- 0
55 0 +/- 0
56 0 +/- 0
57 0 +/- 0
58 0 +/- 0
59 0 +/- 0
60 0 +/- 0
61 0 +/- 0
62 0 +/- 0
63 0 +/- 0
END dQ2
beta: 15.51171875
nconf:  8192
nbatch:  128
BEGIN dQ2
 0 0 +/- 0
 1 0 +/- 0
 2 0 +/- 0
 3 0 +/- 0
 4 0 +/- 0
 5 0 +/- 0
 6 0 +/- 0
 7 0 +/- 0
 8 0 +/- 0
 9 0 +/- 0
10 0 +/- 0
11 0 +/- 0
12 0 +/- 0
13 0 +/- 0
14 0 +/- 0
15 0 +/- 0
16 0 +/- 0
17 0 +/- 0
18 0 +/- 0
19 0 +/- 0
20 0 +/- 0
21 0 +/- 0
22 0 +/- 0
23 0 +/- 0
24 0 +/- 0
25 0 +/- 0
26 0 +/- 0
27 0 +/- 0
28 0 +/- 0
29 0 +/- 0
30 0 +/- 0
31 0 +/- 0
32 0 +/- 0
33 0 +/- 0
34 0 +/- 0
35 0 +/- 0
36 0 +/- 0
37 0 +/- 0
38 0 +/- 0
39 0 +/- 0
40 0 +/- 0
41 0 +/- 0
42 0 +/- 0
43 0 +/- 0
44 0 +/- 0
45 0 +/- 0
46 0 +/- 0
47 0 +/- 0
48 0 +/- 0
49 0 +/- 0
50 0 +/- 0
51 0 +/- 0
52 0 +/- 0
53 0 +/- 0
54 0 +/- 0
55 0 +/- 0
56 0 +/- 0
57 0 +/- 0
58 0 +/- 0
59 0 +/- 0
60 0 +/- 0
61 0 +/- 0
62 0 +/- 0
63 0 +/- 0
END dQ2
beta: 16.921875
nconf:  8192
nbatch:  128
BEGIN dQ2
 0 0 +/- 0
 1 0 +/- 0
 2 0 +/- 0
 3 0 +/- 0
 4 0 +/- 0
 5 0 +/- 0
 6 0 +/- 0
 7 0 +/- 0
 8 0 +/- 0
 9 0 +/- 0
10 0 +/- 0
11 0 +/- 0
12 0 +/- 0
13 0 +/- 0
14 0 +/- 0
15 0 +/- 0
16 0 +/- 0
17 0 +/- 0
18 0 +/- 0
19 0 +/- 0
20 0 +/- 0
21 0 +/- 0
22 0 +/- 0
23 0 +/- 0
24 0 +/- 0
25 0 +/- 0
26 0 +/- 0
27 0 +/- 0
28 0 +/- 0
29 0 +/- 0
30 0 +/- 0
31 0 +/- 0
32 0 +/- 0
33 0 +/- 0
34 0 +/- 0
35 0 +/- 0
36 0 +/- 0
37 0 +/- 0
38 0 +/- 0
39 0 +/- 0
40 0 +/- 0
41 0 +/- 0
42 0 +/- 0
43 0 +/- 0
44 0 +/- 0
45 0 +/- 0
46 0 +/- 0
47 0 +/- 0
48 0 +/- 0
49 0 +/- 0
50 0 +/- 0
51 0 +/- 0
52 0 +/- 0
53 0 +/- 0
54 0 +/- 0
55 0 +/- 0
56 0 +/- 0
57 0 +/- 0
58 0 +/- 0
59 0 +/- 0
60 0 +/- 0
61 0 +/- 0
62 0 +/- 0
63 0 +/- 0
END dQ2
beta: 18.33203125
nconf:  8192
nbatch:  128
BEGIN dQ2
 0 0 +/- 0
 1 0 +/- 0
 2 0 +/- 0
 3 0 +/- 0
 4 0 +/- 0
 5 0 +/- 0
 6 0 +/- 0
 7 0 +/- 0
 8 0 +/- 0
 9 0 +/- 0
10 0 +/- 0
11 0 +/- 0
12 0 +/- 0
13 0 +/- 0
14 0 +/- 0
15 0 +/- 0
16 0 +/- 0
17 0 +/- 0
18 0 +/- 0
19 0 +/- 0
20 0 +/- 0
21 0 +/- 0
22 0 +/- 0
23 0 +/- 0
24 0 +/- 0
25 0 +/- 0
26 0 +/- 0
27 0 +/- 0
28 0 +/- 0
29 0 +/- 0
30 0 +/- 0
31 0 +/- 0
32 0 +/- 0
33 0 +/- 0
34 0 +/- 0
35 0 +/- 0
36 0 +/- 0
37 0 +/- 0
38 0 +/- 0
39 0 +/- 0
40 0 +/- 0
41 0 +/- 0
42 0 +/- 0
43 0 +/- 0
44 0 +/- 0
45 0 +/- 0
46 0 +/- 0
47 0 +/- 0
48 0 +/- 0
49 0 +/- 0
50 0 +/- 0
51 0 +/- 0
52 0 +/- 0
53 0 +/- 0
54 0 +/- 0
55 0 +/- 0
56 0 +/- 0
57 0 +/- 0
58 0 +/- 0
59 0 +/- 0
60 0 +/- 0
61 0 +/- 0
62 0 +/- 0
63 0 +/- 0
END dQ2
