
# File: ../s_hmc_l82_params.log
beta: 1.6416015625
nconf:  8192
nbatch:  128
BEGIN dQ2
 0 0 +/- 0             
 1 297.446 +/- 0.567333
 2 324.943 +/- 0.564991
 3 332.076 +/- 0.66194 
 4 333.291 +/- 0.600439
 5 333.95 +/- 0.558061 
 6 333.682 +/- 0.629996
 7 333.633 +/- 0.582219
 8 334.08 +/- 0.578902 
 9 333.525 +/- 0.567514
10 333.633 +/- 0.632069
11 333.806 +/- 0.533648
12 333.423 +/- 0.615009
13 333.842 +/- 0.586441
14 333.397 +/- 0.653151
15 334.043 +/- 0.644155
16 333.611 +/- 0.570581
17 333.918 +/- 0.64575 
18 333.914 +/- 0.589388
19 333.718 +/- 0.610963
20 333.346 +/- 0.578939
21 333.704 +/- 0.584879
22 333.894 +/- 0.567831
23 333.561 +/- 0.61928 
24 333.871 +/- 0.620414
25 333.948 +/- 0.591318
26 333.138 +/- 0.573328
27 333.461 +/- 0.624345
28 333.114 +/- 0.60407 
29 333.828 +/- 0.612364
30 334.106 +/- 0.624004
31 334.314 +/- 0.63267 
32 334.22 +/- 0.641641 
33 333.751 +/- 0.589048
34 333.966 +/- 0.558362
35 333.913 +/- 0.599   
36 333.748 +/- 0.599228
37 334.54 +/- 0.576701 
38 333.917 +/- 0.600524
39 333.491 +/- 0.583023
40 333.527 +/- 0.605963
41 334.195 +/- 0.597333
42 333.437 +/- 0.58078 
43 333.418 +/- 0.587606
44 333.77 +/- 0.637054 
45 333.76 +/- 0.584563 
46 334.571 +/- 0.624903
47 333.925 +/- 0.591548
48 334.035 +/- 0.660312
49 334.026 +/- 0.627933
50 334.042 +/- 0.587856
51 334.106 +/- 0.600856
52 334.32 +/- 0.527385 
53 333.529 +/- 0.574129
54 334.032 +/- 0.586875
55 333.687 +/- 0.547125
56 334.078 +/- 0.617976
57 333.632 +/- 0.581375
58 333.827 +/- 0.633197
59 333.465 +/- 0.58657 
60 333.959 +/- 0.606078
61 333.999 +/- 0.595643
62 334.04 +/- 0.592822 
63 333.709 +/- 0.604126
END dQ2
beta: 3.283203125
nconf:  8192
nbatch:  128
BEGIN dQ2
 0 0 +/- 0              
 1 32.4999 +/- 0.0570941
 2 55.4636 +/- 0.0978042
 3 72.7775 +/- 0.135106 
 4 86.0291 +/- 0.178509 
 5 96.2132 +/- 0.223361 
 6 104.139 +/- 0.260294 
 7 110.256 +/- 0.289872 
 8 115.009 +/- 0.307181 
 9 118.764 +/- 0.335642 
10 121.66 +/- 0.355808  
11 123.896 +/- 0.376963 
12 125.669 +/- 0.397758 
13 127.125 +/- 0.416701 
14 128.194 +/- 0.427305 
15 129.142 +/- 0.442211 
16 129.706 +/- 0.446861 
17 130.15 +/- 0.461401  
18 130.426 +/- 0.463345 
19 130.65 +/- 0.469206  
20 130.851 +/- 0.466264 
21 131.045 +/- 0.459586 
22 131.05 +/- 0.454222  
23 131.12 +/- 0.449454  
24 131.125 +/- 0.449146 
25 131.172 +/- 0.441951 
26 131.227 +/- 0.434955 
27 131.294 +/- 0.433455 
28 131.264 +/- 0.43387  
29 131.16 +/- 0.428648  
30 131.101 +/- 0.421864 
31 131.13 +/- 0.409405  
32 131.164 +/- 0.402816 
33 131.206 +/- 0.406352 
34 131.189 +/- 0.413376 
35 131.295 +/- 0.414109 
36 131.379 +/- 0.41611  
37 131.429 +/- 0.417547 
38 131.444 +/- 0.417846 
39 131.502 +/- 0.410085 
40 131.579 +/- 0.417811 
41 131.475 +/- 0.416523 
42 131.396 +/- 0.421962 
43 131.362 +/- 0.42369  
44 131.337 +/- 0.425761 
45 131.279 +/- 0.425451 
46 131.238 +/- 0.428869 
47 131.182 +/- 0.434023 
48 131.111 +/- 0.436813 
49 131.115 +/- 0.433321 
50 131.014 +/- 0.432976 
51 130.978 +/- 0.435987 
52 130.99 +/- 0.436975  
53 130.953 +/- 0.439278 
54 130.928 +/- 0.439281 
55 130.876 +/- 0.442447 
56 130.902 +/- 0.43614  
57 130.856 +/- 0.429554 
58 130.916 +/- 0.426735 
59 130.991 +/- 0.432975 
60 131.18 +/- 0.441864  
61 131.258 +/- 0.443598 
62 131.306 +/- 0.440377 
63 131.253 +/- 0.449519 
END dQ2
beta: 4.9248046875
nconf:  8192
nbatch:  128
BEGIN dQ2
 0 0 +/- 0               
 1 1.6491 +/- 0.00288871 
 2 3.18744 +/- 0.0057924 
 3 4.68352 +/- 0.00943918
 4 6.14601 +/- 0.0134822 
 5 7.57484 +/- 0.0178048 
 6 8.9743 +/- 0.0229302  
 7 10.3521 +/- 0.0288122 
 8 11.701 +/- 0.0354779  
 9 13.0236 +/- 0.0425634 
10 14.32 +/- 0.0498091   
11 15.5899 +/- 0.0572996 
12 16.8334 +/- 0.0646307 
13 18.0491 +/- 0.072159  
14 19.2414 +/- 0.0796644 
15 20.4112 +/- 0.0871466 
16 21.5559 +/- 0.0948622 
17 22.6746 +/- 0.103075  
18 23.7723 +/- 0.111207  
19 24.8471 +/- 0.11924   
20 25.9022 +/- 0.127243  
21 26.9375 +/- 0.135165  
22 27.9555 +/- 0.143038  
23 28.9564 +/- 0.150343  
24 29.9343 +/- 0.157854  
25 30.8956 +/- 0.165437  
26 31.8417 +/- 0.172941  
27 32.7759 +/- 0.180417  
28 33.6932 +/- 0.187722  
29 34.5887 +/- 0.194618  
30 35.4639 +/- 0.201209  
31 36.3189 +/- 0.207319  
32 37.159 +/- 0.213201   
33 37.9859 +/- 0.218779  
34 38.792 +/- 0.224228   
35 39.5841 +/- 0.22962   
36 40.3595 +/- 0.234705  
37 41.1131 +/- 0.239988  
38 41.8492 +/- 0.245173  
39 42.573 +/- 0.250993   
40 43.2809 +/- 0.257207  
41 43.9712 +/- 0.263669  
42 44.6455 +/- 0.270281  
43 45.3071 +/- 0.277211  
44 45.9572 +/- 0.284463  
45 46.5907 +/- 0.291647  
46 47.2084 +/- 0.298911  
47 47.8143 +/- 0.305833  
48 48.4118 +/- 0.312824  
49 48.9965 +/- 0.319987  
50 49.5727 +/- 0.327994  
51 50.1416 +/- 0.33597   
52 50.7011 +/- 0.34384   
53 51.2449 +/- 0.351505  
54 51.7775 +/- 0.359466  
55 52.2996 +/- 0.368011  
56 52.8157 +/- 0.376541  
57 53.3263 +/- 0.385088  
58 53.8245 +/- 0.393415  
59 54.317 +/- 0.401306   
60 54.795 +/- 0.409103   
61 55.2645 +/- 0.41654   
62 55.7215 +/- 0.424037  
63 56.1662 +/- 0.431151  
END dQ2
beta: 6.56640625
nconf:  8192
nbatch:  128
BEGIN dQ2
 0 0 +/- 0                  
 1 0.0669924 +/- 0.000295836
 2 0.131243 +/- 0.000584955 
 3 0.194768 +/- 0.000886246 
 4 0.258275 +/- 0.00118761  
 5 0.321748 +/- 0.00150315  
 6 0.385254 +/- 0.0018377   
 7 0.448759 +/- 0.00219226  
 8 0.512085 +/- 0.00256046  
 9 0.575423 +/- 0.00295419  
10 0.63865 +/- 0.00335685   
11 0.701764 +/- 0.00377368  
12 0.764989 +/- 0.00418823  
13 0.828199 +/- 0.00463301  
14 0.8913 +/- 0.00506779    
15 0.954377 +/- 0.00550593  
16 1.01715 +/- 0.00595131   
17 1.07984 +/- 0.00638631   
18 1.14233 +/- 0.00681069   
19 1.20459 +/- 0.00722975   
20 1.26681 +/- 0.00765877   
21 1.32882 +/- 0.00810106   
22 1.39048 +/- 0.00855451   
23 1.4519 +/- 0.0090191     
24 1.51329 +/- 0.0094981    
25 1.57459 +/- 0.00995423   
26 1.63576 +/- 0.0104348    
27 1.69689 +/- 0.0109496    
28 1.75782 +/- 0.0114939    
29 1.81879 +/- 0.0120407    
30 1.87968 +/- 0.0126021    
31 1.9404 +/- 0.0131939     
32 2.00127 +/- 0.0138029    
33 2.06222 +/- 0.0144371    
34 2.12311 +/- 0.0150677    
35 2.1842 +/- 0.0157191     
36 2.24543 +/- 0.0163832    
37 2.3065 +/- 0.0170646     
38 2.36747 +/- 0.017734     
39 2.42832 +/- 0.018406     
40 2.48935 +/- 0.0190823    
41 2.55036 +/- 0.0197392    
42 2.61136 +/- 0.0203936    
43 2.67222 +/- 0.0210556    
44 2.73312 +/- 0.0217468    
45 2.79386 +/- 0.0224497    
46 2.85455 +/- 0.0231571    
47 2.91514 +/- 0.0238605    
48 2.97564 +/- 0.0245715    
49 3.03597 +/- 0.0252834    
50 3.09639 +/- 0.0260018    
51 3.15666 +/- 0.0267314    
52 3.2168 +/- 0.027471      
53 3.27677 +/- 0.0282182    
54 3.33676 +/- 0.0289594    
55 3.39668 +/- 0.0297159    
56 3.45659 +/- 0.0304573    
57 3.51635 +/- 0.0311985    
58 3.57601 +/- 0.0319677    
59 3.6357 +/- 0.03274       
60 3.69521 +/- 0.0335069    
61 3.75492 +/- 0.0342836    
62 3.81461 +/- 0.0350485    
63 3.87422 +/- 0.0358375    
END dQ2
beta: 8.2080078125
nconf:  8192
nbatch:  128
BEGIN dQ2
 0 0 +/- 0                   
 1 0.00304641 +/- 5.73862e-5 
 2 0.00600198 +/- 0.000109713
 3 0.00892966 +/- 0.000161742
 4 0.0118561 +/- 0.000213915 
 5 0.0147767 +/- 0.000267466 
 6 0.0177074 +/- 0.000320981 
 7 0.0206428 +/- 0.000374797 
 8 0.0235721 +/- 0.000428858 
 9 0.0265041 +/- 0.000484379 
10 0.0294482 +/- 0.000541453 
11 0.032394 +/- 0.000598985  
12 0.0353329 +/- 0.000656601 
13 0.0382726 +/- 0.000715008 
14 0.0412072 +/- 0.000773716 
15 0.0441253 +/- 0.000832861 
16 0.0470327 +/- 0.000891512 
17 0.0499417 +/- 0.000950356 
18 0.05284 +/- 0.00100936    
19 0.055738 +/- 0.00106842   
20 0.0586349 +/- 0.00112722  
21 0.0615286 +/- 0.00118587  
22 0.0644249 +/- 0.00124508  
23 0.0673067 +/- 0.00130409  
24 0.0701767 +/- 0.00136245  
25 0.0730417 +/- 0.00142056  
26 0.0759102 +/- 0.0014788   
27 0.0787747 +/- 0.00153742  
28 0.0816351 +/- 0.00159487  
29 0.0844885 +/- 0.00165373  
30 0.0873493 +/- 0.0017131   
31 0.0902099 +/- 0.00177244  
32 0.093053 +/- 0.00183166   
33 0.0958987 +/- 0.00189097  
34 0.0987537 +/- 0.00195128  
35 0.101608 +/- 0.00201141   
36 0.104468 +/- 0.00207176   
37 0.107322 +/- 0.00213242   
38 0.110177 +/- 0.00219299   
39 0.113028 +/- 0.00225429   
40 0.11589 +/- 0.00231578    
41 0.118749 +/- 0.00237806   
42 0.121602 +/- 0.00244043   
43 0.124447 +/- 0.00250298   
44 0.127294 +/- 0.00256634   
45 0.130127 +/- 0.00262942   
46 0.132946 +/- 0.00269195   
47 0.135767 +/- 0.00275501   
48 0.138577 +/- 0.00281875   
49 0.141387 +/- 0.00288294   
50 0.144189 +/- 0.00294807   
51 0.146998 +/- 0.00301349   
52 0.149796 +/- 0.0030785    
53 0.152598 +/- 0.00314424   
54 0.155405 +/- 0.00321048   
55 0.158218 +/- 0.00327749   
56 0.161034 +/- 0.00334585   
57 0.16385 +/- 0.00341507    
58 0.166668 +/- 0.00348446   
59 0.16948 +/- 0.00355441    
60 0.172291 +/- 0.00362448   
61 0.175105 +/- 0.00369474   
62 0.177916 +/- 0.00376535   
63 0.180726 +/- 0.00383564   
END dQ2
beta: 9.849609375
nconf:  8192
nbatch:  128
BEGIN dQ2
 0 0 +/- 0                   
 1 0.000112547 +/- 9.14531e-6
 2 0.000225122 +/- 1.82928e-5
 3 0.000335816 +/- 2.72923e-5
 4 0.000446538 +/- 3.63604e-5
 5 0.000557286 +/- 4.54574e-5
 6 0.000668061 +/- 5.45699e-5
 7 0.000778864 +/- 6.36924e-5
 8 0.000889693 +/- 7.28218e-5
 9 0.00100055 +/- 8.19566e-5 
10 0.00111143 +/- 9.10959e-5 
11 0.00122234 +/- 0.000100239
12 0.00133328 +/- 0.000109386
13 0.00144425 +/- 0.000118535
14 0.00155524 +/- 0.000127688
15 0.0016653 +/- 0.000136838 
16 0.00177539 +/- 0.000145996
17 0.00188551 +/- 0.000155161
18 0.00199566 +/- 0.000164333
19 0.00210583 +/- 0.000173511
20 0.00221603 +/- 0.000182695
21 0.00232625 +/- 0.000191883
22 0.00243651 +/- 0.000201076
23 0.00254679 +/- 0.000210273
24 0.00265709 +/- 0.000219473
25 0.00276743 +/- 0.000228678
26 0.00287779 +/- 0.000237887
27 0.00298817 +/- 0.000247098
28 0.00309859 +/- 0.000256313
29 0.00320903 +/- 0.000265532
30 0.0033195 +/- 0.000274753 
31 0.00342904 +/- 0.00028397 
32 0.0035386 +/- 0.000293192 
33 0.0036482 +/- 0.00030242  
34 0.00375781 +/- 0.000311653
35 0.00386938 +/- 0.00032132 
36 0.00398096 +/- 0.000331002
37 0.00409258 +/- 0.000340699
38 0.00420422 +/- 0.000350408
39 0.0043159 +/- 0.00036013  
40 0.00442759 +/- 0.000369863
41 0.00453932 +/- 0.000379607
42 0.00465107 +/- 0.000389362
43 0.00476285 +/- 0.000399126
44 0.00487466 +/- 0.000408899
45 0.0049865 +/- 0.00041868  
46 0.00509836 +/- 0.00042847 
47 0.00521025 +/- 0.000438268
48 0.00532217 +/- 0.000448073
49 0.00543412 +/- 0.000457886
50 0.00554609 +/- 0.000467705
51 0.00565809 +/- 0.000477531
52 0.00577012 +/- 0.000487363
53 0.00588217 +/- 0.000497202
54 0.00599426 +/- 0.000507046
55 0.00610637 +/- 0.000516896
56 0.0062185 +/- 0.000526752 
57 0.00633067 +/- 0.000536613
58 0.00644286 +/- 0.000546479
59 0.00655508 +/- 0.00055635 
60 0.00666733 +/- 0.000566226
61 0.00677961 +/- 0.000576107
62 0.00689191 +/- 0.000585993
63 0.00700424 +/- 0.000595883
END dQ2
beta: 11.4912109375
nconf:  8192
nbatch:  128
BEGIN dQ2
 0 0 +/- 0                    
 1 6.67654e-6 +/- 2.46316e-6  
 2 1.33547e-5 +/- 4.92693e-6  
 3 2.00345e-5 +/- 7.39129e-6  
 4 2.67159e-5 +/- 9.85626e-6  
 5 3.3399e-5 +/- 1.23218e-5   
 6 4.00837e-5 +/- 1.4788e-5   
 7 4.677e-5 +/- 1.72548e-5    
 8 5.3458e-5 +/- 1.97221e-5   
 9 6.01476e-5 +/- 2.21901e-5  
10 6.68388e-5 +/- 2.46587e-5  
11 7.35317e-5 +/- 2.71279e-5  
12 8.02262e-5 +/- 2.95977e-5  
13 8.69223e-5 +/- 3.20681e-5  
14 9.36201e-5 +/- 3.45391e-5  
15 0.000100319 +/- 3.70107e-5 
16 0.000107021 +/- 3.94829e-5 
17 0.000113723 +/- 4.19557e-5 
18 0.000120428 +/- 4.44291e-5 
19 0.000127134 +/- 4.69031e-5 
20 0.000133841 +/- 4.93778e-5 
21 0.00014055 +/- 5.1853e-5   
22 0.000147261 +/- 5.43288e-5 
23 0.000153974 +/- 5.68053e-5 
24 0.000160688 +/- 5.92823e-5 
25 0.000167404 +/- 6.176e-5   
26 0.000174121 +/- 6.42383e-5 
27 0.00018084 +/- 6.67171e-5  
28 0.000187561 +/- 6.91966e-5 
29 0.000194284 +/- 7.16767e-5 
30 0.000201008 +/- 7.41574e-5 
31 0.000207733 +/- 7.66387e-5 
32 0.000214461 +/- 7.91206e-5 
33 0.00022119 +/- 8.16031e-5  
34 0.00022792 +/- 8.40863e-5  
35 0.000234653 +/- 8.657e-5   
36 0.000241387 +/- 8.90544e-5 
37 0.000248122 +/- 9.15393e-5 
38 0.00025486 +/- 9.40249e-5  
39 0.000261598 +/- 9.6511e-5  
40 0.000268339 +/- 9.89978e-5 
41 0.000275081 +/- 0.000101485
42 0.000281825 +/- 0.000103973
43 0.000288571 +/- 0.000106462
44 0.000295318 +/- 0.000108951
45 0.000302067 +/- 0.000111441
46 0.000308817 +/- 0.000113931
47 0.000315569 +/- 0.000116422
48 0.000322323 +/- 0.000118914
49 0.000329079 +/- 0.000121406
50 0.000335836 +/- 0.000123899
51 0.000342595 +/- 0.000126393
52 0.000349355 +/- 0.000128887
53 0.000356117 +/- 0.000131382
54 0.000362881 +/- 0.000133877
55 0.000369646 +/- 0.000136373
56 0.000376413 +/- 0.00013887 
57 0.000383182 +/- 0.000141367
58 0.000389953 +/- 0.000143865
59 0.000396725 +/- 0.000146363
60 0.000403499 +/- 0.000148862
61 0.000410274 +/- 0.000151362
62 0.000417051 +/- 0.000153862
63 0.00042383 +/- 0.000156363 
END dQ2
beta: 13.1328125
nconf:  8192
nbatch:  128
BEGIN dQ2
 0 0 +/- 0
 1 0 +/- 0
 2 0 +/- 0
 3 0 +/- 0
 4 0 +/- 0
 5 0 +/- 0
 6 0 +/- 0
 7 0 +/- 0
 8 0 +/- 0
 9 0 +/- 0
10 0 +/- 0
11 0 +/- 0
12 0 +/- 0
13 0 +/- 0
14 0 +/- 0
15 0 +/- 0
16 0 +/- 0
17 0 +/- 0
18 0 +/- 0
19 0 +/- 0
20 0 +/- 0
21 0 +/- 0
22 0 +/- 0
23 0 +/- 0
24 0 +/- 0
25 0 +/- 0
26 0 +/- 0
27 0 +/- 0
28 0 +/- 0
29 0 +/- 0
30 0 +/- 0
31 0 +/- 0
32 0 +/- 0
33 0 +/- 0
34 0 +/- 0
35 0 +/- 0
36 0 +/- 0
37 0 +/- 0
38 0 +/- 0
39 0 +/- 0
40 0 +/- 0
41 0 +/- 0
42 0 +/- 0
43 0 +/- 0
44 0 +/- 0
45 0 +/- 0
46 0 +/- 0
47 0 +/- 0
48 0 +/- 0
49 0 +/- 0
50 0 +/- 0
51 0 +/- 0
52 0 +/- 0
53 0 +/- 0
54 0 +/- 0
55 0 +/- 0
56 0 +/- 0
57 0 +/- 0
58 0 +/- 0
59 0 +/- 0
60 0 +/- 0
61 0 +/- 0
62 0 +/- 0
63 0 +/- 0
END dQ2
beta: 14.7744140625
nconf:  8192
nbatch:  128
BEGIN dQ2
 0 0 +/- 0
 1 0 +/- 0
 2 0 +/- 0
 3 0 +/- 0
 4 0 +/- 0
 5 0 +/- 0
 6 0 +/- 0
 7 0 +/- 0
 8 0 +/- 0
 9 0 +/- 0
10 0 +/- 0
11 0 +/- 0
12 0 +/- 0
13 0 +/- 0
14 0 +/- 0
15 0 +/- 0
16 0 +/- 0
17 0 +/- 0
18 0 +/- 0
19 0 +/- 0
20 0 +/- 0
21 0 +/- 0
22 0 +/- 0
23 0 +/- 0
24 0 +/- 0
25 0 +/- 0
26 0 +/- 0
27 0 +/- 0
28 0 +/- 0
29 0 +/- 0
30 0 +/- 0
31 0 +/- 0
32 0 +/- 0
33 0 +/- 0
34 0 +/- 0
35 0 +/- 0
36 0 +/- 0
37 0 +/- 0
38 0 +/- 0
39 0 +/- 0
40 0 +/- 0
41 0 +/- 0
42 0 +/- 0
43 0 +/- 0
44 0 +/- 0
45 0 +/- 0
46 0 +/- 0
47 0 +/- 0
48 0 +/- 0
49 0 +/- 0
50 0 +/- 0
51 0 +/- 0
52 0 +/- 0
53 0 +/- 0
54 0 +/- 0
55 0 +/- 0
56 0 +/- 0
57 0 +/- 0
58 0 +/- 0
59 0 +/- 0
60 0 +/- 0
61 0 +/- 0
62 0 +/- 0
63 0 +/- 0
END dQ2
beta: 16.416015625
nconf:  8192
nbatch:  128
BEGIN dQ2
 0 0 +/- 0
 1 0 +/- 0
 2 0 +/- 0
 3 0 +/- 0
 4 0 +/- 0
 5 0 +/- 0
 6 0 +/- 0
 7 0 +/- 0
 8 0 +/- 0
 9 0 +/- 0
10 0 +/- 0
11 0 +/- 0
12 0 +/- 0
13 0 +/- 0
14 0 +/- 0
15 0 +/- 0
16 0 +/- 0
17 0 +/- 0
18 0 +/- 0
19 0 +/- 0
20 0 +/- 0
21 0 +/- 0
22 0 +/- 0
23 0 +/- 0
24 0 +/- 0
25 0 +/- 0
26 0 +/- 0
27 0 +/- 0
28 0 +/- 0
29 0 +/- 0
30 0 +/- 0
31 0 +/- 0
32 0 +/- 0
33 0 +/- 0
34 0 +/- 0
35 0 +/- 0
36 0 +/- 0
37 0 +/- 0
38 0 +/- 0
39 0 +/- 0
40 0 +/- 0
41 0 +/- 0
42 0 +/- 0
43 0 +/- 0
44 0 +/- 0
45 0 +/- 0
46 0 +/- 0
47 0 +/- 0
48 0 +/- 0
49 0 +/- 0
50 0 +/- 0
51 0 +/- 0
52 0 +/- 0
53 0 +/- 0
54 0 +/- 0
55 0 +/- 0
56 0 +/- 0
57 0 +/- 0
58 0 +/- 0
59 0 +/- 0
60 0 +/- 0
61 0 +/- 0
62 0 +/- 0
63 0 +/- 0
END dQ2
beta: 18.0576171875
nconf:  8192
nbatch:  128
BEGIN dQ2
 0 0 +/- 0
 1 0 +/- 0
 2 0 +/- 0
 3 0 +/- 0
 4 0 +/- 0
 5 0 +/- 0
 6 0 +/- 0
 7 0 +/- 0
 8 0 +/- 0
 9 0 +/- 0
10 0 +/- 0
11 0 +/- 0
12 0 +/- 0
13 0 +/- 0
14 0 +/- 0
15 0 +/- 0
16 0 +/- 0
17 0 +/- 0
18 0 +/- 0
19 0 +/- 0
20 0 +/- 0
21 0 +/- 0
22 0 +/- 0
23 0 +/- 0
24 0 +/- 0
25 0 +/- 0
26 0 +/- 0
27 0 +/- 0
28 0 +/- 0
29 0 +/- 0
30 0 +/- 0
31 0 +/- 0
32 0 +/- 0
33 0 +/- 0
34 0 +/- 0
35 0 +/- 0
36 0 +/- 0
37 0 +/- 0
38 0 +/- 0
39 0 +/- 0
40 0 +/- 0
41 0 +/- 0
42 0 +/- 0
43 0 +/- 0
44 0 +/- 0
45 0 +/- 0
46 0 +/- 0
47 0 +/- 0
48 0 +/- 0
49 0 +/- 0
50 0 +/- 0
51 0 +/- 0
52 0 +/- 0
53 0 +/- 0
54 0 +/- 0
55 0 +/- 0
56 0 +/- 0
57 0 +/- 0
58 0 +/- 0
59 0 +/- 0
60 0 +/- 0
61 0 +/- 0
62 0 +/- 0
63 0 +/- 0
END dQ2
beta: 19.69921875
nconf:  8192
nbatch:  128
BEGIN dQ2
 0 0 +/- 0
 1 0 +/- 0
 2 0 +/- 0
 3 0 +/- 0
 4 0 +/- 0
 5 0 +/- 0
 6 0 +/- 0
 7 0 +/- 0
 8 0 +/- 0
 9 0 +/- 0
10 0 +/- 0
11 0 +/- 0
12 0 +/- 0
13 0 +/- 0
14 0 +/- 0
15 0 +/- 0
16 0 +/- 0
17 0 +/- 0
18 0 +/- 0
19 0 +/- 0
20 0 +/- 0
21 0 +/- 0
22 0 +/- 0
23 0 +/- 0
24 0 +/- 0
25 0 +/- 0
26 0 +/- 0
27 0 +/- 0
28 0 +/- 0
29 0 +/- 0
30 0 +/- 0
31 0 +/- 0
32 0 +/- 0
33 0 +/- 0
34 0 +/- 0
35 0 +/- 0
36 0 +/- 0
37 0 +/- 0
38 0 +/- 0
39 0 +/- 0
40 0 +/- 0
41 0 +/- 0
42 0 +/- 0
43 0 +/- 0
44 0 +/- 0
45 0 +/- 0
46 0 +/- 0
47 0 +/- 0
48 0 +/- 0
49 0 +/- 0
50 0 +/- 0
51 0 +/- 0
52 0 +/- 0
53 0 +/- 0
54 0 +/- 0
55 0 +/- 0
56 0 +/- 0
57 0 +/- 0
58 0 +/- 0
59 0 +/- 0
60 0 +/- 0
61 0 +/- 0
62 0 +/- 0
63 0 +/- 0
END dQ2
beta: 21.3408203125
nconf:  8192
nbatch:  128
BEGIN dQ2
 0 0 +/- 0
 1 0 +/- 0
 2 0 +/- 0
 3 0 +/- 0
 4 0 +/- 0
 5 0 +/- 0
 6 0 +/- 0
 7 0 +/- 0
 8 0 +/- 0
 9 0 +/- 0
10 0 +/- 0
11 0 +/- 0
12 0 +/- 0
13 0 +/- 0
14 0 +/- 0
15 0 +/- 0
16 0 +/- 0
17 0 +/- 0
18 0 +/- 0
19 0 +/- 0
20 0 +/- 0
21 0 +/- 0
22 0 +/- 0
23 0 +/- 0
24 0 +/- 0
25 0 +/- 0
26 0 +/- 0
27 0 +/- 0
28 0 +/- 0
29 0 +/- 0
30 0 +/- 0
31 0 +/- 0
32 0 +/- 0
33 0 +/- 0
34 0 +/- 0
35 0 +/- 0
36 0 +/- 0
37 0 +/- 0
38 0 +/- 0
39 0 +/- 0
40 0 +/- 0
41 0 +/- 0
42 0 +/- 0
43 0 +/- 0
44 0 +/- 0
45 0 +/- 0
46 0 +/- 0
47 0 +/- 0
48 0 +/- 0
49 0 +/- 0
50 0 +/- 0
51 0 +/- 0
52 0 +/- 0
53 0 +/- 0
54 0 +/- 0
55 0 +/- 0
56 0 +/- 0
57 0 +/- 0
58 0 +/- 0
59 0 +/- 0
60 0 +/- 0
61 0 +/- 0
62 0 +/- 0
63 0 +/- 0
END dQ2
