
# File: ../s_hmc_l256_params.log
beta: 1
nconf:  8192
nbatch:  128
BEGIN dQ2
 0 0 +/- 0            
 1 4767.55 +/- 10.8254
 2 5178.32 +/- 11.3937
 3 5289.69 +/- 11.1531
 4 5325.57 +/- 11.3947
 5 5331.03 +/- 11.4965
 6 5338.27 +/- 10.8097
 7 5331.98 +/- 11.877 
 8 5331.3 +/- 11.8126 
 9 5334.25 +/- 11.172 
10 5335.71 +/- 11.881 
11 5333.65 +/- 11.5649
12 5325.34 +/- 10.6878
13 5329.87 +/- 10.5776
14 5329.83 +/- 10.904 
15 5336.01 +/- 11.1952
16 5334.03 +/- 11.6781
17 5337.83 +/- 11.2961
18 5331.26 +/- 11.6867
19 5324.15 +/- 11.1543
20 5327.82 +/- 10.6116
21 5334.13 +/- 11.0804
22 5327.4 +/- 10.813  
23 5329.13 +/- 11.7651
24 5328.53 +/- 11.9423
25 5335.54 +/- 11.2328
26 5334.65 +/- 10.7637
27 5340.1 +/- 10.8411 
28 5331.81 +/- 11.0215
29 5343.66 +/- 11.5296
30 5332.27 +/- 11.1575
31 5336.17 +/- 11.3043
32 5330.07 +/- 11.0293
33 5328.88 +/- 10.7713
34 5333.59 +/- 10.674 
35 5335.12 +/- 10.8368
36 5335 +/- 11.0541   
37 5331.59 +/- 10.8221
38 5337.36 +/- 11.176 
39 5339.14 +/- 11.456 
40 5341.08 +/- 11.4509
41 5345.33 +/- 10.7893
42 5342.2 +/- 10.3474 
43 5325.76 +/- 11.3616
44 5331.5 +/- 11.401  
45 5328.99 +/- 10.07  
46 5326.38 +/- 10.0904
47 5332.57 +/- 10.6031
48 5333.18 +/- 11.846 
49 5335.93 +/- 11.7766
50 5346.01 +/- 10.7955
51 5326.93 +/- 10.742 
52 5336.59 +/- 11.6003
53 5335.15 +/- 11.6038
54 5328.75 +/- 11.7078
55 5336.1 +/- 11.2059 
56 5332.46 +/- 11.8203
57 5328.14 +/- 10.5142
58 5334.02 +/- 11.0397
59 5335.54 +/- 11.8446
60 5330.16 +/- 11.291 
61 5334.95 +/- 12.1168
62 5328.65 +/- 11.4635
63 5331.47 +/- 11.103 
END dQ2
beta: 2
nconf:  8192
nbatch:  128
BEGIN dQ2
 0 0 +/- 0            
 1 2028.4 +/- 4.01015 
 2 2390.98 +/- 4.75344
 3 2488.26 +/- 4.738  
 4 2517.89 +/- 4.93846
 5 2527.47 +/- 4.74149
 6 2529.88 +/- 4.71953
 7 2533.12 +/- 4.90086
 8 2534.76 +/- 4.77116
 9 2534.08 +/- 4.9577 
10 2535.41 +/- 4.80909
11 2529.6 +/- 5.13564 
12 2534.15 +/- 4.84988
13 2533.43 +/- 5.26653
14 2531.65 +/- 5.44096
15 2534.84 +/- 5.13426
16 2534.72 +/- 4.97669
17 2532.24 +/- 5.25012
18 2532.81 +/- 5.06303
19 2532.07 +/- 5.00121
20 2531.96 +/- 5.13135
21 2535.11 +/- 4.68117
22 2537.63 +/- 5.05957
23 2536.55 +/- 4.77003
24 2536.06 +/- 4.94963
25 2535.61 +/- 4.9703 
26 2535.21 +/- 4.8559 
27 2537.36 +/- 4.98142
28 2535.18 +/- 5.40933
29 2536.44 +/- 5.44007
30 2534.71 +/- 4.97781
31 2531.64 +/- 5.11657
32 2530.56 +/- 5.06794
33 2533.21 +/- 5.10917
34 2531.93 +/- 4.9454 
35 2533 +/- 4.94215   
36 2535.64 +/- 5.01348
37 2538.77 +/- 5.51321
38 2537.9 +/- 4.86388 
39 2536.16 +/- 4.5868 
40 2534.26 +/- 4.73491
41 2539.23 +/- 5.04307
42 2535.35 +/- 4.9587 
43 2539.44 +/- 5.01489
44 2536.75 +/- 5.14663
45 2538.43 +/- 4.7912 
46 2540.49 +/- 4.81773
47 2535.48 +/- 4.63572
48 2532.11 +/- 4.88808
49 2532.62 +/- 5.24815
50 2534.94 +/- 5.22196
51 2536.14 +/- 5.3823 
52 2535.24 +/- 5.19067
53 2533.34 +/- 5.14004
54 2530.3 +/- 4.96026 
55 2528.25 +/- 5.12039
56 2532.17 +/- 4.94829
57 2531.75 +/- 4.9485 
58 2537.11 +/- 4.87485
59 2535.29 +/- 4.63723
60 2534.55 +/- 4.97946
61 2533.81 +/- 5.09239
62 2534.63 +/- 4.63792
63 2532.32 +/- 4.66808
END dQ2
beta: 3
nconf:  8192
nbatch:  128
BEGIN dQ2
 0 0 +/- 0             
 1 497.587 +/- 0.928203
 2 801.433 +/- 1.63693 
 3 1004.33 +/- 2.24782 
 4 1143.22 +/- 2.71837 
 5 1238.57 +/- 3.03335 
 6 1303.53 +/- 3.30796 
 7 1348.38 +/- 3.50357 
 8 1379.67 +/- 3.65958 
 9 1400.87 +/- 3.79031 
10 1417.16 +/- 3.91324 
11 1429.68 +/- 4.07457 
12 1437.29 +/- 4.09617 
13 1441.21 +/- 4.19184 
14 1442.33 +/- 4.1367  
15 1444.54 +/- 4.18365 
16 1445.45 +/- 4.21554 
17 1446.35 +/- 4.2264  
18 1446.2 +/- 4.29438  
19 1447.39 +/- 4.32808 
20 1449 +/- 4.42516    
21 1450.12 +/- 4.51417 
22 1451.17 +/- 4.48382 
23 1450.86 +/- 4.45259 
24 1450.1 +/- 4.43819  
25 1450.27 +/- 4.4309  
26 1450.2 +/- 4.41675  
27 1449.58 +/- 4.36993 
28 1448.74 +/- 4.3581  
29 1449.52 +/- 4.52258 
30 1451.31 +/- 4.67321 
31 1450.44 +/- 4.68933 
32 1451.76 +/- 4.64631 
33 1451.29 +/- 4.5633  
34 1451.47 +/- 4.55777 
35 1450.95 +/- 4.50851 
36 1450.45 +/- 4.41908 
37 1449.69 +/- 4.33439 
38 1449.61 +/- 4.24217 
39 1450.06 +/- 4.14255 
40 1450.35 +/- 4.02048 
41 1449.42 +/- 4.00265 
42 1449.46 +/- 4.04987 
43 1448.87 +/- 4.09107 
44 1449.63 +/- 4.09779 
45 1448.35 +/- 4.06939 
46 1448.23 +/- 4.09828 
47 1447.51 +/- 4.16912 
48 1448.64 +/- 4.32803 
49 1448.58 +/- 4.40824 
50 1449.26 +/- 4.52706 
51 1446.59 +/- 4.52107 
52 1445.31 +/- 4.41308 
53 1444.77 +/- 4.44893 
54 1445.9 +/- 4.38948  
55 1446.94 +/- 4.28183 
56 1448.22 +/- 4.19133 
57 1447.62 +/- 4.14688 
58 1447.08 +/- 4.19054 
59 1446.82 +/- 4.18596 
60 1445.94 +/- 4.19207 
61 1446.54 +/- 4.23713 
62 1447.89 +/- 4.18085 
63 1448.92 +/- 4.19062 
END dQ2
beta: 4
nconf:  8192
nbatch:  128
BEGIN dQ2
 0 0 +/- 0             
 1 86.6145 +/- 0.139734
 2 161.052 +/- 0.305821
 3 228.516 +/- 0.498613
 4 290.121 +/- 0.688267
 5 346.589 +/- 0.868279
 6 398.36 +/- 1.04277  
 7 446.034 +/- 1.22349 
 8 489.587 +/- 1.41    
 9 529.552 +/- 1.63404 
10 566.3 +/- 1.83662   
11 599.934 +/- 2.01202 
12 630.878 +/- 2.19939 
13 659.389 +/- 2.3652  
14 685.829 +/- 2.53943 
15 710.129 +/- 2.71057 
16 732.69 +/- 2.89416  
17 753.218 +/- 3.07744 
18 772.145 +/- 3.2476  
19 789.785 +/- 3.39714 
20 805.851 +/- 3.51938 
21 820.441 +/- 3.64447 
22 833.847 +/- 3.76771 
23 846.294 +/- 3.87567 
24 858.01 +/- 3.96325  
25 868.568 +/- 4.03048 
26 878.394 +/- 4.08791 
27 887.346 +/- 4.1352  
28 895.579 +/- 4.17784 
29 903.164 +/- 4.21031 
30 910.02 +/- 4.21261  
31 916.222 +/- 4.24098 
32 921.805 +/- 4.26691 
33 926.732 +/- 4.28776 
34 931.376 +/- 4.33696 
35 935.582 +/- 4.36096 
36 939.449 +/- 4.39601 
37 943.015 +/- 4.43678 
38 946.311 +/- 4.48804 
39 949.279 +/- 4.54621 
40 952.317 +/- 4.60974 
41 955.355 +/- 4.63993 
42 958.119 +/- 4.68689 
43 960.767 +/- 4.74908 
44 963.37 +/- 4.81615  
45 965.882 +/- 4.87504 
46 968.07 +/- 4.93188  
47 969.962 +/- 5.00632 
48 971.643 +/- 5.07888 
49 973.188 +/- 5.10395 
50 974.567 +/- 5.12833 
51 975.447 +/- 5.13513 
52 976.336 +/- 5.15755 
53 977.331 +/- 5.20745 
54 978.172 +/- 5.24467 
55 978.994 +/- 5.30216 
56 979.777 +/- 5.35276 
57 980.468 +/- 5.40858 
58 980.866 +/- 5.47407 
59 981.291 +/- 5.54993 
60 981.68 +/- 5.63879  
61 982.189 +/- 5.7246  
62 982.664 +/- 5.79608 
63 983.241 +/- 5.82852 
END dQ2
beta: 5
nconf:  8192
nbatch:  128
BEGIN dQ2
 0 0 +/- 0              
 1 13.3813 +/- 0.0210689
 2 25.8471 +/- 0.0447131
 3 37.9806 +/- 0.072965 
 4 49.8809 +/- 0.109388 
 5 61.6009 +/- 0.151586 
 6 73.1282 +/- 0.197558 
 7 84.4141 +/- 0.249597 
 8 95.4869 +/- 0.303591 
 9 106.371 +/- 0.362561 
10 117.136 +/- 0.426708 
11 127.691 +/- 0.48942  
12 138.136 +/- 0.553105 
13 148.411 +/- 0.617907 
14 158.525 +/- 0.683932 
15 168.46 +/- 0.752821  
16 178.226 +/- 0.825499 
17 187.851 +/- 0.900175 
18 197.307 +/- 0.973908 
19 206.566 +/- 1.04965  
20 215.67 +/- 1.12715   
21 224.632 +/- 1.20442  
22 233.415 +/- 1.28016  
23 242.045 +/- 1.35406  
24 250.546 +/- 1.42692  
25 258.883 +/- 1.49658  
26 267.095 +/- 1.56621  
27 275.182 +/- 1.63636  
28 283.121 +/- 1.70504  
29 290.928 +/- 1.76981  
30 298.6 +/- 1.82864    
31 306.125 +/- 1.88416  
32 313.497 +/- 1.93834  
33 320.716 +/- 1.98766  
34 327.839 +/- 2.03732  
35 334.827 +/- 2.08631  
36 341.713 +/- 2.13457  
37 348.464 +/- 2.18404  
38 355.094 +/- 2.23339  
39 361.65 +/- 2.28688   
40 368.133 +/- 2.33936  
41 374.487 +/- 2.39284  
42 380.776 +/- 2.44425  
43 386.936 +/- 2.49858  
44 393 +/- 2.55238      
45 398.951 +/- 2.60699  
46 404.77 +/- 2.66295   
47 410.508 +/- 2.71835  
48 416.168 +/- 2.77805  
49 421.681 +/- 2.83893  
50 427.106 +/- 2.90163  
51 432.407 +/- 2.96314  
52 437.621 +/- 3.02352  
53 442.719 +/- 3.08524  
54 447.694 +/- 3.14732  
55 452.594 +/- 3.20748  
56 457.393 +/- 3.26858  
57 462.081 +/- 3.32929  
58 466.663 +/- 3.39271  
59 471.151 +/- 3.45557  
60 475.592 +/- 3.52108  
61 479.975 +/- 3.58703  
62 484.317 +/- 3.65516  
63 488.616 +/- 3.72295  
END dQ2
beta: 6
nconf:  8192
nbatch:  128
BEGIN dQ2
 0 0 +/- 0               
 1 1.97875 +/- 0.00337909
 2 3.87369 +/- 0.00763281
 3 5.74903 +/- 0.0130832 
 4 7.6146 +/- 0.0200969  
 5 9.47061 +/- 0.0278092 
 6 11.3178 +/- 0.0363785 
 7 13.158 +/- 0.0453817  
 8 14.998 +/- 0.0544489  
 9 16.8262 +/- 0.0642221 
10 18.6501 +/- 0.0743412 
11 20.4674 +/- 0.0845656 
12 22.2791 +/- 0.0956789 
13 24.0802 +/- 0.107421  
14 25.8811 +/- 0.119182  
15 27.6728 +/- 0.131094  
16 29.463 +/- 0.143229   
17 31.255 +/- 0.156143   
18 33.046 +/- 0.169723   
19 34.8305 +/- 0.183624  
20 36.6106 +/- 0.197773  
21 38.3858 +/- 0.21237   
22 40.1602 +/- 0.227179  
23 41.9307 +/- 0.242118  
24 43.6937 +/- 0.257638  
25 45.4472 +/- 0.273316  
26 47.1975 +/- 0.289357  
27 48.9422 +/- 0.304853  
28 50.6804 +/- 0.320562  
29 52.4091 +/- 0.337138  
30 54.1303 +/- 0.354508  
31 55.8456 +/- 0.371499  
32 57.5619 +/- 0.389123  
33 59.2673 +/- 0.407047  
34 60.9687 +/- 0.425493  
35 62.6711 +/- 0.443763  
36 64.3683 +/- 0.461986  
37 66.0603 +/- 0.480522  
38 67.7451 +/- 0.49892   
39 69.4275 +/- 0.517556  
40 71.1082 +/- 0.536602  
41 72.7841 +/- 0.555831  
42 74.4514 +/- 0.575629  
43 76.1197 +/- 0.59605   
44 77.7759 +/- 0.616011  
45 79.4306 +/- 0.636351  
46 81.0777 +/- 0.656884  
47 82.7224 +/- 0.676811  
48 84.3642 +/- 0.697219  
49 86.0053 +/- 0.717625  
50 87.6459 +/- 0.738624  
51 89.276 +/- 0.759859   
52 90.9044 +/- 0.780986  
53 92.5319 +/- 0.802792  
54 94.1589 +/- 0.824257  
55 95.7826 +/- 0.846096  
56 97.3966 +/- 0.867999  
57 99.0138 +/- 0.889958  
58 100.628 +/- 0.912183  
59 102.24 +/- 0.934093   
60 103.847 +/- 0.956428  
61 105.453 +/- 0.97848   
62 107.05 +/- 1.00057    
63 108.65 +/- 1.02283    
END dQ2
beta: 7
nconf:  8192
nbatch:  128
BEGIN dQ2
 0 0 +/- 0                 
 1 0.289641 +/- 0.000714546
 2 0.56844 +/- 0.00161442  
 3 0.84554 +/- 0.00266486  
 4 1.1227 +/- 0.00378967   
 5 1.3997 +/- 0.00504639   
 6 1.67655 +/- 0.00637831  
 7 1.95324 +/- 0.00778983  
 8 2.2296 +/- 0.00924502   
 9 2.50679 +/- 0.0107557   
10 2.78424 +/- 0.0122883   
11 3.06137 +/- 0.0138233   
12 3.33757 +/- 0.0155115   
13 3.61331 +/- 0.0172203   
14 3.88887 +/- 0.0189398   
15 4.16521 +/- 0.020703    
16 4.44194 +/- 0.022538    
17 4.71834 +/- 0.0244607   
18 4.99361 +/- 0.0264932   
19 5.2691 +/- 0.0284978    
20 5.54453 +/- 0.0305884   
21 5.81934 +/- 0.032706    
22 6.09467 +/- 0.03488     
23 6.37083 +/- 0.0370474   
24 6.64604 +/- 0.0391938   
25 6.92158 +/- 0.0413526   
26 7.19659 +/- 0.0436334   
27 7.47121 +/- 0.0459007   
28 7.74653 +/- 0.048115    
29 8.0216 +/- 0.0503823    
30 8.29638 +/- 0.052679    
31 8.57071 +/- 0.0550785   
32 8.84409 +/- 0.0575197   
33 9.11714 +/- 0.0599012   
34 9.3899 +/- 0.0623318    
35 9.66201 +/- 0.0648864   
36 9.93343 +/- 0.0673697   
37 10.205 +/- 0.069932     
38 10.476 +/- 0.0725458    
39 10.7468 +/- 0.0752066   
40 11.0171 +/- 0.0779188   
41 11.2878 +/- 0.0806314   
42 11.5585 +/- 0.0833718   
43 11.829 +/- 0.086162     
44 12.0994 +/- 0.0889516   
45 12.3699 +/- 0.0917321   
46 12.6406 +/- 0.0945802   
47 12.9118 +/- 0.0973984   
48 13.1832 +/- 0.100219    
49 13.4536 +/- 0.103084    
50 13.7236 +/- 0.105974    
51 13.9922 +/- 0.108905    
52 14.2611 +/- 0.111956    
53 14.5292 +/- 0.115081    
54 14.7965 +/- 0.118317    
55 15.0636 +/- 0.121557    
56 15.3306 +/- 0.124802    
57 15.5978 +/- 0.128036    
58 15.8651 +/- 0.131384    
59 16.1323 +/- 0.134841    
60 16.4001 +/- 0.138352    
61 16.6675 +/- 0.141945    
62 16.9343 +/- 0.145642    
63 17.2016 +/- 0.149328    
END dQ2
beta: 8
nconf:  1927
nbatch:  128
BEGIN dQ2
 0 0 +/- 0                  
 1 0.0415896 +/- 0.000499674
 2 0.0816964 +/- 0.000996644
 3 0.121447 +/- 0.00151889  
 4 0.161146 +/- 0.00205933  
 5 0.200719 +/- 0.00263521  
 6 0.240431 +/- 0.00322808  
 7 0.280233 +/- 0.00383348  
 8 0.320186 +/- 0.00446684  
 9 0.360243 +/- 0.00510936  
10 0.400015 +/- 0.00577343  
11 0.439571 +/- 0.00645119  
12 0.478986 +/- 0.00712772  
13 0.518707 +/- 0.00782976  
14 0.558142 +/- 0.00855664  
15 0.597942 +/- 0.00930631  
16 0.637673 +/- 0.0100446   
17 0.677221 +/- 0.0107926   
18 0.717093 +/- 0.0115529   
19 0.756834 +/- 0.0123244   
20 0.796613 +/- 0.0130695   
21 0.836474 +/- 0.0138377   
22 0.876202 +/- 0.0146346   
23 0.915733 +/- 0.0154293   
24 0.954948 +/- 0.0162174   
25 0.993929 +/- 0.0170158   
26 1.03284 +/- 0.017807     
27 1.07167 +/- 0.0186113    
28 1.11037 +/- 0.01944      
29 1.14912 +/- 0.020292     
30 1.18808 +/- 0.0211275    
31 1.22703 +/- 0.0219964    
32 1.26594 +/- 0.0228642    
33 1.30469 +/- 0.0237205    
34 1.34349 +/- 0.0245863    
35 1.38252 +/- 0.0254561    
36 1.42163 +/- 0.026314     
37 1.46081 +/- 0.0272114    
38 1.5 +/- 0.0281141        
39 1.53926 +/- 0.0290376    
40 1.57847 +/- 0.0299689    
41 1.61735 +/- 0.0309179    
42 1.65657 +/- 0.0318803    
43 1.69586 +/- 0.0328678    
44 1.7352 +/- 0.0338632     
45 1.77453 +/- 0.0348641    
46 1.81384 +/- 0.0358952    
47 1.85309 +/- 0.036937     
48 1.89245 +/- 0.0379709    
49 1.9319 +/- 0.0390025     
50 1.97148 +/- 0.0400468    
51 2.01092 +/- 0.0410647    
52 2.05022 +/- 0.0421215    
53 2.08998 +/- 0.0432051    
54 2.1296 +/- 0.0442548     
55 2.16933 +/- 0.0453304    
56 2.20913 +/- 0.0464085    
57 2.2488 +/- 0.0474866     
58 2.2885 +/- 0.0485711     
59 2.32825 +/- 0.0496832    
60 2.36794 +/- 0.0508165    
61 2.40738 +/- 0.0519642    
62 2.44697 +/- 0.0531193    
63 2.48644 +/- 0.054311     
END dQ2
