
# File: ../s_hmc_l88_params.log
beta: 1.890625
nconf:  8192
nbatch:  128
BEGIN dQ2
 0 0 +/- 0             
 1 269.299 +/- 0.59019 
 2 310.136 +/- 0.660848
 3 320.143 +/- 0.742054
 4 322.787 +/- 0.736155
 5 322.79 +/- 0.687059 
 6 323.757 +/- 0.647334
 7 324.192 +/- 0.639995
 8 324.313 +/- 0.659871
 9 324.46 +/- 0.682435 
10 324.191 +/- 0.710761
11 324.418 +/- 0.742468
12 324.076 +/- 0.725798
13 324.138 +/- 0.684433
14 323.515 +/- 0.651753
15 323.281 +/- 0.696545
16 323.789 +/- 0.687992
17 324.265 +/- 0.700692
18 324.079 +/- 0.703753
19 323.735 +/- 0.677446
20 323.978 +/- 0.695837
21 323.911 +/- 0.674013
22 323.614 +/- 0.694526
23 324.2 +/- 0.677529  
24 324.389 +/- 0.681339
25 324.282 +/- 0.742986
26 324.588 +/- 0.716984
27 324.612 +/- 0.758526
28 324.044 +/- 0.69371 
29 324.593 +/- 0.686595
30 324.381 +/- 0.656013
31 324.113 +/- 0.679374
32 324.373 +/- 0.684385
33 323.63 +/- 0.692382 
34 324.063 +/- 0.656973
35 324.04 +/- 0.649199 
36 324.491 +/- 0.656848
37 324.831 +/- 0.665297
38 324.718 +/- 0.672893
39 324.155 +/- 0.70026 
40 323.673 +/- 0.662774
41 323.572 +/- 0.644994
42 324.248 +/- 0.696346
43 324.305 +/- 0.655638
44 324.799 +/- 0.677093
45 323.95 +/- 0.677565 
46 324.087 +/- 0.675617
47 324.106 +/- 0.699346
48 324.321 +/- 0.689199
49 324.145 +/- 0.651483
50 323.635 +/- 0.681684
51 324.652 +/- 0.68065 
52 324.627 +/- 0.685713
53 324.403 +/- 0.713049
54 324.514 +/- 0.673183
55 323.776 +/- 0.688176
56 324.437 +/- 0.712905
57 324.215 +/- 0.670557
58 324.963 +/- 0.6444  
59 323.973 +/- 0.696758
60 324.395 +/- 0.691588
61 324.633 +/- 0.68697 
62 324.044 +/- 0.728258
63 323.992 +/- 0.668516
END dQ2
beta: 3.78125
nconf:  8192
nbatch:  128
BEGIN dQ2
 0 0 +/- 0              
 1 15.5057 +/- 0.027165 
 2 28.3007 +/- 0.0526455
 3 39.4222 +/- 0.0849368
 4 49.2279 +/- 0.119201 
 5 57.963 +/- 0.151105  
 6 65.7384 +/- 0.186994 
 7 72.5663 +/- 0.22032  
 8 78.6127 +/- 0.252216 
 9 83.944 +/- 0.283649  
10 88.7074 +/- 0.314063 
11 92.9242 +/- 0.339103 
12 96.6235 +/- 0.363779 
13 99.9277 +/- 0.382706 
14 102.837 +/- 0.397441 
15 105.455 +/- 0.41391  
16 107.806 +/- 0.427397 
17 109.833 +/- 0.440947 
18 111.611 +/- 0.456104 
19 113.185 +/- 0.466634 
20 114.577 +/- 0.476646 
21 115.823 +/- 0.484013 
22 116.921 +/- 0.492855 
23 117.905 +/- 0.501257 
24 118.756 +/- 0.509966 
25 119.519 +/- 0.522801 
26 120.189 +/- 0.529257 
27 120.749 +/- 0.535931 
28 121.25 +/- 0.541466  
29 121.765 +/- 0.543189 
30 122.142 +/- 0.541123 
31 122.47 +/- 0.542745  
32 122.765 +/- 0.540885 
33 123.016 +/- 0.542343 
34 123.266 +/- 0.544    
35 123.491 +/- 0.547309 
36 123.711 +/- 0.550534 
37 123.894 +/- 0.556376 
38 124.065 +/- 0.562412 
39 124.215 +/- 0.571632 
40 124.382 +/- 0.577812 
41 124.6 +/- 0.584997   
42 124.793 +/- 0.590994 
43 124.944 +/- 0.597126 
44 125.09 +/- 0.602429  
45 125.248 +/- 0.609096 
46 125.392 +/- 0.61501  
47 125.458 +/- 0.620543 
48 125.554 +/- 0.626309 
49 125.653 +/- 0.629296 
50 125.703 +/- 0.633056 
51 125.733 +/- 0.636176 
52 125.73 +/- 0.639828  
53 125.759 +/- 0.640733 
54 125.795 +/- 0.641907 
55 125.837 +/- 0.642221 
56 125.882 +/- 0.643275 
57 125.931 +/- 0.643105 
58 126.002 +/- 0.647737 
59 126.061 +/- 0.648226 
60 126.11 +/- 0.645325  
61 126.153 +/- 0.634918 
62 126.196 +/- 0.630493 
63 126.17 +/- 0.627891  
END dQ2
beta: 5.671875
nconf:  8192
nbatch:  128
BEGIN dQ2
 0 0 +/- 0                
 1 0.451227 +/- 0.00109505
 2 0.879332 +/- 0.00229277
 3 1.30218 +/- 0.00357829 
 4 1.72288 +/- 0.00509372 
 5 2.14109 +/- 0.00676384 
 6 2.55575 +/- 0.00853453 
 7 2.96841 +/- 0.0103128  
 8 3.37876 +/- 0.0122734  
 9 3.78643 +/- 0.0142357  
10 4.18994 +/- 0.016367   
11 4.59239 +/- 0.0186348  
12 4.99341 +/- 0.0209062  
13 5.39258 +/- 0.0232945  
14 5.78965 +/- 0.0258885  
15 6.18351 +/- 0.0285116  
16 6.57482 +/- 0.0312225  
17 6.96475 +/- 0.0338635  
18 7.35237 +/- 0.0366009  
19 7.73952 +/- 0.0392464  
20 8.12228 +/- 0.0420494  
21 8.50265 +/- 0.0449098  
22 8.88042 +/- 0.0477912  
23 9.25767 +/- 0.0507633  
24 9.6326 +/- 0.0538944   
25 10.0061 +/- 0.0570177  
26 10.3777 +/- 0.0603075  
27 10.7483 +/- 0.0636209  
28 11.1163 +/- 0.0669975  
29 11.4832 +/- 0.0704926  
30 11.8483 +/- 0.0739592  
31 12.2104 +/- 0.0774717  
32 12.5718 +/- 0.0810741  
33 12.9306 +/- 0.08464    
34 13.2886 +/- 0.0882253  
35 13.6443 +/- 0.091878   
36 13.9971 +/- 0.0956353  
37 14.3484 +/- 0.0993753  
38 14.6986 +/- 0.103076   
39 15.0472 +/- 0.106753   
40 15.3942 +/- 0.110323   
41 15.7406 +/- 0.113781   
42 16.0844 +/- 0.117193   
43 16.4258 +/- 0.120533   
44 16.7654 +/- 0.12376    
45 17.1039 +/- 0.126926   
46 17.4409 +/- 0.130092   
47 17.776 +/- 0.133295    
48 18.1089 +/- 0.136486   
49 18.442 +/- 0.139693    
50 18.7727 +/- 0.142804   
51 19.1026 +/- 0.145944   
52 19.4305 +/- 0.14904    
53 19.7573 +/- 0.152237   
54 20.0823 +/- 0.155488   
55 20.4052 +/- 0.158608   
56 20.7244 +/- 0.161716   
57 21.0416 +/- 0.164932   
58 21.358 +/- 0.168115    
59 21.6724 +/- 0.171451   
60 21.9857 +/- 0.174955   
61 22.2962 +/- 0.178363   
62 22.6049 +/- 0.181743   
63 22.9111 +/- 0.185185   
END dQ2
beta: 7.5625
nconf:  8192
nbatch:  128
BEGIN dQ2
 0 0 +/- 0                  
 1 0.011766 +/- 0.000107279 
 2 0.0231141 +/- 0.000212079
 3 0.0344174 +/- 0.000316028
 4 0.0457396 +/- 0.000422708
 5 0.057056 +/- 0.000531005 
 6 0.0683656 +/- 0.00064125 
 7 0.0796636 +/- 0.000753307
 8 0.0909435 +/- 0.000863793
 9 0.10224 +/- 0.000979434  
10 0.113509 +/- 0.0011002   
11 0.124803 +/- 0.00122191  
12 0.136046 +/- 0.00134237  
13 0.147295 +/- 0.00146245  
14 0.158539 +/- 0.00158832  
15 0.1698 +/- 0.00171767    
16 0.181087 +/- 0.00185326  
17 0.192348 +/- 0.00198941  
18 0.2036 +/- 0.00212691    
19 0.214857 +/- 0.00226685  
20 0.226099 +/- 0.00240416  
21 0.237343 +/- 0.00254159  
22 0.248547 +/- 0.00267775  
23 0.259738 +/- 0.00281361  
24 0.270923 +/- 0.00294939  
25 0.28211 +/- 0.00308333   
26 0.293301 +/- 0.00321787  
27 0.304478 +/- 0.00335372  
28 0.315633 +/- 0.00349197  
29 0.326775 +/- 0.00362786  
30 0.337908 +/- 0.00376043  
31 0.349053 +/- 0.00389527  
32 0.360214 +/- 0.00403052  
33 0.371368 +/- 0.00416697  
34 0.382541 +/- 0.0043018   
35 0.393686 +/- 0.0044351   
36 0.404825 +/- 0.00456873  
37 0.415932 +/- 0.00470072  
38 0.427031 +/- 0.00483493  
39 0.438117 +/- 0.00497057  
40 0.449225 +/- 0.0051054   
41 0.460325 +/- 0.00523825  
42 0.471394 +/- 0.00537356  
43 0.482477 +/- 0.00550852  
44 0.493558 +/- 0.00564533  
45 0.504629 +/- 0.00578108  
46 0.5157 +/- 0.00591666    
47 0.526783 +/- 0.00605541  
48 0.537903 +/- 0.00619591  
49 0.549017 +/- 0.00634106  
50 0.560105 +/- 0.00648871  
51 0.571198 +/- 0.00663924  
52 0.582277 +/- 0.00679069  
53 0.593392 +/- 0.00694663  
54 0.60457 +/- 0.00710387   
55 0.615705 +/- 0.00726255  
56 0.626836 +/- 0.00742277  
57 0.637971 +/- 0.00758386  
58 0.6491 +/- 0.00774627    
59 0.660227 +/- 0.00790826  
60 0.671392 +/- 0.00807524  
61 0.682571 +/- 0.00824054  
62 0.693716 +/- 0.00840647  
63 0.704837 +/- 0.00857034  
END dQ2
beta: 9.453125
nconf:  8192
nbatch:  128
BEGIN dQ2
 0 0 +/- 0                   
 1 0.000286137 +/- 1.63309e-5
 2 0.000568529 +/- 3.22898e-5
 3 0.000849081 +/- 4.82865e-5
 4 0.00112875 +/- 6.4082e-5  
 5 0.00140848 +/- 7.9911e-5  
 6 0.00168829 +/- 9.5759e-5  
 7 0.00196816 +/- 0.000111619
 8 0.0022481 +/- 0.000127489 
 9 0.00252811 +/- 0.000143366
10 0.00280818 +/- 0.00015925 
11 0.00308833 +/- 0.00017514 
12 0.00336854 +/- 0.000191034
13 0.00364787 +/- 0.000206895
14 0.00392727 +/- 0.000222765
15 0.00420673 +/- 0.000238642
16 0.00448626 +/- 0.000254526
17 0.00476586 +/- 0.000270416
18 0.00504458 +/- 0.000286331
19 0.00532145 +/- 0.000301812
20 0.00559743 +/- 0.000317388
21 0.00587348 +/- 0.000332985
22 0.00614959 +/- 0.0003486  
23 0.00642578 +/- 0.00036423 
24 0.00670203 +/- 0.000379875
25 0.00697835 +/- 0.000395533
26 0.00725474 +/- 0.000411204
27 0.00753119 +/- 0.000426886
28 0.00780772 +/- 0.000442578
29 0.00808431 +/- 0.00045828 
30 0.00836096 +/- 0.000473992
31 0.00863769 +/- 0.000489712
32 0.00891448 +/- 0.00050544 
33 0.00919135 +/- 0.000521176
34 0.00946732 +/- 0.000536761
35 0.00974336 +/- 0.000552355
36 0.0100195 +/- 0.000567957 
37 0.0102976 +/- 0.000583773 
38 0.0105757 +/- 0.000599602 
39 0.0108539 +/- 0.000615445 
40 0.0111322 +/- 0.0006313   
41 0.0114106 +/- 0.000647167 
42 0.011689 +/- 0.000663045  
43 0.0119675 +/- 0.000678934 
44 0.0122461 +/- 0.000694832 
45 0.0125267 +/- 0.000710712 
46 0.0128073 +/- 0.000726607 
47 0.013088 +/- 0.000742515  
48 0.0133687 +/- 0.000758436 
49 0.0136496 +/- 0.00077437  
50 0.0139305 +/- 0.000790316 
51 0.0142114 +/- 0.000806274 
52 0.0144925 +/- 0.000822243 
53 0.0147736 +/- 0.000838222 
54 0.0150548 +/- 0.000854212 
55 0.0153341 +/- 0.000869776 
56 0.0156135 +/- 0.000885353 
57 0.0158929 +/- 0.000900943 
58 0.0161725 +/- 0.000916546 
59 0.0164521 +/- 0.000932162 
60 0.0167317 +/- 0.000947788 
61 0.0170134 +/- 0.000963633 
62 0.0172951 +/- 0.000979492 
63 0.0175769 +/- 0.000995366 
END dQ2
beta: 11.34375
nconf:  8192
nbatch:  128
BEGIN dQ2
 0 0 +/- 0                    
 1 1.04917e-5 +/- 3.03627e-6  
 2 2.0986e-5 +/- 6.07328e-6   
 3 3.14828e-5 +/- 9.11104e-6  
 4 4.19822e-5 +/- 1.21495e-5  
 5 5.24841e-5 +/- 1.51888e-5  
 6 6.29886e-5 +/- 1.82288e-5  
 7 7.34957e-5 +/- 2.12695e-5  
 8 8.40054e-5 +/- 2.43109e-5  
 9 9.45176e-5 +/- 2.73532e-5  
10 0.000105032 +/- 3.03961e-5 
11 0.00011555 +/- 3.34398e-5  
12 0.00012607 +/- 3.64842e-5  
13 0.000136592 +/- 3.95294e-5 
14 0.000147117 +/- 4.25754e-5 
15 0.000157645 +/- 4.5622e-5  
16 0.000168175 +/- 4.86695e-5 
17 0.000178708 +/- 5.17176e-5 
18 0.000189243 +/- 5.47665e-5 
19 0.000199781 +/- 5.78162e-5 
20 0.000210322 +/- 6.08666e-5 
21 0.000220865 +/- 6.39178e-5 
22 0.000231411 +/- 6.69697e-5 
23 0.000241959 +/- 7.00223e-5 
24 0.00025251 +/- 7.30757e-5  
25 0.000263063 +/- 7.61298e-5 
26 0.000273619 +/- 7.91847e-5 
27 0.000284178 +/- 8.22404e-5 
28 0.000294739 +/- 8.52967e-5 
29 0.000305303 +/- 8.83539e-5 
30 0.000315869 +/- 9.14118e-5 
31 0.000326438 +/- 9.44704e-5 
32 0.00033701 +/- 9.75298e-5  
33 0.000347584 +/- 0.00010059 
34 0.000358161 +/- 0.000103651
35 0.00036874 +/- 0.000106712 
36 0.000379322 +/- 0.000109775
37 0.000389906 +/- 0.000112838
38 0.000400494 +/- 0.000115902
39 0.000411083 +/- 0.000118966
40 0.000421676 +/- 0.000122032
41 0.000432271 +/- 0.000125098
42 0.000442868 +/- 0.000128165
43 0.000453468 +/- 0.000131233
44 0.000464071 +/- 0.000134301
45 0.000474676 +/- 0.00013737 
46 0.000485284 +/- 0.00014044 
47 0.000495895 +/- 0.000143511
48 0.000506508 +/- 0.000146582
49 0.000517124 +/- 0.000149654
50 0.000527742 +/- 0.000152727
51 0.000538363 +/- 0.000155801
52 0.000548986 +/- 0.000158875
53 0.000559613 +/- 0.00016195 
54 0.000570241 +/- 0.000165026
55 0.000580873 +/- 0.000168103
56 0.000591507 +/- 0.000171181
57 0.000602144 +/- 0.000174259
58 0.000612783 +/- 0.000177338
59 0.000623425 +/- 0.000180418
60 0.000634069 +/- 0.000183498
61 0.000644716 +/- 0.000186579
62 0.000655366 +/- 0.000189661
63 0.000666018 +/- 0.000192744
END dQ2
beta: 13.234375
nconf:  8192
nbatch:  128
BEGIN dQ2
 0 0 +/- 0
 1 0 +/- 0
 2 0 +/- 0
 3 0 +/- 0
 4 0 +/- 0
 5 0 +/- 0
 6 0 +/- 0
 7 0 +/- 0
 8 0 +/- 0
 9 0 +/- 0
10 0 +/- 0
11 0 +/- 0
12 0 +/- 0
13 0 +/- 0
14 0 +/- 0
15 0 +/- 0
16 0 +/- 0
17 0 +/- 0
18 0 +/- 0
19 0 +/- 0
20 0 +/- 0
21 0 +/- 0
22 0 +/- 0
23 0 +/- 0
24 0 +/- 0
25 0 +/- 0
26 0 +/- 0
27 0 +/- 0
28 0 +/- 0
29 0 +/- 0
30 0 +/- 0
31 0 +/- 0
32 0 +/- 0
33 0 +/- 0
34 0 +/- 0
35 0 +/- 0
36 0 +/- 0
37 0 +/- 0
38 0 +/- 0
39 0 +/- 0
40 0 +/- 0
41 0 +/- 0
42 0 +/- 0
43 0 +/- 0
44 0 +/- 0
45 0 +/- 0
46 0 +/- 0
47 0 +/- 0
48 0 +/- 0
49 0 +/- 0
50 0 +/- 0
51 0 +/- 0
52 0 +/- 0
53 0 +/- 0
54 0 +/- 0
55 0 +/- 0
56 0 +/- 0
57 0 +/- 0
58 0 +/- 0
59 0 +/- 0
60 0 +/- 0
61 0 +/- 0
62 0 +/- 0
63 0 +/- 0
END dQ2
beta: 15.125
nconf:  8192
nbatch:  128
BEGIN dQ2
 0 0 +/- 0
 1 0 +/- 0
 2 0 +/- 0
 3 0 +/- 0
 4 0 +/- 0
 5 0 +/- 0
 6 0 +/- 0
 7 0 +/- 0
 8 0 +/- 0
 9 0 +/- 0
10 0 +/- 0
11 0 +/- 0
12 0 +/- 0
13 0 +/- 0
14 0 +/- 0
15 0 +/- 0
16 0 +/- 0
17 0 +/- 0
18 0 +/- 0
19 0 +/- 0
20 0 +/- 0
21 0 +/- 0
22 0 +/- 0
23 0 +/- 0
24 0 +/- 0
25 0 +/- 0
26 0 +/- 0
27 0 +/- 0
28 0 +/- 0
29 0 +/- 0
30 0 +/- 0
31 0 +/- 0
32 0 +/- 0
33 0 +/- 0
34 0 +/- 0
35 0 +/- 0
36 0 +/- 0
37 0 +/- 0
38 0 +/- 0
39 0 +/- 0
40 0 +/- 0
41 0 +/- 0
42 0 +/- 0
43 0 +/- 0
44 0 +/- 0
45 0 +/- 0
46 0 +/- 0
47 0 +/- 0
48 0 +/- 0
49 0 +/- 0
50 0 +/- 0
51 0 +/- 0
52 0 +/- 0
53 0 +/- 0
54 0 +/- 0
55 0 +/- 0
56 0 +/- 0
57 0 +/- 0
58 0 +/- 0
59 0 +/- 0
60 0 +/- 0
61 0 +/- 0
62 0 +/- 0
63 0 +/- 0
END dQ2
beta: 17.015625
nconf:  8192
nbatch:  128
BEGIN dQ2
 0 0 +/- 0
 1 0 +/- 0
 2 0 +/- 0
 3 0 +/- 0
 4 0 +/- 0
 5 0 +/- 0
 6 0 +/- 0
 7 0 +/- 0
 8 0 +/- 0
 9 0 +/- 0
10 0 +/- 0
11 0 +/- 0
12 0 +/- 0
13 0 +/- 0
14 0 +/- 0
15 0 +/- 0
16 0 +/- 0
17 0 +/- 0
18 0 +/- 0
19 0 +/- 0
20 0 +/- 0
21 0 +/- 0
22 0 +/- 0
23 0 +/- 0
24 0 +/- 0
25 0 +/- 0
26 0 +/- 0
27 0 +/- 0
28 0 +/- 0
29 0 +/- 0
30 0 +/- 0
31 0 +/- 0
32 0 +/- 0
33 0 +/- 0
34 0 +/- 0
35 0 +/- 0
36 0 +/- 0
37 0 +/- 0
38 0 +/- 0
39 0 +/- 0
40 0 +/- 0
41 0 +/- 0
42 0 +/- 0
43 0 +/- 0
44 0 +/- 0
45 0 +/- 0
46 0 +/- 0
47 0 +/- 0
48 0 +/- 0
49 0 +/- 0
50 0 +/- 0
51 0 +/- 0
52 0 +/- 0
53 0 +/- 0
54 0 +/- 0
55 0 +/- 0
56 0 +/- 0
57 0 +/- 0
58 0 +/- 0
59 0 +/- 0
60 0 +/- 0
61 0 +/- 0
62 0 +/- 0
63 0 +/- 0
END dQ2
beta: 18.90625
nconf:  8192
nbatch:  128
BEGIN dQ2
 0 0 +/- 0
 1 0 +/- 0
 2 0 +/- 0
 3 0 +/- 0
 4 0 +/- 0
 5 0 +/- 0
 6 0 +/- 0
 7 0 +/- 0
 8 0 +/- 0
 9 0 +/- 0
10 0 +/- 0
11 0 +/- 0
12 0 +/- 0
13 0 +/- 0
14 0 +/- 0
15 0 +/- 0
16 0 +/- 0
17 0 +/- 0
18 0 +/- 0
19 0 +/- 0
20 0 +/- 0
21 0 +/- 0
22 0 +/- 0
23 0 +/- 0
24 0 +/- 0
25 0 +/- 0
26 0 +/- 0
27 0 +/- 0
28 0 +/- 0
29 0 +/- 0
30 0 +/- 0
31 0 +/- 0
32 0 +/- 0
33 0 +/- 0
34 0 +/- 0
35 0 +/- 0
36 0 +/- 0
37 0 +/- 0
38 0 +/- 0
39 0 +/- 0
40 0 +/- 0
41 0 +/- 0
42 0 +/- 0
43 0 +/- 0
44 0 +/- 0
45 0 +/- 0
46 0 +/- 0
47 0 +/- 0
48 0 +/- 0
49 0 +/- 0
50 0 +/- 0
51 0 +/- 0
52 0 +/- 0
53 0 +/- 0
54 0 +/- 0
55 0 +/- 0
56 0 +/- 0
57 0 +/- 0
58 0 +/- 0
59 0 +/- 0
60 0 +/- 0
61 0 +/- 0
62 0 +/- 0
63 0 +/- 0
END dQ2
beta: 20.796875
nconf:  8192
nbatch:  128
BEGIN dQ2
 0 0 +/- 0
 1 0 +/- 0
 2 0 +/- 0
 3 0 +/- 0
 4 0 +/- 0
 5 0 +/- 0
 6 0 +/- 0
 7 0 +/- 0
 8 0 +/- 0
 9 0 +/- 0
10 0 +/- 0
11 0 +/- 0
12 0 +/- 0
13 0 +/- 0
14 0 +/- 0
15 0 +/- 0
16 0 +/- 0
17 0 +/- 0
18 0 +/- 0
19 0 +/- 0
20 0 +/- 0
21 0 +/- 0
22 0 +/- 0
23 0 +/- 0
24 0 +/- 0
25 0 +/- 0
26 0 +/- 0
27 0 +/- 0
28 0 +/- 0
29 0 +/- 0
30 0 +/- 0
31 0 +/- 0
32 0 +/- 0
33 0 +/- 0
34 0 +/- 0
35 0 +/- 0
36 0 +/- 0
37 0 +/- 0
38 0 +/- 0
39 0 +/- 0
40 0 +/- 0
41 0 +/- 0
42 0 +/- 0
43 0 +/- 0
44 0 +/- 0
45 0 +/- 0
46 0 +/- 0
47 0 +/- 0
48 0 +/- 0
49 0 +/- 0
50 0 +/- 0
51 0 +/- 0
52 0 +/- 0
53 0 +/- 0
54 0 +/- 0
55 0 +/- 0
56 0 +/- 0
57 0 +/- 0
58 0 +/- 0
59 0 +/- 0
60 0 +/- 0
61 0 +/- 0
62 0 +/- 0
63 0 +/- 0
END dQ2
beta: 22.6875
nconf:  8192
nbatch:  128
BEGIN dQ2
 0 0 +/- 0
 1 0 +/- 0
 2 0 +/- 0
 3 0 +/- 0
 4 0 +/- 0
 5 0 +/- 0
 6 0 +/- 0
 7 0 +/- 0
 8 0 +/- 0
 9 0 +/- 0
10 0 +/- 0
11 0 +/- 0
12 0 +/- 0
13 0 +/- 0
14 0 +/- 0
15 0 +/- 0
16 0 +/- 0
17 0 +/- 0
18 0 +/- 0
19 0 +/- 0
20 0 +/- 0
21 0 +/- 0
22 0 +/- 0
23 0 +/- 0
24 0 +/- 0
25 0 +/- 0
26 0 +/- 0
27 0 +/- 0
28 0 +/- 0
29 0 +/- 0
30 0 +/- 0
31 0 +/- 0
32 0 +/- 0
33 0 +/- 0
34 0 +/- 0
35 0 +/- 0
36 0 +/- 0
37 0 +/- 0
38 0 +/- 0
39 0 +/- 0
40 0 +/- 0
41 0 +/- 0
42 0 +/- 0
43 0 +/- 0
44 0 +/- 0
45 0 +/- 0
46 0 +/- 0
47 0 +/- 0
48 0 +/- 0
49 0 +/- 0
50 0 +/- 0
51 0 +/- 0
52 0 +/- 0
53 0 +/- 0
54 0 +/- 0
55 0 +/- 0
56 0 +/- 0
57 0 +/- 0
58 0 +/- 0
59 0 +/- 0
60 0 +/- 0
61 0 +/- 0
62 0 +/- 0
63 0 +/- 0
END dQ2
beta: 24.578125
nconf:  8192
nbatch:  128
BEGIN dQ2
 0 0 +/- 0
 1 0 +/- 0
 2 0 +/- 0
 3 0 +/- 0
 4 0 +/- 0
 5 0 +/- 0
 6 0 +/- 0
 7 0 +/- 0
 8 0 +/- 0
 9 0 +/- 0
10 0 +/- 0
11 0 +/- 0
12 0 +/- 0
13 0 +/- 0
14 0 +/- 0
15 0 +/- 0
16 0 +/- 0
17 0 +/- 0
18 0 +/- 0
19 0 +/- 0
20 0 +/- 0
21 0 +/- 0
22 0 +/- 0
23 0 +/- 0
24 0 +/- 0
25 0 +/- 0
26 0 +/- 0
27 0 +/- 0
28 0 +/- 0
29 0 +/- 0
30 0 +/- 0
31 0 +/- 0
32 0 +/- 0
33 0 +/- 0
34 0 +/- 0
35 0 +/- 0
36 0 +/- 0
37 0 +/- 0
38 0 +/- 0
39 0 +/- 0
40 0 +/- 0
41 0 +/- 0
42 0 +/- 0
43 0 +/- 0
44 0 +/- 0
45 0 +/- 0
46 0 +/- 0
47 0 +/- 0
48 0 +/- 0
49 0 +/- 0
50 0 +/- 0
51 0 +/- 0
52 0 +/- 0
53 0 +/- 0
54 0 +/- 0
55 0 +/- 0
56 0 +/- 0
57 0 +/- 0
58 0 +/- 0
59 0 +/- 0
60 0 +/- 0
61 0 +/- 0
62 0 +/- 0
63 0 +/- 0
END dQ2
