
# File: ../s_hmc_l66_params.log
beta: 1.0634765625
nconf:  8192
nbatch:  128
BEGIN dQ2
 0 0 +/- 0             
 1 320.479 +/- 0.586519
 2 330.503 +/- 0.58633 
 3 335.897 +/- 0.593447
 4 337.223 +/- 0.583146
 5 336.991 +/- 0.652958
 6 337.21 +/- 0.58406  
 7 337.157 +/- 0.538734
 8 337.175 +/- 0.578403
 9 337.111 +/- 0.58584 
10 337.056 +/- 0.616807
11 337.132 +/- 0.624239
12 336.836 +/- 0.628825
13 337.563 +/- 0.616889
14 337.601 +/- 0.643683
15 337.671 +/- 0.57382 
16 337.222 +/- 0.619163
17 336.729 +/- 0.624677
18 336.928 +/- 0.626816
19 337.512 +/- 0.616083
20 337.171 +/- 0.62489 
21 337.178 +/- 0.596382
22 337.093 +/- 0.629311
23 336.582 +/- 0.630564
24 337.135 +/- 0.615589
25 337.075 +/- 0.586284
26 336.863 +/- 0.586656
27 337.055 +/- 0.58892 
28 336.813 +/- 0.598478
29 337.209 +/- 0.629466
30 337.628 +/- 0.626126
31 337.519 +/- 0.631845
32 337.405 +/- 0.609538
33 336.956 +/- 0.582234
34 337.184 +/- 0.60303 
35 337.507 +/- 0.605156
36 337.566 +/- 0.626439
37 337.189 +/- 0.594984
38 337.246 +/- 0.571877
39 337.573 +/- 0.602744
40 337.342 +/- 0.679003
41 337.668 +/- 0.626404
42 336.955 +/- 0.629006
43 336.802 +/- 0.598029
44 337.21 +/- 0.620313 
45 337.155 +/- 0.604345
46 337.287 +/- 0.57223 
47 337.251 +/- 0.560257
48 336.997 +/- 0.637216
49 337.132 +/- 0.656318
50 337.264 +/- 0.609533
51 337.197 +/- 0.598423
52 337.141 +/- 0.636885
53 337.536 +/- 0.658818
54 337.174 +/- 0.617913
55 337.061 +/- 0.656987
56 337.153 +/- 0.657728
57 337.471 +/- 0.652187
58 336.853 +/- 0.633804
59 337.132 +/- 0.602846
60 337.214 +/- 0.591713
61 337.425 +/- 0.608041
62 337.037 +/- 0.591891
63 337.743 +/- 0.667251
END dQ2
beta: 2.126953125
nconf:  8192
nbatch:  128
BEGIN dQ2
 0 0 +/- 0             
 1 120.012 +/- 0.20807 
 2 145.151 +/- 0.286699
 3 152.443 +/- 0.291401
 4 154.916 +/- 0.297805
 5 155.61 +/- 0.323894 
 6 155.848 +/- 0.303905
 7 155.726 +/- 0.311956
 8 155.988 +/- 0.309666
 9 155.92 +/- 0.288228 
10 155.675 +/- 0.317917
11 155.68 +/- 0.31387  
12 155.679 +/- 0.299077
13 155.921 +/- 0.302368
14 155.849 +/- 0.294279
15 155.822 +/- 0.306446
16 155.701 +/- 0.30319 
17 155.74 +/- 0.292054 
18 155.594 +/- 0.294758
19 155.483 +/- 0.286563
20 155.868 +/- 0.303183
21 155.932 +/- 0.29261 
22 155.698 +/- 0.306566
23 155.918 +/- 0.302321
24 155.723 +/- 0.311862
25 155.777 +/- 0.300535
26 155.73 +/- 0.295346 
27 155.67 +/- 0.305473 
28 155.862 +/- 0.305644
29 155.68 +/- 0.307143 
30 155.569 +/- 0.29186 
31 155.653 +/- 0.29046 
32 155.958 +/- 0.295496
33 155.766 +/- 0.285267
34 155.763 +/- 0.30632 
35 155.566 +/- 0.289215
36 155.599 +/- 0.300707
37 155.733 +/- 0.316868
38 155.842 +/- 0.307912
39 155.535 +/- 0.289655
40 155.38 +/- 0.302138 
41 155.3 +/- 0.297335  
42 155.396 +/- 0.287476
43 155.706 +/- 0.297295
44 155.376 +/- 0.309793
45 155.657 +/- 0.311119
46 155.623 +/- 0.323865
47 155.759 +/- 0.300824
48 155.623 +/- 0.320732
49 155.756 +/- 0.335156
50 155.669 +/- 0.342942
51 155.57 +/- 0.317791 
52 155.794 +/- 0.278943
53 155.985 +/- 0.304664
54 156.063 +/- 0.28308 
55 155.744 +/- 0.303295
56 155.679 +/- 0.302085
57 155.6 +/- 0.291836  
58 155.673 +/- 0.292226
59 155.726 +/- 0.321705
60 155.64 +/- 0.309668 
61 155.44 +/- 0.291971 
62 155.795 +/- 0.304845
63 155.536 +/- 0.287338
END dQ2
beta: 3.1904296875
nconf:  8192
nbatch:  128
BEGIN dQ2
 0 0 +/- 0              
 1 24.8277 +/- 0.0432532
 2 41.5306 +/- 0.0834542
 3 53.5825 +/- 0.117116 
 4 62.4543 +/- 0.14329  
 5 69.0876 +/- 0.166231 
 6 74.0089 +/- 0.179432 
 7 77.6551 +/- 0.189136 
 8 80.3393 +/- 0.202515 
 9 82.3064 +/- 0.209746 
10 83.7813 +/- 0.218011 
11 84.9605 +/- 0.233906 
12 85.8905 +/- 0.247456 
13 86.6017 +/- 0.257074 
14 87.1411 +/- 0.266278 
15 87.5238 +/- 0.273865 
16 87.7959 +/- 0.27852  
17 88.0455 +/- 0.28173  
18 88.1875 +/- 0.282439 
19 88.2968 +/- 0.285746 
20 88.3105 +/- 0.293595 
21 88.366 +/- 0.30057   
22 88.3775 +/- 0.306611 
23 88.4708 +/- 0.305133 
24 88.5425 +/- 0.30504  
25 88.5903 +/- 0.302807 
26 88.642 +/- 0.302183  
27 88.6635 +/- 0.303575 
28 88.5931 +/- 0.308134 
29 88.5155 +/- 0.31347  
30 88.4696 +/- 0.310836 
31 88.4343 +/- 0.303918 
32 88.444 +/- 0.298887  
33 88.5527 +/- 0.293718 
34 88.608 +/- 0.292413  
35 88.4833 +/- 0.2861   
36 88.4152 +/- 0.282431 
37 88.4154 +/- 0.285078 
38 88.4158 +/- 0.29108  
39 88.4569 +/- 0.296008 
40 88.478 +/- 0.294984  
41 88.4973 +/- 0.295964 
42 88.4348 +/- 0.292169 
43 88.3949 +/- 0.289292 
44 88.3396 +/- 0.285896 
45 88.3263 +/- 0.280851 
46 88.2613 +/- 0.27191  
47 88.1975 +/- 0.271801 
48 88.2322 +/- 0.280046 
49 88.2212 +/- 0.281214 
50 88.1897 +/- 0.281484 
51 88.1594 +/- 0.278333 
52 88.0886 +/- 0.276781 
53 88.1194 +/- 0.275262 
54 88.1113 +/- 0.273212 
55 88.1428 +/- 0.272607 
56 88.1242 +/- 0.276025 
57 88.1926 +/- 0.278297 
58 88.2032 +/- 0.27954  
59 88.1969 +/- 0.273172 
60 88.2655 +/- 0.272568 
61 88.2604 +/- 0.278579 
62 88.353 +/- 0.286278  
63 88.3723 +/- 0.290197 
END dQ2
beta: 4.25390625
nconf:  8192
nbatch:  128
BEGIN dQ2
 0 0 +/- 0               
 1 3.77611 +/- 0.00661806
 2 7.11698 +/- 0.0140434 
 3 10.2387 +/- 0.0227504 
 4 13.1726 +/- 0.0317596 
 5 15.9188 +/- 0.0416414 
 6 18.5083 +/- 0.0517357 
 7 20.9489 +/- 0.0622966 
 8 23.2502 +/- 0.0725726 
 9 25.4119 +/- 0.0824698 
10 27.4362 +/- 0.0935775 
11 29.35 +/- 0.105199    
12 31.1624 +/- 0.116737  
13 32.8593 +/- 0.127416  
14 34.4604 +/- 0.138918  
15 35.9794 +/- 0.150033  
16 37.416 +/- 0.161508   
17 38.7782 +/- 0.173266  
18 40.0553 +/- 0.185543  
19 41.268 +/- 0.197076   
20 42.4013 +/- 0.208493  
21 43.4729 +/- 0.219603  
22 44.4834 +/- 0.229824  
23 45.4226 +/- 0.238841  
24 46.3054 +/- 0.249125  
25 47.1431 +/- 0.258367  
26 47.9321 +/- 0.267241  
27 48.675 +/- 0.276228   
28 49.3815 +/- 0.284735  
29 50.046 +/- 0.293053   
30 50.681 +/- 0.301767   
31 51.2703 +/- 0.309876  
32 51.8292 +/- 0.317396  
33 52.3588 +/- 0.325063  
34 52.8479 +/- 0.33218   
35 53.319 +/- 0.338628   
36 53.7704 +/- 0.345065  
37 54.2048 +/- 0.350913  
38 54.6143 +/- 0.356665  
39 55.0103 +/- 0.3619    
40 55.378 +/- 0.366394   
41 55.7212 +/- 0.370845  
42 56.0452 +/- 0.375379  
43 56.3619 +/- 0.379166  
44 56.6675 +/- 0.382291  
45 56.9615 +/- 0.384769  
46 57.2366 +/- 0.386946  
47 57.4978 +/- 0.389003  
48 57.7428 +/- 0.391027  
49 57.9575 +/- 0.392912  
50 58.137 +/- 0.393647   
51 58.2798 +/- 0.393188  
52 58.4287 +/- 0.393532  
53 58.5768 +/- 0.392186  
54 58.7088 +/- 0.391508  
55 58.8338 +/- 0.390181  
56 58.9472 +/- 0.388965  
57 59.0554 +/- 0.388739  
58 59.1578 +/- 0.388772  
59 59.2558 +/- 0.389077  
60 59.3308 +/- 0.390315  
61 59.4073 +/- 0.391599  
62 59.4822 +/- 0.393133  
63 59.5559 +/- 0.394531  
END dQ2
beta: 5.3173828125
nconf:  8192
nbatch:  128
BEGIN dQ2
 0 0 +/- 0                
 1 0.489737 +/- 0.00129155
 2 0.952912 +/- 0.00276013
 3 1.40788 +/- 0.00423535 
 4 1.85628 +/- 0.0058519  
 5 2.30033 +/- 0.00764286 
 6 2.74169 +/- 0.00940912 
 7 3.17811 +/- 0.0112321  
 8 3.61055 +/- 0.0132971  
 9 4.03771 +/- 0.015422   
10 4.4592 +/- 0.0174891   
11 4.876 +/- 0.0196176    
12 5.2885 +/- 0.0219303   
13 5.69683 +/- 0.0243741  
14 6.10192 +/- 0.0268971  
15 6.50123 +/- 0.0294405  
16 6.89568 +/- 0.0319021  
17 7.28574 +/- 0.0344516  
18 7.67201 +/- 0.0370298  
19 8.05519 +/- 0.0396135  
20 8.43448 +/- 0.0422886  
21 8.81011 +/- 0.0450284  
22 9.18173 +/- 0.047721   
23 9.5497 +/- 0.0503613   
24 9.914 +/- 0.0530884    
25 10.2744 +/- 0.0558695  
26 10.6309 +/- 0.0586815  
27 10.9839 +/- 0.0615624  
28 11.3335 +/- 0.06453    
29 11.6808 +/- 0.0676133  
30 12.0235 +/- 0.070827   
31 12.3602 +/- 0.0741831  
32 12.6954 +/- 0.0776978  
33 13.0261 +/- 0.0813182  
34 13.354 +/- 0.0849019   
35 13.6786 +/- 0.0885227  
36 13.9993 +/- 0.0921259  
37 14.3163 +/- 0.0957492  
38 14.6304 +/- 0.0993629  
39 14.9422 +/- 0.102998   
40 15.2518 +/- 0.106713   
41 15.5577 +/- 0.110563   
42 15.8619 +/- 0.114543   
43 16.1637 +/- 0.118633   
44 16.4637 +/- 0.122639   
45 16.7612 +/- 0.126684   
46 17.0555 +/- 0.130757   
47 17.3462 +/- 0.134865   
48 17.6334 +/- 0.138939   
49 17.9158 +/- 0.14307    
50 18.1956 +/- 0.147174   
51 18.4726 +/- 0.151452   
52 18.7471 +/- 0.155713   
53 19.0187 +/- 0.159865   
54 19.2875 +/- 0.163939   
55 19.5522 +/- 0.167916   
56 19.8143 +/- 0.171818   
57 20.0737 +/- 0.175685   
58 20.3314 +/- 0.179494   
59 20.5867 +/- 0.183192   
60 20.8389 +/- 0.18683    
61 21.088 +/- 0.190368    
62 21.3341 +/- 0.193857   
63 21.5789 +/- 0.197222   
END dQ2
beta: 6.380859375
nconf:  8192
nbatch:  128
BEGIN dQ2
 0 0 +/- 0                  
 1 0.0615758 +/- 0.000273594
 2 0.120998 +/- 0.000568221 
 3 0.180211 +/- 0.000892787 
 4 0.23914 +/- 0.00123494   
 5 0.298052 +/- 0.00159593  
 6 0.356869 +/- 0.00195609  
 7 0.415677 +/- 0.0023269   
 8 0.474124 +/- 0.00270316  
 9 0.532218 +/- 0.00309218  
10 0.590203 +/- 0.00347579  
11 0.648013 +/- 0.00387227  
12 0.705576 +/- 0.00429825  
13 0.762885 +/- 0.00474512  
14 0.82042 +/- 0.00521123   
15 0.877992 +/- 0.00568198  
16 0.935591 +/- 0.0062021   
17 0.993332 +/- 0.00674257  
18 1.05098 +/- 0.00730357   
19 1.10887 +/- 0.0078718    
20 1.16635 +/- 0.00843233   
21 1.2237 +/- 0.00898677    
22 1.2811 +/- 0.00955198    
23 1.33858 +/- 0.0101219    
24 1.39607 +/- 0.0107073    
25 1.4534 +/- 0.0113002     
26 1.51057 +/- 0.0118849    
27 1.56786 +/- 0.0124721    
28 1.62501 +/- 0.0130538    
29 1.68171 +/- 0.0136475    
30 1.73843 +/- 0.0142474    
31 1.79507 +/- 0.014842     
32 1.85168 +/- 0.0154572    
33 1.90813 +/- 0.0160916    
34 1.96436 +/- 0.0167321    
35 2.02045 +/- 0.0173856    
36 2.07664 +/- 0.0180448    
37 2.13261 +/- 0.0187109    
38 2.18856 +/- 0.0193887    
39 2.24433 +/- 0.0200659    
40 2.30002 +/- 0.0207395    
41 2.35536 +/- 0.0214075    
42 2.41068 +/- 0.0220789    
43 2.4658 +/- 0.0227279     
44 2.52092 +/- 0.0233807    
45 2.57594 +/- 0.0240279    
46 2.63078 +/- 0.0246791    
47 2.68553 +/- 0.0253365    
48 2.74037 +/- 0.026007     
49 2.79513 +/- 0.0266875    
50 2.84988 +/- 0.0273549    
51 2.90472 +/- 0.0280378    
52 2.95935 +/- 0.0287369    
53 3.01394 +/- 0.0294633    
54 3.0685 +/- 0.0301959     
55 3.123 +/- 0.0309342      
56 3.17742 +/- 0.0316904    
57 3.23174 +/- 0.0324614    
58 3.28591 +/- 0.0332527    
59 3.34029 +/- 0.0340393    
60 3.39464 +/- 0.0348252    
61 3.44891 +/- 0.0356171    
62 3.50319 +/- 0.0364054    
63 3.55708 +/- 0.0372088    
END dQ2
beta: 7.4443359375
nconf:  8192
nbatch:  128
BEGIN dQ2
 0 0 +/- 0                   
 1 0.00833518 +/- 0.000103739
 2 0.0163814 +/- 0.000198878 
 3 0.0244173 +/- 0.000296123 
 4 0.0324818 +/- 0.000395536 
 5 0.0405216 +/- 0.000495722 
 6 0.0485261 +/- 0.000596111 
 7 0.0565411 +/- 0.00069667  
 8 0.0645429 +/- 0.000797084 
 9 0.0725551 +/- 0.000898151 
10 0.0805818 +/- 0.00100246  
11 0.0885932 +/- 0.0011052   
12 0.096621 +/- 0.00120627   
13 0.104671 +/- 0.00130885   
14 0.112716 +/- 0.00141441   
15 0.120758 +/- 0.00151802   
16 0.128824 +/- 0.00162237   
17 0.136875 +/- 0.0017272    
18 0.144922 +/- 0.00183183   
19 0.152964 +/- 0.00194055   
20 0.161007 +/- 0.00205054   
21 0.169027 +/- 0.0021628    
22 0.177041 +/- 0.00227731   
23 0.185094 +/- 0.002395     
24 0.193134 +/- 0.00251208   
25 0.201156 +/- 0.00263004   
26 0.209165 +/- 0.00274678   
27 0.217171 +/- 0.0028644    
28 0.225191 +/- 0.00298208   
29 0.233211 +/- 0.00310034   
30 0.241229 +/- 0.00321935   
31 0.249231 +/- 0.00333853   
32 0.25725 +/- 0.00346155    
33 0.265284 +/- 0.00358484   
34 0.273326 +/- 0.00370903   
35 0.281375 +/- 0.00383429   
36 0.289443 +/- 0.00395737   
37 0.297502 +/- 0.00408163   
38 0.305546 +/- 0.00420606   
39 0.313589 +/- 0.00432816   
40 0.321647 +/- 0.00445168   
41 0.329664 +/- 0.00457549   
42 0.337667 +/- 0.00470119   
43 0.345663 +/- 0.00482672   
44 0.353658 +/- 0.00494966   
45 0.361657 +/- 0.00507265   
46 0.36965 +/- 0.00519946    
47 0.377663 +/- 0.00532717   
48 0.385655 +/- 0.00545458   
49 0.393643 +/- 0.005584     
50 0.401631 +/- 0.00571235   
51 0.409607 +/- 0.00583919   
52 0.417563 +/- 0.00596301   
53 0.425535 +/- 0.00608769   
54 0.433506 +/- 0.00621232   
55 0.441466 +/- 0.00633795   
56 0.449421 +/- 0.0064635    
57 0.457373 +/- 0.0065892    
58 0.465312 +/- 0.0067157    
59 0.47327 +/- 0.00684225    
60 0.481235 +/- 0.00696946   
61 0.489217 +/- 0.00709846   
62 0.497193 +/- 0.00722628   
63 0.505176 +/- 0.00735793   
END dQ2
beta: 8.5078125
nconf:  8192
nbatch:  128
BEGIN dQ2
 0 0 +/- 0                   
 1 0.00108828 +/- 3.33363e-5 
 2 0.00213771 +/- 6.60851e-5 
 3 0.00318358 +/- 9.89725e-5 
 4 0.0042278 +/- 0.000131814 
 5 0.00527227 +/- 0.000164748
 6 0.00631509 +/- 0.000198017
 7 0.00736007 +/- 0.00023133 
 8 0.00840913 +/- 0.000264539
 9 0.00945653 +/- 0.000297909
10 0.0105042 +/- 0.000331335 
11 0.011554 +/- 0.000364945  
12 0.012606 +/- 0.000398679  
13 0.0136554 +/- 0.000432095 
14 0.0147031 +/- 0.00046558  
15 0.015753 +/- 0.000499259  
16 0.0168013 +/- 0.000532717 
17 0.0178498 +/- 0.000566219 
18 0.0188985 +/- 0.000599758 
19 0.0199495 +/- 0.000633355 
20 0.0209987 +/- 0.000666752 
21 0.0220482 +/- 0.000699701 
22 0.0230999 +/- 0.000732727 
23 0.0241481 +/- 0.000765653 
24 0.0251984 +/- 0.000798782 
25 0.026247 +/- 0.000831496  
26 0.027294 +/- 0.000864464  
27 0.0283374 +/- 0.0008975   
28 0.0293811 +/- 0.000930595 
29 0.030426 +/- 0.000963619  
30 0.0314673 +/- 0.000996758 
31 0.0325069 +/- 0.00102988  
32 0.0335488 +/- 0.00106299  
33 0.0345889 +/- 0.00109588  
34 0.0356293 +/- 0.00112884  
35 0.036669 +/- 0.00116201   
36 0.0377081 +/- 0.00119512  
37 0.0387444 +/- 0.0012279   
38 0.0397792 +/- 0.0012607   
39 0.0408142 +/- 0.00129356  
40 0.0418513 +/- 0.00132688  
41 0.0428887 +/- 0.00136025  
42 0.0439264 +/- 0.00139378  
43 0.0449633 +/- 0.00142727  
44 0.0459986 +/- 0.0014608   
45 0.0470342 +/- 0.00149436  
46 0.0480719 +/- 0.001528    
47 0.0491137 +/- 0.00156206  
48 0.050152 +/- 0.00159596   
49 0.0511924 +/- 0.00162977  
50 0.0522349 +/- 0.00166321  
51 0.0532739 +/- 0.00169639  
52 0.0543132 +/- 0.00172951  
53 0.0553527 +/- 0.00176266  
54 0.0563905 +/- 0.00179595  
55 0.0574286 +/- 0.00182927  
56 0.058466 +/- 0.00186221   
57 0.0595037 +/- 0.00189518  
58 0.0605416 +/- 0.00192766  
59 0.0615778 +/- 0.00196021  
60 0.0626124 +/- 0.00199277  
61 0.0636463 +/- 0.00202527  
62 0.0646785 +/- 0.00205747  
63 0.06571 +/- 0.00208975    
END dQ2
beta: 9.5712890625
nconf:  8192
nbatch:  128
BEGIN dQ2
 0 0 +/- 0                   
 1 0.000146884 +/- 1.24376e-5
 2 0.00029285 +/- 2.49116e-5 
 3 0.000438851 +/- 3.74007e-5
 4 0.000584888 +/- 4.98959e-5
 5 0.000730961 +/- 6.23953e-5
 6 0.000877069 +/- 7.48985e-5
 7 0.00102321 +/- 8.7405e-5  
 8 0.00116939 +/- 9.99148e-5 
 9 0.00131561 +/- 0.000112428
10 0.00146186 +/- 0.000124944
11 0.00160815 +/- 0.000137463
12 0.00175447 +/- 0.000149986
13 0.00190083 +/- 0.000162511
14 0.00204722 +/- 0.00017504 
15 0.00219365 +/- 0.000187571
16 0.00234012 +/- 0.000200106
17 0.00248662 +/- 0.000212644
18 0.00263316 +/- 0.000225185
19 0.00277973 +/- 0.000237729
20 0.00292634 +/- 0.000250276
21 0.00307299 +/- 0.000262826
22 0.00321967 +/- 0.00027538 
23 0.00336639 +/- 0.000287936
24 0.00351314 +/- 0.000300495
25 0.00365993 +/- 0.000313058
26 0.00380675 +/- 0.000325623
27 0.00395361 +/- 0.000338192
28 0.00410051 +/- 0.000350764
29 0.00424744 +/- 0.000363339
30 0.00439441 +/- 0.000375917
31 0.00454142 +/- 0.000388498
32 0.00468846 +/- 0.000401082
33 0.00483553 +/- 0.000413669
34 0.00498265 +/- 0.000426259
35 0.0051298 +/- 0.000438853 
36 0.00527698 +/- 0.000451449
37 0.0054242 +/- 0.000464049 
38 0.00557146 +/- 0.000476651
39 0.00571875 +/- 0.000489257
40 0.00586608 +/- 0.000501866
41 0.00601345 +/- 0.000514478
42 0.00616085 +/- 0.000527093
43 0.00630829 +/- 0.000539711
44 0.00645576 +/- 0.000552332
45 0.00660327 +/- 0.000564956
46 0.00675082 +/- 0.000577584
47 0.0068984 +/- 0.000590214 
48 0.00704602 +/- 0.000602848
49 0.00719368 +/- 0.000615485
50 0.00734137 +/- 0.000628124
51 0.0074891 +/- 0.000640767 
52 0.00763686 +/- 0.000653413
53 0.00778466 +/- 0.000666062
54 0.0079325 +/- 0.000678715 
55 0.00808037 +/- 0.00069137 
56 0.00822828 +/- 0.000704029
57 0.00837623 +/- 0.00071669 
58 0.00852421 +/- 0.000729355
59 0.00867223 +/- 0.000742023
60 0.00882029 +/- 0.000754694
61 0.00896838 +/- 0.000767368
62 0.00911651 +/- 0.000780045
63 0.00926467 +/- 0.000792725
END dQ2
beta: 10.634765625
nconf:  8192
nbatch:  128
BEGIN dQ2
 0 0 +/- 0                    
 1 1.90758e-5 +/- 4.5797e-6   
 2 3.81563e-5 +/- 9.16051e-6  
 3 5.72414e-5 +/- 1.37424e-5  
 4 7.63312e-5 +/- 1.83255e-5  
 5 9.54257e-5 +/- 2.29097e-5  
 6 0.000114525 +/- 2.7495e-5  
 7 0.000133629 +/- 3.20814e-5 
 8 0.000152737 +/- 3.66689e-5 
 9 0.00017185 +/- 4.12576e-5  
10 0.000190968 +/- 4.58473e-5 
11 0.00021009 +/- 5.04382e-5  
12 0.000229218 +/- 5.50303e-5 
13 0.000248349 +/- 5.96234e-5 
14 0.000267486 +/- 6.42177e-5 
15 0.000286627 +/- 6.88131e-5 
16 0.000305773 +/- 7.34096e-5 
17 0.000324924 +/- 7.80072e-5 
18 0.000344079 +/- 8.2606e-5  
19 0.000363239 +/- 8.72059e-5 
20 0.000382403 +/- 9.18069e-5 
21 0.000401573 +/- 9.6409e-5  
22 0.000420747 +/- 0.000101012
23 0.000439925 +/- 0.000105617
24 0.000459109 +/- 0.000110222
25 0.000478297 +/- 0.000114829
26 0.00049749 +/- 0.000119437 
27 0.000516687 +/- 0.000124046
28 0.000535889 +/- 0.000128656
29 0.000555096 +/- 0.000133267
30 0.000574308 +/- 0.000137879
31 0.000593524 +/- 0.000142493
32 0.000612745 +/- 0.000147107
33 0.000631971 +/- 0.000151723
34 0.000651201 +/- 0.00015634 
35 0.000670436 +/- 0.000160958
36 0.000689676 +/- 0.000165577
37 0.000708921 +/- 0.000170197
38 0.00072817 +/- 0.000174818 
39 0.000747424 +/- 0.000179441
40 0.000766683 +/- 0.000184064
41 0.000785947 +/- 0.000188689
42 0.000805215 +/- 0.000193315
43 0.000824488 +/- 0.000197942
44 0.000843765 +/- 0.00020257 
45 0.000863048 +/- 0.000207199
46 0.000882335 +/- 0.00021183 
47 0.000901627 +/- 0.000216461
48 0.000920923 +/- 0.000221094
49 0.000940225 +/- 0.000225728
50 0.000959531 +/- 0.000230363
51 0.000978842 +/- 0.000234999
52 0.000998157 +/- 0.000239636
53 0.00101748 +/- 0.000244275 
54 0.0010368 +/- 0.000248914  
55 0.00105613 +/- 0.000253555 
56 0.00107547 +/- 0.000258197 
57 0.00109481 +/- 0.00026284  
58 0.00111415 +/- 0.000267484 
59 0.0011335 +/- 0.000272129  
60 0.00115285 +/- 0.000276775 
61 0.00117221 +/- 0.000281423 
62 0.00119157 +/- 0.000286072 
63 0.00121094 +/- 0.000290721 
END dQ2
beta: 11.6982421875
nconf:  8192
nbatch:  128
BEGIN dQ2
 0 0 +/- 0                  
 1 9.53791e-7 +/- 9.53791e-7
 2 1.90781e-6 +/- 1.90781e-6
 3 2.86207e-6 +/- 2.86207e-6
 4 3.81656e-6 +/- 3.81656e-6
 5 4.77128e-6 +/- 4.77128e-6
 6 5.72624e-6 +/- 5.72624e-6
 7 6.68143e-6 +/- 6.68143e-6
 8 7.63685e-6 +/- 7.63685e-6
 9 8.59251e-6 +/- 8.59251e-6
10 9.5484e-6 +/- 9.5484e-6  
11 1.05045e-5 +/- 1.05045e-5
12 1.14609e-5 +/- 1.14609e-5
13 1.24175e-5 +/- 1.24175e-5
14 1.33743e-5 +/- 1.33743e-5
15 1.43314e-5 +/- 1.43314e-5
16 1.52886e-5 +/- 1.52886e-5
17 1.62462e-5 +/- 1.62462e-5
18 1.72039e-5 +/- 1.72039e-5
19 1.81619e-5 +/- 1.81619e-5
20 1.91202e-5 +/- 1.91202e-5
21 2.00786e-5 +/- 2.00786e-5
22 2.10373e-5 +/- 2.10373e-5
23 2.19963e-5 +/- 2.19963e-5
24 2.29554e-5 +/- 2.29554e-5
25 2.39148e-5 +/- 2.39148e-5
26 2.48745e-5 +/- 2.48745e-5
27 2.58344e-5 +/- 2.58344e-5
28 2.67945e-5 +/- 2.67945e-5
29 2.77548e-5 +/- 2.77548e-5
30 2.87154e-5 +/- 2.87154e-5
31 2.96762e-5 +/- 2.96762e-5
32 3.06373e-5 +/- 3.06373e-5
33 3.15985e-5 +/- 3.15985e-5
34 3.25601e-5 +/- 3.25601e-5
35 3.35218e-5 +/- 3.35218e-5
36 3.44838e-5 +/- 3.44838e-5
37 3.5446e-5 +/- 3.5446e-5  
38 3.64085e-5 +/- 3.64085e-5
39 3.73712e-5 +/- 3.73712e-5
40 3.83342e-5 +/- 3.83342e-5
41 3.92973e-5 +/- 3.92973e-5
42 4.02607e-5 +/- 4.02607e-5
43 4.12244e-5 +/- 4.12244e-5
44 4.21883e-5 +/- 4.21883e-5
45 4.31524e-5 +/- 4.31524e-5
46 4.41167e-5 +/- 4.41167e-5
47 4.50813e-5 +/- 4.50813e-5
48 4.60462e-5 +/- 4.60462e-5
49 4.70112e-5 +/- 4.70112e-5
50 4.79765e-5 +/- 4.79765e-5
51 4.89421e-5 +/- 4.89421e-5
52 4.99079e-5 +/- 4.99079e-5
53 5.08739e-5 +/- 5.08739e-5
54 5.18401e-5 +/- 5.18401e-5
55 5.28066e-5 +/- 5.28066e-5
56 5.37734e-5 +/- 5.37734e-5
57 5.47403e-5 +/- 5.47403e-5
58 5.57075e-5 +/- 5.57075e-5
59 5.6675e-5 +/- 5.6675e-5  
60 5.76426e-5 +/- 5.76426e-5
61 5.86106e-5 +/- 5.86106e-5
62 5.95787e-5 +/- 5.95787e-5
63 6.05471e-5 +/- 6.05471e-5
END dQ2
beta: 12.76171875
nconf:  8192
nbatch:  128
BEGIN dQ2
 0 0 +/- 0                  
 1 9.53791e-7 +/- 9.53791e-7
 2 1.90781e-6 +/- 1.90781e-6
 3 2.86207e-6 +/- 2.86207e-6
 4 3.81656e-6 +/- 3.81656e-6
 5 4.77128e-6 +/- 4.77128e-6
 6 5.72624e-6 +/- 5.72624e-6
 7 6.68143e-6 +/- 6.68143e-6
 8 7.63685e-6 +/- 7.63685e-6
 9 8.59251e-6 +/- 8.59251e-6
10 9.5484e-6 +/- 9.5484e-6  
11 1.05045e-5 +/- 1.05045e-5
12 1.14609e-5 +/- 1.14609e-5
13 1.24175e-5 +/- 1.24175e-5
14 1.33743e-5 +/- 1.33743e-5
15 1.43314e-5 +/- 1.43314e-5
16 1.52886e-5 +/- 1.52886e-5
17 1.62462e-5 +/- 1.62462e-5
18 1.72039e-5 +/- 1.72039e-5
19 1.81619e-5 +/- 1.81619e-5
20 1.91202e-5 +/- 1.91202e-5
21 2.00786e-5 +/- 2.00786e-5
22 2.10373e-5 +/- 2.10373e-5
23 2.19963e-5 +/- 2.19963e-5
24 2.29554e-5 +/- 2.29554e-5
25 2.39148e-5 +/- 2.39148e-5
26 2.48745e-5 +/- 2.48745e-5
27 2.58344e-5 +/- 2.58344e-5
28 2.67945e-5 +/- 2.67945e-5
29 2.77548e-5 +/- 2.77548e-5
30 2.87154e-5 +/- 2.87154e-5
31 2.96762e-5 +/- 2.96762e-5
32 3.06373e-5 +/- 3.06373e-5
33 3.15985e-5 +/- 3.15985e-5
34 3.25601e-5 +/- 3.25601e-5
35 3.35218e-5 +/- 3.35218e-5
36 3.44838e-5 +/- 3.44838e-5
37 3.5446e-5 +/- 3.5446e-5  
38 3.64085e-5 +/- 3.64085e-5
39 3.73712e-5 +/- 3.73712e-5
40 3.83342e-5 +/- 3.83342e-5
41 3.92973e-5 +/- 3.92973e-5
42 4.02607e-5 +/- 4.02607e-5
43 4.12244e-5 +/- 4.12244e-5
44 4.21883e-5 +/- 4.21883e-5
45 4.31524e-5 +/- 4.31524e-5
46 4.41167e-5 +/- 4.41167e-5
47 4.50813e-5 +/- 4.50813e-5
48 4.60462e-5 +/- 4.60462e-5
49 4.70112e-5 +/- 4.70112e-5
50 4.79765e-5 +/- 4.79765e-5
51 4.89421e-5 +/- 4.89421e-5
52 4.99079e-5 +/- 4.99079e-5
53 5.08739e-5 +/- 5.08739e-5
54 5.18401e-5 +/- 5.18401e-5
55 5.28066e-5 +/- 5.28066e-5
56 5.37734e-5 +/- 5.37734e-5
57 5.47403e-5 +/- 5.47403e-5
58 5.57075e-5 +/- 5.57075e-5
59 5.6675e-5 +/- 5.6675e-5  
60 5.76426e-5 +/- 5.76426e-5
61 5.86106e-5 +/- 5.86106e-5
62 5.95787e-5 +/- 5.95787e-5
63 6.05471e-5 +/- 6.05471e-5
END dQ2
beta: 13.8251953125
nconf:  8192
nbatch:  128
BEGIN dQ2
 0 0 +/- 0
 1 0 +/- 0
 2 0 +/- 0
 3 0 +/- 0
 4 0 +/- 0
 5 0 +/- 0
 6 0 +/- 0
 7 0 +/- 0
 8 0 +/- 0
 9 0 +/- 0
10 0 +/- 0
11 0 +/- 0
12 0 +/- 0
13 0 +/- 0
14 0 +/- 0
15 0 +/- 0
16 0 +/- 0
17 0 +/- 0
18 0 +/- 0
19 0 +/- 0
20 0 +/- 0
21 0 +/- 0
22 0 +/- 0
23 0 +/- 0
24 0 +/- 0
25 0 +/- 0
26 0 +/- 0
27 0 +/- 0
28 0 +/- 0
29 0 +/- 0
30 0 +/- 0
31 0 +/- 0
32 0 +/- 0
33 0 +/- 0
34 0 +/- 0
35 0 +/- 0
36 0 +/- 0
37 0 +/- 0
38 0 +/- 0
39 0 +/- 0
40 0 +/- 0
41 0 +/- 0
42 0 +/- 0
43 0 +/- 0
44 0 +/- 0
45 0 +/- 0
46 0 +/- 0
47 0 +/- 0
48 0 +/- 0
49 0 +/- 0
50 0 +/- 0
51 0 +/- 0
52 0 +/- 0
53 0 +/- 0
54 0 +/- 0
55 0 +/- 0
56 0 +/- 0
57 0 +/- 0
58 0 +/- 0
59 0 +/- 0
60 0 +/- 0
61 0 +/- 0
62 0 +/- 0
63 0 +/- 0
END dQ2
