
# File: ../s_hmc_l74_params.log
beta: 1.3369140625
nconf:  8192
nbatch:  128
BEGIN dQ2
 0 0 +/- 0             
 1 322.023 +/- 0.592985
 2 335.998 +/- 0.632755
 3 341.554 +/- 0.591216
 4 343.047 +/- 0.624358
 5 342.875 +/- 0.630051
 6 342.902 +/- 0.583578
 7 342.608 +/- 0.650008
 8 343.267 +/- 0.619272
 9 342.759 +/- 0.597821
10 342.837 +/- 0.621146
11 342.594 +/- 0.574384
12 343.331 +/- 0.573448
13 342.627 +/- 0.603568
14 342.883 +/- 0.620817
15 342.485 +/- 0.586018
16 342.621 +/- 0.577148
17 342.944 +/- 0.582914
18 342.32 +/- 0.60143  
19 342.262 +/- 0.629278
20 342.618 +/- 0.554147
21 342.529 +/- 0.596475
22 342.986 +/- 0.588626
23 342.665 +/- 0.603431
24 343.356 +/- 0.593103
25 342.862 +/- 0.612308
26 343.189 +/- 0.600961
27 342.821 +/- 0.626022
28 342.752 +/- 0.627353
29 343.06 +/- 0.62865  
30 342.833 +/- 0.60894 
31 343.168 +/- 0.628497
32 342.805 +/- 0.559788
33 343.156 +/- 0.592545
34 342.561 +/- 0.563221
35 342.641 +/- 0.600319
36 342.665 +/- 0.615086
37 342.325 +/- 0.63108 
38 341.926 +/- 0.625041
39 342.365 +/- 0.613975
40 342.738 +/- 0.589694
41 342.662 +/- 0.584491
42 342.293 +/- 0.642303
43 342.436 +/- 0.574423
44 342.871 +/- 0.576909
45 342.736 +/- 0.592025
46 342.367 +/- 0.641848
47 342.768 +/- 0.625312
48 342.675 +/- 0.616823
49 342.261 +/- 0.625968
50 342.375 +/- 0.631629
51 343.011 +/- 0.615085
52 342.997 +/- 0.64816 
53 342.245 +/- 0.613828
54 342.727 +/- 0.621126
55 342.32 +/- 0.635231 
56 342.662 +/- 0.666651
57 342.537 +/- 0.620253
58 342.52 +/- 0.570107 
59 342.78 +/- 0.619003 
60 342.077 +/- 0.650421
61 342.712 +/- 0.609005
62 342.817 +/- 0.631379
63 343.208 +/- 0.614375
END dQ2
beta: 2.673828125
nconf:  8192
nbatch:  128
BEGIN dQ2
 0 0 +/- 0             
 1 72.3275 +/- 0.133252
 2 105.283 +/- 0.201604
 3 122.171 +/- 0.260416
 4 131.212 +/- 0.29075 
 5 135.936 +/- 0.305363
 6 138.424 +/- 0.325425
 7 139.738 +/- 0.327028
 8 140.46 +/- 0.335507 
 9 140.986 +/- 0.338713
10 141.333 +/- 0.33512 
11 141.401 +/- 0.336904
12 141.703 +/- 0.347045
13 141.868 +/- 0.336709
14 141.88 +/- 0.331293 
15 141.86 +/- 0.350673 
16 141.535 +/- 0.34984 
17 141.35 +/- 0.351895 
18 141.345 +/- 0.352547
19 141.415 +/- 0.347106
20 141.408 +/- 0.337777
21 141.493 +/- 0.332602
22 141.752 +/- 0.340842
23 141.859 +/- 0.34439 
24 141.851 +/- 0.36199 
25 141.886 +/- 0.370378
26 141.807 +/- 0.373623
27 141.775 +/- 0.371823
28 141.823 +/- 0.381532
29 141.874 +/- 0.369338
30 141.929 +/- 0.379085
31 141.938 +/- 0.367655
32 141.797 +/- 0.382007
33 141.76 +/- 0.381138 
34 141.673 +/- 0.363591
35 141.608 +/- 0.367496
36 141.695 +/- 0.356401
37 141.73 +/- 0.349842 
38 141.63 +/- 0.358263 
39 141.627 +/- 0.362257
40 141.754 +/- 0.347487
41 141.866 +/- 0.351161
42 141.975 +/- 0.351417
43 142.032 +/- 0.343209
44 142.177 +/- 0.33257 
45 142.069 +/- 0.321954
46 142.045 +/- 0.32457 
47 141.846 +/- 0.330424
48 141.845 +/- 0.328911
49 141.732 +/- 0.345161
50 141.726 +/- 0.354547
51 141.886 +/- 0.357498
52 141.913 +/- 0.351226
53 141.739 +/- 0.344447
54 141.525 +/- 0.342933
55 141.497 +/- 0.352471
56 141.485 +/- 0.355852
57 141.554 +/- 0.356534
58 141.552 +/- 0.334842
59 141.691 +/- 0.341718
60 141.571 +/- 0.350019
61 141.454 +/- 0.362568
62 141.548 +/- 0.352952
63 141.568 +/- 0.329782
END dQ2
beta: 4.0107421875
nconf:  8192
nbatch:  128
BEGIN dQ2
 0 0 +/- 0              
 1 7.38462 +/- 0.0121283
 2 13.7091 +/- 0.0268298
 3 19.4487 +/- 0.0435955
 4 24.6971 +/- 0.0604732
 5 29.517 +/- 0.0780633 
 6 33.9256 +/- 0.0960608
 7 37.9812 +/- 0.112875 
 8 41.7022 +/- 0.131604 
 9 45.1233 +/- 0.147994 
10 48.2572 +/- 0.164841 
11 51.14 +/- 0.181616   
12 53.7697 +/- 0.199073 
13 56.1894 +/- 0.217256 
14 58.395 +/- 0.235856  
15 60.415 +/- 0.254132  
16 62.2698 +/- 0.27067  
17 63.9901 +/- 0.286128 
18 65.5635 +/- 0.298842 
19 66.9879 +/- 0.31015  
20 68.3223 +/- 0.320723 
21 69.5353 +/- 0.328325 
22 70.6272 +/- 0.334976 
23 71.6254 +/- 0.34167  
24 72.5347 +/- 0.3474   
25 73.3425 +/- 0.353908 
26 74.0852 +/- 0.360123 
27 74.7809 +/- 0.367455 
28 75.4385 +/- 0.373565 
29 76.0342 +/- 0.378677 
30 76.5877 +/- 0.382722 
31 77.0868 +/- 0.386707 
32 77.5306 +/- 0.392499 
33 77.9407 +/- 0.397529 
34 78.3274 +/- 0.403313 
35 78.6955 +/- 0.410209 
36 79.04 +/- 0.415596   
37 79.341 +/- 0.420673  
38 79.6291 +/- 0.425206 
39 79.9105 +/- 0.430086 
40 80.1698 +/- 0.434357 
41 80.3986 +/- 0.438576 
42 80.6169 +/- 0.441289 
43 80.8113 +/- 0.446484 
44 80.9646 +/- 0.451934 
45 81.1252 +/- 0.457488 
46 81.2886 +/- 0.460598 
47 81.4445 +/- 0.462383 
48 81.586 +/- 0.465191  
49 81.7039 +/- 0.465971 
50 81.8015 +/- 0.466697 
51 81.8907 +/- 0.469697 
52 81.9664 +/- 0.474053 
53 82.0515 +/- 0.476859 
54 82.1334 +/- 0.479219 
55 82.1985 +/- 0.482283 
56 82.2537 +/- 0.483972 
57 82.3115 +/- 0.486352 
58 82.3738 +/- 0.490442 
59 82.4426 +/- 0.494088 
60 82.5138 +/- 0.497656 
61 82.5869 +/- 0.499874 
62 82.6586 +/- 0.501925 
63 82.6955 +/- 0.503672 
END dQ2
beta: 5.34765625
nconf:  8192
nbatch:  128
BEGIN dQ2
 0 0 +/- 0                
 1 0.600108 +/- 0.00143313
 2 1.16699 +/- 0.00310762 
 3 1.72368 +/- 0.00497126 
 4 2.27381 +/- 0.0070276  
 5 2.81713 +/- 0.0092818  
 6 3.35435 +/- 0.0116805  
 7 3.88848 +/- 0.0141077  
 8 4.41773 +/- 0.0165091  
 9 4.93995 +/- 0.0189045  
10 5.45798 +/- 0.0214624  
11 5.97128 +/- 0.0242307  
12 6.47841 +/- 0.0271187  
13 6.98258 +/- 0.0299933  
14 7.48151 +/- 0.0330765  
15 7.97609 +/- 0.0362861  
16 8.46747 +/- 0.0396378  
17 8.95507 +/- 0.0430652  
18 9.43877 +/- 0.046483   
19 9.91863 +/- 0.0499826  
20 10.3934 +/- 0.053431   
21 10.8652 +/- 0.057072   
22 11.3309 +/- 0.0606822  
23 11.793 +/- 0.0642283   
24 12.2519 +/- 0.0679098  
25 12.705 +/- 0.0715944   
26 13.1528 +/- 0.0753954  
27 13.5968 +/- 0.0791221  
28 14.034 +/- 0.0828011   
29 14.4663 +/- 0.0866405  
30 14.8936 +/- 0.0906307  
31 15.3179 +/- 0.0947935  
32 15.7383 +/- 0.098968   
33 16.1531 +/- 0.10322    
34 16.5651 +/- 0.107592   
35 16.9734 +/- 0.111994   
36 17.3782 +/- 0.116604   
37 17.7791 +/- 0.121058   
38 18.1776 +/- 0.125563   
39 18.5749 +/- 0.130198   
40 18.9681 +/- 0.134845   
41 19.3573 +/- 0.139568   
42 19.7423 +/- 0.144289   
43 20.1217 +/- 0.149105   
44 20.5002 +/- 0.153993   
45 20.8751 +/- 0.158874   
46 21.2446 +/- 0.163723   
47 21.6099 +/- 0.168563   
48 21.9701 +/- 0.173683   
49 22.3274 +/- 0.178761   
50 22.6821 +/- 0.183901   
51 23.0329 +/- 0.189029   
52 23.3809 +/- 0.194124   
53 23.7261 +/- 0.199109   
54 24.0685 +/- 0.203919   
55 24.4077 +/- 0.20857    
56 24.7438 +/- 0.2134     
57 25.0774 +/- 0.21815    
58 25.4085 +/- 0.222912   
59 25.7361 +/- 0.227514   
60 26.0624 +/- 0.232027   
61 26.3842 +/- 0.236462   
62 26.7042 +/- 0.240986   
63 27.0207 +/- 0.245543   
END dQ2
beta: 6.6845703125
nconf:  8192
nbatch:  128
BEGIN dQ2
 0 0 +/- 0                  
 1 0.0442588 +/- 0.000221554
 2 0.0869639 +/- 0.000432007
 3 0.129412 +/- 0.000661043 
 4 0.171702 +/- 0.000907974 
 5 0.213962 +/- 0.00116382  
 6 0.256075 +/- 0.00142527  
 7 0.298109 +/- 0.00168013  
 8 0.340198 +/- 0.00193927  
 9 0.382349 +/- 0.00220753  
10 0.424477 +/- 0.00249184  
11 0.466563 +/- 0.00279086  
12 0.508686 +/- 0.00309543  
13 0.550705 +/- 0.00341316  
14 0.592704 +/- 0.00373332  
15 0.634673 +/- 0.00404945  
16 0.67659 +/- 0.00437477   
17 0.718587 +/- 0.00470814  
18 0.760538 +/- 0.00504538  
19 0.802417 +/- 0.00538741  
20 0.84413 +/- 0.0057251    
21 0.885824 +/- 0.00607346  
22 0.927415 +/- 0.00643431  
23 0.968947 +/- 0.0068065   
24 1.01041 +/- 0.00719624   
25 1.05182 +/- 0.00758308   
26 1.0932 +/- 0.00796617    
27 1.13454 +/- 0.00836767   
28 1.17578 +/- 0.00877336   
29 1.21694 +/- 0.00919258   
30 1.25803 +/- 0.00962216   
31 1.29916 +/- 0.0100523    
32 1.34016 +/- 0.0104791    
33 1.38104 +/- 0.0109194    
34 1.42191 +/- 0.011365     
35 1.46281 +/- 0.0118186    
36 1.50361 +/- 0.0122822    
37 1.54415 +/- 0.0127435    
38 1.58478 +/- 0.0132028    
39 1.62548 +/- 0.0136606    
40 1.66616 +/- 0.0141131    
41 1.70678 +/- 0.0145716    
42 1.74732 +/- 0.0150533    
43 1.7878 +/- 0.0155487     
44 1.8281 +/- 0.0160483     
45 1.86837 +/- 0.016546     
46 1.90864 +/- 0.017043     
47 1.94896 +/- 0.0175438    
48 1.98928 +/- 0.0180237    
49 2.02954 +/- 0.018501     
50 2.06982 +/- 0.0189934    
51 2.11001 +/- 0.019483     
52 2.15014 +/- 0.0199952    
53 2.19022 +/- 0.0205168    
54 2.23034 +/- 0.0210554    
55 2.27049 +/- 0.0216003    
56 2.31066 +/- 0.0221487    
57 2.35083 +/- 0.0226949    
58 2.3909 +/- 0.0232412     
59 2.43093 +/- 0.0237869    
60 2.47103 +/- 0.0243334    
61 2.51099 +/- 0.0248842    
62 2.55086 +/- 0.0254469    
63 2.59075 +/- 0.0260064    
END dQ2
beta: 8.021484375
nconf:  8192
nbatch:  128
BEGIN dQ2
 0 0 +/- 0                   
 1 0.00347466 +/- 6.30509e-5 
 2 0.00681567 +/- 0.000121214
 3 0.0101499 +/- 0.00018011  
 4 0.0134763 +/- 0.000239309 
 5 0.0167959 +/- 0.000298797 
 6 0.0201201 +/- 0.000357901 
 7 0.0234413 +/- 0.000417893 
 8 0.0267471 +/- 0.000477423 
 9 0.0300528 +/- 0.000537098 
10 0.0333573 +/- 0.000597341 
11 0.0366646 +/- 0.000657727 
12 0.0399708 +/- 0.000717616 
13 0.0432739 +/- 0.000777165 
14 0.0465836 +/- 0.000836186 
15 0.0498932 +/- 0.000895082 
16 0.0532007 +/- 0.00095454  
17 0.0565032 +/- 0.00101444  
18 0.0598105 +/- 0.00107371  
19 0.0631146 +/- 0.00113312  
20 0.0664196 +/- 0.00119206  
21 0.0697254 +/- 0.00125123  
22 0.0730282 +/- 0.00131032  
23 0.0763242 +/- 0.00136904  
24 0.0796257 +/- 0.00142789  
25 0.0829204 +/- 0.00148683  
26 0.0862063 +/- 0.00154544  
27 0.0894988 +/- 0.00160529  
28 0.0927758 +/- 0.0016651   
29 0.0960565 +/- 0.00172525  
30 0.0993418 +/- 0.00178534  
31 0.102635 +/- 0.00184571   
32 0.105911 +/- 0.00190532   
33 0.109184 +/- 0.00196384   
34 0.112458 +/- 0.00202239   
35 0.115736 +/- 0.00208105   
36 0.119021 +/- 0.00214053   
37 0.12231 +/- 0.00220094    
38 0.125604 +/- 0.00226109   
39 0.128903 +/- 0.00232143   
40 0.132207 +/- 0.0023809    
41 0.135513 +/- 0.00243937   
42 0.138804 +/- 0.00249792   
43 0.142084 +/- 0.00255646   
44 0.145357 +/- 0.00261536   
45 0.148628 +/- 0.00267311   
46 0.151885 +/- 0.00273154   
47 0.155137 +/- 0.00278987   
48 0.158383 +/- 0.00284873   
49 0.161624 +/- 0.00290871   
50 0.164861 +/- 0.00296865   
51 0.168093 +/- 0.00302957   
52 0.171325 +/- 0.00309191   
53 0.174559 +/- 0.00315441   
54 0.177792 +/- 0.00321604   
55 0.181032 +/- 0.00327756   
56 0.184278 +/- 0.00333968   
57 0.187529 +/- 0.00340182   
58 0.190772 +/- 0.00346383   
59 0.194015 +/- 0.00352602   
60 0.197257 +/- 0.00358798   
61 0.200494 +/- 0.00364876   
62 0.203728 +/- 0.00370931   
63 0.206967 +/- 0.00376978   
END dQ2
beta: 9.3583984375
nconf:  8192
nbatch:  128
BEGIN dQ2
 0 0 +/- 0                   
 1 0.000247986 +/- 1.44545e-5
 2 0.000492216 +/- 2.87914e-5
 3 0.000731736 +/- 4.28649e-5
 4 0.000971315 +/- 5.70545e-5
 5 0.00121095 +/- 7.1293e-5  
 6 0.00145065 +/- 8.55578e-5 
 7 0.0016904 +/- 9.98391e-5  
 8 0.00193021 +/- 0.000114132
 9 0.00217009 +/- 0.000128434
10 0.00241002 +/- 0.000142743
11 0.00265 +/- 0.000157058   
12 0.00289005 +/- 0.000171379
13 0.00313016 +/- 0.000185705
14 0.00337032 +/- 0.000200036
15 0.00360864 +/- 0.000214118
16 0.00384701 +/- 0.000228219
17 0.00408544 +/- 0.000242336
18 0.00432488 +/- 0.000257124
19 0.00456438 +/- 0.00027194 
20 0.00480394 +/- 0.000286779
21 0.00504356 +/- 0.00030164 
22 0.00528324 +/- 0.00031652 
23 0.00552298 +/- 0.000331416
24 0.00576277 +/- 0.000346327
25 0.00600262 +/- 0.000361252
26 0.00624254 +/- 0.000376189
27 0.00648155 +/- 0.000391136
28 0.00672063 +/- 0.000406096
29 0.0069588 +/- 0.000421003 
30 0.00719703 +/- 0.000435922
31 0.00743724 +/- 0.000451613
32 0.0076775 +/- 0.000467329 
33 0.00791783 +/- 0.000483068
34 0.00815821 +/- 0.000498829
35 0.00839865 +/- 0.00051461 
36 0.00863915 +/- 0.000530409
37 0.00887971 +/- 0.000546226
38 0.00912033 +/- 0.000562059
39 0.00936101 +/- 0.000577907
40 0.00960175 +/- 0.00059377 
41 0.00984254 +/- 0.000609646
42 0.0100815 +/- 0.000625408 
43 0.0103205 +/- 0.000641188 
44 0.0105595 +/- 0.000656985 
45 0.0107986 +/- 0.000672798 
46 0.0110378 +/- 0.000688626 
47 0.011277 +/- 0.000704469  
48 0.0115183 +/- 0.000721204 
49 0.0117595 +/- 0.000737964 
50 0.0120009 +/- 0.000754748 
51 0.0122422 +/- 0.000771554 
52 0.0124837 +/- 0.000788383 
53 0.0127252 +/- 0.000805231 
54 0.0129668 +/- 0.000822099 
55 0.0132084 +/- 0.000838986 
56 0.0134501 +/- 0.00085589  
57 0.0136918 +/- 0.000872811 
58 0.0139336 +/- 0.000889748 
59 0.0141735 +/- 0.000906636 
60 0.0144135 +/- 0.000923541 
61 0.0146536 +/- 0.000940462 
62 0.0148937 +/- 0.000957399 
63 0.0151339 +/- 0.000974351 
END dQ2
beta: 10.6953125
nconf:  8192
nbatch:  128
BEGIN dQ2
 0 0 +/- 0                    
 1 1.62144e-5 +/- 4.56638e-6  
 2 3.24328e-5 +/- 9.13388e-6  
 3 4.86552e-5 +/- 1.37025e-5  
 4 6.48815e-5 +/- 1.82722e-5  
 5 8.11118e-5 +/- 2.28431e-5  
 6 9.73461e-5 +/- 2.7415e-5   
 7 0.000113584 +/- 3.19881e-5 
 8 0.000129826 +/- 3.65623e-5 
 9 0.000146073 +/- 4.11376e-5 
10 0.000162323 +/- 4.57141e-5 
11 0.000178577 +/- 5.02916e-5 
12 0.000194835 +/- 5.48703e-5 
13 0.000211097 +/- 5.94501e-5 
14 0.000227363 +/- 6.4031e-5  
15 0.000243633 +/- 6.8613e-5  
16 0.000259907 +/- 7.31962e-5 
17 0.000276185 +/- 7.77804e-5 
18 0.000292467 +/- 8.23658e-5 
19 0.000308753 +/- 8.69524e-5 
20 0.000325043 +/- 9.154e-5   
21 0.000341337 +/- 9.61288e-5 
22 0.000357635 +/- 0.000100719
23 0.000373937 +/- 0.00010531 
24 0.000390242 +/- 0.000109902
25 0.000406552 +/- 0.000114495
26 0.000422866 +/- 0.000119089
27 0.000439184 +/- 0.000123685
28 0.000455506 +/- 0.000128282
29 0.000471832 +/- 0.000132879
30 0.000488162 +/- 0.000137478
31 0.000504495 +/- 0.000142078
32 0.000520833 +/- 0.000146679
33 0.000537175 +/- 0.000151282
34 0.000553521 +/- 0.000155885
35 0.000569871 +/- 0.00016049 
36 0.000586225 +/- 0.000165095
37 0.000602583 +/- 0.000169702
38 0.000618945 +/- 0.00017431 
39 0.000635311 +/- 0.000178919
40 0.000651681 +/- 0.000183529
41 0.000668055 +/- 0.00018814 
42 0.000684433 +/- 0.000192753
43 0.000700815 +/- 0.000197366
44 0.000717201 +/- 0.000201981
45 0.000733591 +/- 0.000206597
46 0.000749985 +/- 0.000211214
47 0.000766383 +/- 0.000215832
48 0.000782785 +/- 0.000220451
49 0.000799191 +/- 0.000225072
50 0.000815601 +/- 0.000229693
51 0.000832015 +/- 0.000234316
52 0.000848434 +/- 0.00023894 
53 0.000864856 +/- 0.000243565
54 0.000881282 +/- 0.000248191
55 0.000897713 +/- 0.000252818
56 0.000914147 +/- 0.000257446
57 0.000930585 +/- 0.000262076
58 0.000947028 +/- 0.000266706
59 0.000963474 +/- 0.000271338
60 0.000979925 +/- 0.000275971
61 0.00099638 +/- 0.000280605 
62 0.00101284 +/- 0.00028524  
63 0.0010293 +/- 0.000289876  
END dQ2
beta: 12.0322265625
nconf:  8192
nbatch:  128
BEGIN dQ2
 0 0 +/- 0                    
 1 3.81516e-6 +/- 1.88492e-6  
 2 7.63126e-6 +/- 3.77029e-6  
 3 1.14483e-5 +/- 5.65613e-6  
 4 1.52662e-5 +/- 7.54243e-6  
 5 1.90851e-5 +/- 9.42919e-6  
 6 2.2905e-5 +/- 1.13164e-5   
 7 2.67257e-5 +/- 1.32041e-5  
 8 3.05474e-5 +/- 1.50922e-5  
 9 3.437e-5 +/- 1.69808e-5    
10 3.81936e-5 +/- 1.88699e-5  
11 4.20181e-5 +/- 2.07594e-5  
12 4.58435e-5 +/- 2.26494e-5  
13 4.96699e-5 +/- 2.45399e-5  
14 5.34972e-5 +/- 2.64308e-5  
15 5.73254e-5 +/- 2.83222e-5  
16 6.11546e-5 +/- 3.0214e-5   
17 6.49847e-5 +/- 3.21063e-5  
18 6.88158e-5 +/- 3.39991e-5  
19 7.26477e-5 +/- 3.58923e-5  
20 7.64807e-5 +/- 3.7786e-5   
21 8.03145e-5 +/- 3.96801e-5  
22 8.41493e-5 +/- 4.15747e-5  
23 8.79851e-5 +/- 4.34698e-5  
24 9.18217e-5 +/- 4.53654e-5  
25 9.56594e-5 +/- 4.72614e-5  
26 9.94979e-5 +/- 4.91579e-5  
27 0.000103337 +/- 5.10548e-5 
28 0.000107178 +/- 5.29522e-5 
29 0.000111019 +/- 5.48501e-5 
30 0.000114862 +/- 5.67484e-5 
31 0.000118705 +/- 5.86472e-5 
32 0.000122549 +/- 6.05465e-5 
33 0.000126394 +/- 6.24462e-5 
34 0.00013024 +/- 6.43464e-5  
35 0.000134087 +/- 6.62471e-5 
36 0.000137935 +/- 6.81482e-5 
37 0.000141784 +/- 7.00498e-5 
38 0.000145634 +/- 7.19518e-5 
39 0.000149485 +/- 7.38544e-5 
40 0.000153337 +/- 7.57574e-5 
41 0.000157189 +/- 7.76608e-5 
42 0.000161043 +/- 7.95647e-5 
43 0.000164898 +/- 8.14691e-5 
44 0.000168753 +/- 8.3374e-5  
45 0.00017261 +/- 8.52793e-5  
46 0.000176467 +/- 8.71851e-5 
47 0.000180325 +/- 8.90914e-5 
48 0.000184185 +/- 9.09981e-5 
49 0.000188045 +/- 9.29053e-5 
50 0.000191906 +/- 9.4813e-5  
51 0.000195768 +/- 9.67211e-5 
52 0.000199631 +/- 9.86298e-5 
53 0.000203496 +/- 0.000100539
54 0.000207361 +/- 0.000102448
55 0.000211226 +/- 0.000104358
56 0.000215093 +/- 0.000106269
57 0.000218961 +/- 0.00010818 
58 0.00022283 +/- 0.000110091 
59 0.0002267 +/- 0.000112003  
60 0.000230571 +/- 0.000113916
61 0.000234442 +/- 0.000115828
62 0.000238315 +/- 0.000117742
63 0.000242188 +/- 0.000119655
END dQ2
beta: 13.369140625
nconf:  8192
nbatch:  128
BEGIN dQ2
 0 0 +/- 0
 1 0 +/- 0
 2 0 +/- 0
 3 0 +/- 0
 4 0 +/- 0
 5 0 +/- 0
 6 0 +/- 0
 7 0 +/- 0
 8 0 +/- 0
 9 0 +/- 0
10 0 +/- 0
11 0 +/- 0
12 0 +/- 0
13 0 +/- 0
14 0 +/- 0
15 0 +/- 0
16 0 +/- 0
17 0 +/- 0
18 0 +/- 0
19 0 +/- 0
20 0 +/- 0
21 0 +/- 0
22 0 +/- 0
23 0 +/- 0
24 0 +/- 0
25 0 +/- 0
26 0 +/- 0
27 0 +/- 0
28 0 +/- 0
29 0 +/- 0
30 0 +/- 0
31 0 +/- 0
32 0 +/- 0
33 0 +/- 0
34 0 +/- 0
35 0 +/- 0
36 0 +/- 0
37 0 +/- 0
38 0 +/- 0
39 0 +/- 0
40 0 +/- 0
41 0 +/- 0
42 0 +/- 0
43 0 +/- 0
44 0 +/- 0
45 0 +/- 0
46 0 +/- 0
47 0 +/- 0
48 0 +/- 0
49 0 +/- 0
50 0 +/- 0
51 0 +/- 0
52 0 +/- 0
53 0 +/- 0
54 0 +/- 0
55 0 +/- 0
56 0 +/- 0
57 0 +/- 0
58 0 +/- 0
59 0 +/- 0
60 0 +/- 0
61 0 +/- 0
62 0 +/- 0
63 0 +/- 0
END dQ2
beta: 14.7060546875
nconf:  8192
nbatch:  128
BEGIN dQ2
 0 0 +/- 0
 1 0 +/- 0
 2 0 +/- 0
 3 0 +/- 0
 4 0 +/- 0
 5 0 +/- 0
 6 0 +/- 0
 7 0 +/- 0
 8 0 +/- 0
 9 0 +/- 0
10 0 +/- 0
11 0 +/- 0
12 0 +/- 0
13 0 +/- 0
14 0 +/- 0
15 0 +/- 0
16 0 +/- 0
17 0 +/- 0
18 0 +/- 0
19 0 +/- 0
20 0 +/- 0
21 0 +/- 0
22 0 +/- 0
23 0 +/- 0
24 0 +/- 0
25 0 +/- 0
26 0 +/- 0
27 0 +/- 0
28 0 +/- 0
29 0 +/- 0
30 0 +/- 0
31 0 +/- 0
32 0 +/- 0
33 0 +/- 0
34 0 +/- 0
35 0 +/- 0
36 0 +/- 0
37 0 +/- 0
38 0 +/- 0
39 0 +/- 0
40 0 +/- 0
41 0 +/- 0
42 0 +/- 0
43 0 +/- 0
44 0 +/- 0
45 0 +/- 0
46 0 +/- 0
47 0 +/- 0
48 0 +/- 0
49 0 +/- 0
50 0 +/- 0
51 0 +/- 0
52 0 +/- 0
53 0 +/- 0
54 0 +/- 0
55 0 +/- 0
56 0 +/- 0
57 0 +/- 0
58 0 +/- 0
59 0 +/- 0
60 0 +/- 0
61 0 +/- 0
62 0 +/- 0
63 0 +/- 0
END dQ2
beta: 16.04296875
nconf:  8192
nbatch:  128
BEGIN dQ2
 0 0 +/- 0
 1 0 +/- 0
 2 0 +/- 0
 3 0 +/- 0
 4 0 +/- 0
 5 0 +/- 0
 6 0 +/- 0
 7 0 +/- 0
 8 0 +/- 0
 9 0 +/- 0
10 0 +/- 0
11 0 +/- 0
12 0 +/- 0
13 0 +/- 0
14 0 +/- 0
15 0 +/- 0
16 0 +/- 0
17 0 +/- 0
18 0 +/- 0
19 0 +/- 0
20 0 +/- 0
21 0 +/- 0
22 0 +/- 0
23 0 +/- 0
24 0 +/- 0
25 0 +/- 0
26 0 +/- 0
27 0 +/- 0
28 0 +/- 0
29 0 +/- 0
30 0 +/- 0
31 0 +/- 0
32 0 +/- 0
33 0 +/- 0
34 0 +/- 0
35 0 +/- 0
36 0 +/- 0
37 0 +/- 0
38 0 +/- 0
39 0 +/- 0
40 0 +/- 0
41 0 +/- 0
42 0 +/- 0
43 0 +/- 0
44 0 +/- 0
45 0 +/- 0
46 0 +/- 0
47 0 +/- 0
48 0 +/- 0
49 0 +/- 0
50 0 +/- 0
51 0 +/- 0
52 0 +/- 0
53 0 +/- 0
54 0 +/- 0
55 0 +/- 0
56 0 +/- 0
57 0 +/- 0
58 0 +/- 0
59 0 +/- 0
60 0 +/- 0
61 0 +/- 0
62 0 +/- 0
63 0 +/- 0
END dQ2
beta: 17.3798828125
nconf:  8192
nbatch:  128
BEGIN dQ2
 0 0 +/- 0
 1 0 +/- 0
 2 0 +/- 0
 3 0 +/- 0
 4 0 +/- 0
 5 0 +/- 0
 6 0 +/- 0
 7 0 +/- 0
 8 0 +/- 0
 9 0 +/- 0
10 0 +/- 0
11 0 +/- 0
12 0 +/- 0
13 0 +/- 0
14 0 +/- 0
15 0 +/- 0
16 0 +/- 0
17 0 +/- 0
18 0 +/- 0
19 0 +/- 0
20 0 +/- 0
21 0 +/- 0
22 0 +/- 0
23 0 +/- 0
24 0 +/- 0
25 0 +/- 0
26 0 +/- 0
27 0 +/- 0
28 0 +/- 0
29 0 +/- 0
30 0 +/- 0
31 0 +/- 0
32 0 +/- 0
33 0 +/- 0
34 0 +/- 0
35 0 +/- 0
36 0 +/- 0
37 0 +/- 0
38 0 +/- 0
39 0 +/- 0
40 0 +/- 0
41 0 +/- 0
42 0 +/- 0
43 0 +/- 0
44 0 +/- 0
45 0 +/- 0
46 0 +/- 0
47 0 +/- 0
48 0 +/- 0
49 0 +/- 0
50 0 +/- 0
51 0 +/- 0
52 0 +/- 0
53 0 +/- 0
54 0 +/- 0
55 0 +/- 0
56 0 +/- 0
57 0 +/- 0
58 0 +/- 0
59 0 +/- 0
60 0 +/- 0
61 0 +/- 0
62 0 +/- 0
63 0 +/- 0
END dQ2
