
# File: ../s_hmc_l64_params.log
beta: 1
nconf:  8192
nbatch:  128
BEGIN dQ2
 0 0 +/- 0             
 1 300.875 +/- 0.629488
 2 325.143 +/- 0.653831
 3 332.051 +/- 0.655007
 4 332.499 +/- 0.649575
 5 333.248 +/- 0.66261 
 6 333.603 +/- 0.660226
 7 333.194 +/- 0.625593
 8 332.793 +/- 0.562672
 9 333.534 +/- 0.62907 
10 333.292 +/- 0.626056
11 333.4 +/- 0.61034   
12 333.672 +/- 0.652124
13 333.551 +/- 0.61145 
14 333.452 +/- 0.610834
15 333.361 +/- 0.579415
16 333.122 +/- 0.684331
17 333.384 +/- 0.659686
18 333.685 +/- 0.62712 
19 332.892 +/- 0.600301
20 332.96 +/- 0.638689 
21 333.373 +/- 0.611924
22 333.348 +/- 0.608605
23 333.51 +/- 0.607939 
24 333.467 +/- 0.682972
25 333.091 +/- 0.646289
26 333.024 +/- 0.61633 
27 333.301 +/- 0.635291
28 333.242 +/- 0.636649
29 333.75 +/- 0.60927  
30 333.813 +/- 0.668808
31 333.755 +/- 0.656376
32 333.404 +/- 0.652625
33 333.439 +/- 0.610889
34 333.545 +/- 0.654909
35 332.684 +/- 0.645029
36 332.948 +/- 0.634143
37 333.256 +/- 0.633742
38 333.185 +/- 0.591345
39 333.148 +/- 0.604105
40 333.819 +/- 0.640521
41 333.305 +/- 0.640222
42 333.091 +/- 0.660339
43 333.805 +/- 0.665858
44 332.993 +/- 0.615022
45 333.02 +/- 0.63414  
46 333.099 +/- 0.608251
47 333.562 +/- 0.604187
48 333.606 +/- 0.69393 
49 333.456 +/- 0.66546 
50 334.082 +/- 0.624743
51 333.39 +/- 0.674207 
52 333.382 +/- 0.661653
53 332.98 +/- 0.634461 
54 333.412 +/- 0.640346
55 333.278 +/- 0.649779
56 333.295 +/- 0.649264
57 332.993 +/- 0.669262
58 333.15 +/- 0.625202 
59 333.692 +/- 0.594475
60 332.983 +/- 0.669233
61 333.545 +/- 0.629892
62 332.876 +/- 0.622287
63 333.165 +/- 0.608513
END dQ2
beta: 2
nconf:  8192
nbatch:  128
BEGIN dQ2
 0 0 +/- 0             
 1 125.251 +/- 0.220631
 2 149.349 +/- 0.265937
 3 155.912 +/- 0.290163
 4 157.9 +/- 0.28318   
 5 158.463 +/- 0.302877
 6 158.629 +/- 0.284751
 7 158.545 +/- 0.267677
 8 158.535 +/- 0.278539
 9 158.427 +/- 0.282935
10 158.569 +/- 0.297669
11 158.603 +/- 0.289441
12 158.55 +/- 0.266649 
13 158.63 +/- 0.259061 
14 158.491 +/- 0.259898
15 158.653 +/- 0.266722
16 158.726 +/- 0.263749
17 158.803 +/- 0.271798
18 158.781 +/- 0.277231
19 158.892 +/- 0.276328
20 158.811 +/- 0.284867
21 158.719 +/- 0.277286
22 158.657 +/- 0.291848
23 158.999 +/- 0.279599
24 158.751 +/- 0.277018
25 158.731 +/- 0.284303
26 158.765 +/- 0.272652
27 158.468 +/- 0.282196
28 158.435 +/- 0.283041
29 158.526 +/- 0.277736
30 158.617 +/- 0.275643
31 158.916 +/- 0.242967
32 158.539 +/- 0.278936
33 158.785 +/- 0.2817  
34 158.522 +/- 0.282145
35 158.705 +/- 0.29043 
36 158.686 +/- 0.261002
37 158.726 +/- 0.270194
38 158.817 +/- 0.27921 
39 158.989 +/- 0.29465 
40 158.577 +/- 0.284529
41 158.364 +/- 0.27538 
42 158.677 +/- 0.289283
43 158.495 +/- 0.263222
44 158.682 +/- 0.294539
45 158.8 +/- 0.284005  
46 158.679 +/- 0.29395 
47 158.726 +/- 0.27884 
48 158.48 +/- 0.286671 
49 158.693 +/- 0.274973
50 158.52 +/- 0.276978 
51 158.45 +/- 0.283095 
52 158.563 +/- 0.277749
53 158.802 +/- 0.279091
54 158.731 +/- 0.286612
55 158.689 +/- 0.261694
56 158.667 +/- 0.266164
57 158.593 +/- 0.289613
58 158.542 +/- 0.277445
59 158.812 +/- 0.25906 
60 158.884 +/- 0.268589
61 158.938 +/- 0.272992
62 158.767 +/- 0.279022
63 158.572 +/- 0.272455
END dQ2
beta: 3
nconf:  8192
nbatch:  128
BEGIN dQ2
 0 0 +/- 0             
 1 32.675 +/- 0.0564225
 2 52.1152 +/- 0.099127
 3 64.8002 +/- 0.139647
 4 73.1599 +/- 0.175474
 5 78.6942 +/- 0.198058
 6 82.5297 +/- 0.212186
 7 85.0172 +/- 0.223669
 8 86.7121 +/- 0.233834
 9 87.8954 +/- 0.239706
10 88.6422 +/- 0.244043
11 89.1095 +/- 0.243389
12 89.4027 +/- 0.240119
13 89.5631 +/- 0.236595
14 89.6591 +/- 0.2383  
15 89.6929 +/- 0.237983
16 89.6083 +/- 0.238035
17 89.6379 +/- 0.240077
18 89.7638 +/- 0.238777
19 89.8375 +/- 0.236056
20 89.9234 +/- 0.2388  
21 90.0103 +/- 0.24338 
22 90.0889 +/- 0.248571
23 90.0961 +/- 0.255558
24 90.1499 +/- 0.258909
25 90.1304 +/- 0.259346
26 90.0359 +/- 0.251828
27 90.0776 +/- 0.252377
28 90.0344 +/- 0.252906
29 90.0037 +/- 0.255344
30 90.0097 +/- 0.25047 
31 89.9232 +/- 0.249513
32 89.9725 +/- 0.249781
33 89.8944 +/- 0.253377
34 89.9244 +/- 0.257247
35 89.8995 +/- 0.262091
36 89.908 +/- 0.259201 
37 89.997 +/- 0.254677 
38 90.0229 +/- 0.245076
39 90.0968 +/- 0.240948
40 90.1005 +/- 0.236385
41 90.0751 +/- 0.239088
42 90.1295 +/- 0.249313
43 90.2398 +/- 0.249306
44 90.2447 +/- 0.243505
45 90.3104 +/- 0.23737 
46 90.2151 +/- 0.231493
47 90.2212 +/- 0.233937
48 90.2424 +/- 0.241331
49 90.1823 +/- 0.247463
50 90.1645 +/- 0.250693
51 90.1927 +/- 0.242515
52 90.2298 +/- 0.235135
53 90.0781 +/- 0.233223
54 90.0385 +/- 0.230164
55 90.078 +/- 0.235443 
56 90.0538 +/- 0.23488 
57 90.067 +/- 0.241036 
58 90.1752 +/- 0.242373
59 90.2308 +/- 0.243416
60 90.2669 +/- 0.242564
61 90.2664 +/- 0.240163
62 90.207 +/- 0.237897 
63 90.2583 +/- 0.234152
END dQ2
beta: 4
nconf:  8192
nbatch:  128
BEGIN dQ2
 0 0 +/- 0               
 1 5.49555 +/- 0.00893905
 2 10.2207 +/- 0.0181075 
 3 14.5106 +/- 0.0282698 
 4 18.4392 +/- 0.0396882 
 5 22.0414 +/- 0.0518328 
 6 25.3402 +/- 0.0641889 
 7 28.3684 +/- 0.0772443 
 8 31.1556 +/- 0.0899709 
 9 33.7045 +/- 0.101948  
10 36.0443 +/- 0.11335   
11 38.2053 +/- 0.124649  
12 40.1923 +/- 0.137405  
13 42.0208 +/- 0.148085  
14 43.6991 +/- 0.158704  
15 45.2622 +/- 0.168904  
16 46.6892 +/- 0.178247  
17 47.984 +/- 0.185843   
18 49.1658 +/- 0.193438  
19 50.2506 +/- 0.200089  
20 51.2525 +/- 0.206806  
21 52.1831 +/- 0.212786  
22 53.0325 +/- 0.219617  
23 53.8083 +/- 0.225418  
24 54.5206 +/- 0.231764  
25 55.1731 +/- 0.237698  
26 55.7615 +/- 0.242927  
27 56.2906 +/- 0.248608  
28 56.7846 +/- 0.254467  
29 57.227 +/- 0.259849   
30 57.6045 +/- 0.264213  
31 57.9624 +/- 0.26716   
32 58.3014 +/- 0.270276  
33 58.6156 +/- 0.272227  
34 58.9059 +/- 0.272753  
35 59.1892 +/- 0.272765  
36 59.4351 +/- 0.273335  
37 59.6681 +/- 0.276072  
38 59.8856 +/- 0.278181  
39 60.1014 +/- 0.282926  
40 60.2853 +/- 0.287083  
41 60.4508 +/- 0.289915  
42 60.6135 +/- 0.295089  
43 60.758 +/- 0.300477   
44 60.906 +/- 0.305231   
45 61.0389 +/- 0.309799  
46 61.1455 +/- 0.313194  
47 61.2236 +/- 0.316141  
48 61.3049 +/- 0.319871  
49 61.3962 +/- 0.322082  
50 61.495 +/- 0.324758   
51 61.5817 +/- 0.327206  
52 61.6699 +/- 0.329138  
53 61.7423 +/- 0.328734  
54 61.8088 +/- 0.328438  
55 61.8853 +/- 0.329732  
56 61.9528 +/- 0.332291  
57 62.0252 +/- 0.334597  
58 62.0927 +/- 0.336908  
59 62.1386 +/- 0.338857  
60 62.1817 +/- 0.340232  
61 62.2287 +/- 0.341523  
62 62.2626 +/- 0.342439  
63 62.2686 +/- 0.344429  
END dQ2
beta: 5
nconf:  8192
nbatch:  128
BEGIN dQ2
 0 0 +/- 0                
 1 0.869566 +/- 0.00176121
 2 1.6842 +/- 0.00406874  
 3 2.47915 +/- 0.00656611 
 4 3.25805 +/- 0.00935208 
 5 4.01859 +/- 0.0124249  
 6 4.76718 +/- 0.0157063  
 7 5.50454 +/- 0.0193609  
 8 6.22783 +/- 0.0229969  
 9 6.93947 +/- 0.0269582  
10 7.6378 +/- 0.031395    
11 8.32491 +/- 0.0359669  
12 9.00126 +/- 0.0407087  
13 9.66655 +/- 0.0454421  
14 10.3216 +/- 0.0499675  
15 10.965 +/- 0.0543332   
16 11.5956 +/- 0.0590229  
17 12.2145 +/- 0.0637696  
18 12.8239 +/- 0.0685784  
19 13.4251 +/- 0.0733088  
20 14.0119 +/- 0.0781679  
21 14.5895 +/- 0.0830541  
22 15.1574 +/- 0.0879186  
23 15.7139 +/- 0.0926681  
24 16.2604 +/- 0.0970128  
25 16.7945 +/- 0.101384   
26 17.3173 +/- 0.10569    
27 17.8302 +/- 0.10994    
28 18.3337 +/- 0.114335   
29 18.8256 +/- 0.118752   
30 19.311 +/- 0.123427    
31 19.7909 +/- 0.128282   
32 20.2628 +/- 0.133111   
33 20.7276 +/- 0.137895   
34 21.1833 +/- 0.142449   
35 21.6303 +/- 0.146898   
36 22.0691 +/- 0.151282   
37 22.499 +/- 0.155681    
38 22.9201 +/- 0.160189   
39 23.3353 +/- 0.164742   
40 23.7448 +/- 0.169072   
41 24.1455 +/- 0.173596   
42 24.5354 +/- 0.178085   
43 24.9197 +/- 0.182551   
44 25.2973 +/- 0.186788   
45 25.667 +/- 0.190736    
46 26.0303 +/- 0.194642   
47 26.3874 +/- 0.198486   
48 26.738 +/- 0.202222    
49 27.0856 +/- 0.206086   
50 27.4282 +/- 0.210138   
51 27.7669 +/- 0.21393    
52 28.0981 +/- 0.217638   
53 28.4262 +/- 0.22144    
54 28.7471 +/- 0.22511    
55 29.059 +/- 0.228743    
56 29.3677 +/- 0.232096   
57 29.6712 +/- 0.235562   
58 29.9689 +/- 0.239022   
59 30.259 +/- 0.242216    
60 30.5441 +/- 0.245597   
61 30.8231 +/- 0.248986   
62 31.0968 +/- 0.252368   
63 31.3661 +/- 0.255652   
END dQ2
beta: 6
nconf:  8192
nbatch:  128
BEGIN dQ2
 0 0 +/- 0                 
 1 0.125645 +/- 0.000449332
 2 0.24581 +/- 0.000901097 
 3 0.36469 +/- 0.00138503  
 4 0.483003 +/- 0.00188086 
 5 0.601134 +/- 0.00247424 
 6 0.718804 +/- 0.00307144 
 7 0.835867 +/- 0.00371641 
 8 0.952523 +/- 0.00440601 
 9 1.0688 +/- 0.00510837   
10 1.18441 +/- 0.00587475  
11 1.30006 +/- 0.0067057   
12 1.41551 +/- 0.00752514  
13 1.53035 +/- 0.00829962  
14 1.64514 +/- 0.00910121  
15 1.75961 +/- 0.0099424   
16 1.87368 +/- 0.0107506   
17 1.98659 +/- 0.0115836   
18 2.09924 +/- 0.0124518   
19 2.21182 +/- 0.0132845   
20 2.32408 +/- 0.0141766   
21 2.43602 +/- 0.0151435   
22 2.54771 +/- 0.0161673   
23 2.65898 +/- 0.0171959   
24 2.77028 +/- 0.0182215   
25 2.88143 +/- 0.0192549   
26 2.99218 +/- 0.0202865   
27 3.10248 +/- 0.0213762   
28 3.21215 +/- 0.022511    
29 3.32164 +/- 0.0236488   
30 3.431 +/- 0.0248098     
31 3.53995 +/- 0.0259864   
32 3.64852 +/- 0.0271444   
33 3.75728 +/- 0.0283072   
34 3.86579 +/- 0.0294845   
35 3.97409 +/- 0.0306257   
36 4.0824 +/- 0.0317716    
37 4.19009 +/- 0.0329342   
38 4.29751 +/- 0.0340738   
39 4.40494 +/- 0.0352641   
40 4.51231 +/- 0.0364731   
41 4.61931 +/- 0.0376835   
42 4.72595 +/- 0.0389155   
43 4.83277 +/- 0.0401533   
44 4.93916 +/- 0.0413764   
45 5.04485 +/- 0.0426145   
46 5.15037 +/- 0.0438636   
47 5.25541 +/- 0.0451366   
48 5.36043 +/- 0.0464311   
49 5.46484 +/- 0.0477444   
50 5.56944 +/- 0.049103    
51 5.674 +/- 0.0504656     
52 5.77817 +/- 0.0518325   
53 5.88213 +/- 0.0532153   
54 5.98538 +/- 0.054614    
55 6.0879 +/- 0.0560324    
56 6.19006 +/- 0.0574776   
57 6.292 +/- 0.0589474     
58 6.39367 +/- 0.0604255   
59 6.49419 +/- 0.0618856   
60 6.59421 +/- 0.0633449   
61 6.69392 +/- 0.0648049   
62 6.79317 +/- 0.066235    
63 6.89226 +/- 0.0677152   
END dQ2
beta: 7
nconf:  8192
nbatch:  128
BEGIN dQ2
 0 0 +/- 0                  
 1 0.0182975 +/- 0.000150507
 2 0.0359766 +/- 0.000306419
 3 0.0535255 +/- 0.00046191 
 4 0.0710682 +/- 0.000622189
 5 0.0885942 +/- 0.000787011
 6 0.106149 +/- 0.000952967 
 7 0.123694 +/- 0.00112658  
 8 0.141251 +/- 0.00130577  
 9 0.158809 +/- 0.00148865  
10 0.176302 +/- 0.00167583  
11 0.19373 +/- 0.00186247   
12 0.21109 +/- 0.00205471   
13 0.228434 +/- 0.00224343  
14 0.245778 +/- 0.00244254  
15 0.263088 +/- 0.00264274  
16 0.280257 +/- 0.00284198  
17 0.297486 +/- 0.00304157  
18 0.314708 +/- 0.00324558  
19 0.331909 +/- 0.00345361  
20 0.349075 +/- 0.00366659  
21 0.366224 +/- 0.00388112  
22 0.383385 +/- 0.00409352  
23 0.400486 +/- 0.00430812  
24 0.417602 +/- 0.00452552  
25 0.434704 +/- 0.00474578  
26 0.451767 +/- 0.00496698  
27 0.468855 +/- 0.00518715  
28 0.485946 +/- 0.00540556  
29 0.502993 +/- 0.00562308  
30 0.519978 +/- 0.00583878  
31 0.53696 +/- 0.00605274   
32 0.554013 +/- 0.00626838  
33 0.571083 +/- 0.00648784  
34 0.588155 +/- 0.00670639  
35 0.605259 +/- 0.0069228   
36 0.622316 +/- 0.00713975  
37 0.639387 +/- 0.00735656  
38 0.656511 +/- 0.00757859  
39 0.67372 +/- 0.00780431   
40 0.690977 +/- 0.00803301  
41 0.708168 +/- 0.00826344  
42 0.725353 +/- 0.0084902   
43 0.742513 +/- 0.00871902  
44 0.759699 +/- 0.00894849  
45 0.776894 +/- 0.009179    
46 0.794057 +/- 0.00940593  
47 0.811228 +/- 0.0096368   
48 0.828348 +/- 0.00987133  
49 0.845549 +/- 0.0101076   
50 0.86274 +/- 0.0103448    
51 0.879946 +/- 0.0105793   
52 0.897143 +/- 0.010813    
53 0.914352 +/- 0.0110424   
54 0.931579 +/- 0.011277    
55 0.948827 +/- 0.0115135   
56 0.966073 +/- 0.0117511   
57 0.983248 +/- 0.0119892   
58 1.00046 +/- 0.0122197    
59 1.0177 +/- 0.0124442     
60 1.03493 +/- 0.0126726    
61 1.05213 +/- 0.012901     
62 1.06928 +/- 0.013129     
63 1.08644 +/- 0.0133598    
END dQ2
beta: 8
nconf:  8192
nbatch:  128
BEGIN dQ2
 0 0 +/- 0                   
 1 0.00258668 +/- 5.02274e-5 
 2 0.00508433 +/- 9.70756e-5 
 3 0.00756255 +/- 0.000145324
 4 0.0100347 +/- 0.000193668 
 5 0.0125074 +/- 0.000241977 
 6 0.0149894 +/- 0.000290213 
 7 0.0174719 +/- 0.000338291 
 8 0.0199599 +/- 0.000387012 
 9 0.022437 +/- 0.000434831  
10 0.0249127 +/- 0.000482711 
11 0.0273891 +/- 0.000530561 
12 0.029869 +/- 0.000578796  
13 0.0323513 +/- 0.000627198 
14 0.0348381 +/- 0.000675831 
15 0.0373198 +/- 0.000725169 
16 0.0397954 +/- 0.000774723 
17 0.0422687 +/- 0.000824976 
18 0.0447427 +/- 0.000875361 
19 0.047221 +/- 0.00092607   
20 0.0496971 +/- 0.000976838 
21 0.0521719 +/- 0.00102798  
22 0.0546435 +/- 0.00107949  
23 0.0571205 +/- 0.00113212  
24 0.0595981 +/- 0.00118476  
25 0.0620839 +/- 0.00123815  
26 0.0645646 +/- 0.00129089  
27 0.067044 +/- 0.00134326   
28 0.069524 +/- 0.00139595   
29 0.0719988 +/- 0.00144889  
30 0.0744705 +/- 0.00150148  
31 0.0769485 +/- 0.00155447  
32 0.0794271 +/- 0.00160713  
33 0.0819005 +/- 0.00165976  
34 0.0843784 +/- 0.00171332  
35 0.086857 +/- 0.00176767   
36 0.0893265 +/- 0.00182113  
37 0.0917966 +/- 0.00187472  
38 0.0942578 +/- 0.00192739  
39 0.0967167 +/- 0.0019802   
40 0.0991839 +/- 0.00203268  
41 0.101655 +/- 0.00208562   
42 0.10411 +/- 0.0021373     
43 0.106566 +/- 0.00218911   
44 0.10903 +/- 0.00224168    
45 0.111492 +/- 0.00229463   
46 0.113958 +/- 0.00234783   
47 0.116423 +/- 0.00240155   
48 0.118887 +/- 0.00245578   
49 0.12135 +/- 0.00250995    
50 0.123815 +/- 0.00256389   
51 0.12629 +/- 0.00261752    
52 0.128767 +/- 0.00267134   
53 0.13124 +/- 0.00272568    
54 0.133709 +/- 0.00277962   
55 0.136175 +/- 0.00283338   
56 0.138631 +/- 0.00288721   
57 0.141089 +/- 0.00294126   
58 0.143552 +/- 0.00299476   
59 0.146007 +/- 0.00304804   
60 0.148458 +/- 0.00310127   
61 0.150916 +/- 0.00315453   
62 0.153372 +/- 0.00320798   
63 0.155824 +/- 0.00326134   
END dQ2
beta: 9
nconf:  8192
nbatch:  128
BEGIN dQ2
 0 0 +/- 0                   
 1 0.000407269 +/- 2.09032e-5
 2 0.000805098 +/- 4.10216e-5
 3 0.00120302 +/- 6.12239e-5 
 4 0.00159914 +/- 8.13184e-5 
 5 0.00199535 +/- 0.000101452
 6 0.00239357 +/- 0.00012208 
 7 0.00278997 +/- 0.000142271
 8 0.00318648 +/- 0.000162512
 9 0.00358308 +/- 0.00018279 
10 0.00397786 +/- 0.000203035
11 0.00437275 +/- 0.000223316
12 0.00476773 +/- 0.000243625
13 0.00516471 +/- 0.000264212
14 0.0055618 +/- 0.00028483  
15 0.00595898 +/- 0.000305473
16 0.00635626 +/- 0.000326138
17 0.00675363 +/- 0.000346821
18 0.0071511 +/- 0.000367521 
19 0.00754867 +/- 0.000388235
20 0.00794634 +/- 0.000408963
21 0.00834219 +/- 0.000429549
22 0.00873814 +/- 0.000450153
23 0.00913419 +/- 0.000470775
24 0.00953033 +/- 0.000491412
25 0.00992657 +/- 0.000512064
26 0.0103229 +/- 0.000532728 
27 0.0107174 +/- 0.00055334  
28 0.0111101 +/- 0.000573994 
29 0.0115029 +/- 0.000594671 
30 0.0118958 +/- 0.000615367 
31 0.0122888 +/- 0.000636083 
32 0.0126838 +/- 0.000657259 
33 0.013078 +/- 0.000678422  
34 0.0134722 +/- 0.000699606 
35 0.0138656 +/- 0.00072091  
36 0.0142591 +/- 0.000742233 
37 0.0146526 +/- 0.000763574 
38 0.0150434 +/- 0.000784966 
39 0.0154343 +/- 0.000806378 
40 0.0158253 +/- 0.000827811 
41 0.0162164 +/- 0.000849263 
42 0.0166076 +/- 0.000870733 
43 0.0170007 +/- 0.000892559 
44 0.017394 +/- 0.000914405  
45 0.0177912 +/- 0.000936502 
46 0.0181886 +/- 0.000958624 
47 0.0185879 +/- 0.000980752 
48 0.0189873 +/- 0.00100291  
49 0.0193869 +/- 0.00102508  
50 0.0197865 +/- 0.00104729  
51 0.0201862 +/- 0.00106951  
52 0.020586 +/- 0.00109176   
53 0.020986 +/- 0.00111403   
54 0.021386 +/- 0.00113631   
55 0.0217861 +/- 0.00115862  
56 0.0221863 +/- 0.00118095  
57 0.0225866 +/- 0.00120329  
58 0.022987 +/- 0.00122565   
59 0.0233895 +/- 0.00124809  
60 0.0237901 +/- 0.00127049  
61 0.0241908 +/- 0.0012929   
62 0.0245916 +/- 0.00131534  
63 0.0249925 +/- 0.0013378   
END dQ2
beta: 10
nconf:  8192
nbatch:  128
BEGIN dQ2
 0 0 +/- 0                    
 1 4.86433e-5 +/- 6.68083e-6  
 2 9.53907e-5 +/- 1.30563e-5  
 3 0.00014215 +/- 1.95243e-5  
 4 0.00018892 +/- 2.60172e-5  
 5 0.000235701 +/- 3.2521e-5  
 6 0.000282495 +/- 3.9031e-5  
 7 0.000329299 +/- 4.55453e-5 
 8 0.000376115 +/- 5.20629e-5 
 9 0.000422942 +/- 5.85831e-5 
10 0.000469781 +/- 6.51058e-5 
11 0.000516632 +/- 7.16306e-5 
12 0.000563493 +/- 7.81574e-5 
13 0.000610366 +/- 8.46861e-5 
14 0.000657251 +/- 9.12167e-5 
15 0.000704147 +/- 9.77491e-5 
16 0.000751055 +/- 0.000104283
17 0.000797974 +/- 0.000110819
18 0.000844905 +/- 0.000117357
19 0.000891847 +/- 0.000123896
20 0.0009388 +/- 0.000130437  
21 0.000985765 +/- 0.00013698 
22 0.00103274 +/- 0.000143524 
23 0.00107973 +/- 0.00015007  
24 0.00112673 +/- 0.000156618 
25 0.00117374 +/- 0.000163167 
26 0.00122076 +/- 0.000169718 
27 0.0012678 +/- 0.00017627   
28 0.00131484 +/- 0.000182824 
29 0.0013619 +/- 0.00018938   
30 0.00140897 +/- 0.000195938 
31 0.00145605 +/- 0.000202497 
32 0.00150314 +/- 0.000209057 
33 0.00155024 +/- 0.00021562  
34 0.00159736 +/- 0.000222184 
35 0.00164448 +/- 0.000228749 
36 0.00169162 +/- 0.000235316 
37 0.00173877 +/- 0.000241885 
38 0.00178593 +/- 0.000248456 
39 0.00183311 +/- 0.000255028 
40 0.00188029 +/- 0.000261601 
41 0.00192749 +/- 0.000268177 
42 0.00197469 +/- 0.000274754 
43 0.00202191 +/- 0.000281332 
44 0.00206914 +/- 0.000287912 
45 0.00211638 +/- 0.000294494 
46 0.00216364 +/- 0.000301077 
47 0.0022109 +/- 0.000307662  
48 0.00225818 +/- 0.000314249 
49 0.00230547 +/- 0.000320837 
50 0.00235277 +/- 0.000327427 
51 0.00240008 +/- 0.000334019 
52 0.0024474 +/- 0.000340612  
53 0.00249474 +/- 0.000347207 
54 0.00254209 +/- 0.000353803 
55 0.00258944 +/- 0.000360401 
56 0.00263681 +/- 0.000367001 
57 0.0026842 +/- 0.000373602  
58 0.00273159 +/- 0.000380205 
59 0.00277899 +/- 0.000386809 
60 0.00282641 +/- 0.000393416 
61 0.00287384 +/- 0.000400023 
62 0.00292128 +/- 0.000406633 
63 0.00296873 +/- 0.000413244 
END dQ2
beta: 11
nconf:  8192
nbatch:  128
BEGIN dQ2
 0 0 +/- 0                    
 1 1.04917e-5 +/- 3.03627e-6  
 2 2.0986e-5 +/- 6.07328e-6   
 3 3.14828e-5 +/- 9.11104e-6  
 4 4.19822e-5 +/- 1.21495e-5  
 5 5.24841e-5 +/- 1.51888e-5  
 6 6.29886e-5 +/- 1.82288e-5  
 7 7.34957e-5 +/- 2.12695e-5  
 8 8.40054e-5 +/- 2.43109e-5  
 9 9.45176e-5 +/- 2.73532e-5  
10 0.000105032 +/- 3.03961e-5 
11 0.00011555 +/- 3.34398e-5  
12 0.00012607 +/- 3.64842e-5  
13 0.000136592 +/- 3.95294e-5 
14 0.000146162 +/- 4.23088e-5 
15 0.000155734 +/- 4.51061e-5 
16 0.000165309 +/- 4.79185e-5 
17 0.000174885 +/- 5.07435e-5 
18 0.000184464 +/- 5.35792e-5 
19 0.000194046 +/- 5.64241e-5 
20 0.00020363 +/- 5.92771e-5  
21 0.000213216 +/- 6.2137e-5  
22 0.000222804 +/- 6.50032e-5 
23 0.000232395 +/- 6.78748e-5 
24 0.000241989 +/- 7.07513e-5 
25 0.000251584 +/- 7.36323e-5 
26 0.000261182 +/- 7.65172e-5 
27 0.000270782 +/- 7.94058e-5 
28 0.000280385 +/- 8.22978e-5 
29 0.00028999 +/- 8.51928e-5  
30 0.000299597 +/- 8.80906e-5 
31 0.000309207 +/- 9.09911e-5 
32 0.000318819 +/- 9.38941e-5 
33 0.000328433 +/- 9.67993e-5 
34 0.00033805 +/- 9.97068e-5  
35 0.000347669 +/- 0.000102616
36 0.000357291 +/- 0.000105528
37 0.000366914 +/- 0.000108441
38 0.000376541 +/- 0.000111356
39 0.000386169 +/- 0.000114273
40 0.0003958 +/- 0.000117191  
41 0.000405433 +/- 0.000120111
42 0.000415069 +/- 0.000123032
43 0.000424707 +/- 0.000125955
44 0.000434347 +/- 0.000128879
45 0.00044399 +/- 0.000131804 
46 0.000453635 +/- 0.000134731
47 0.000463283 +/- 0.000137659
48 0.000472933 +/- 0.000140588
49 0.000482585 +/- 0.000143519
50 0.000492239 +/- 0.00014645 
51 0.000501896 +/- 0.000149383
52 0.000511556 +/- 0.000152317
53 0.000521217 +/- 0.000155252
54 0.000530881 +/- 0.000158188
55 0.000540548 +/- 0.000161125
56 0.000550217 +/- 0.000164063
57 0.000559888 +/- 0.000167002
58 0.000569561 +/- 0.000169942
59 0.000579237 +/- 0.000172884
60 0.000588916 +/- 0.000175826
61 0.000598596 +/- 0.000178769
62 0.00060828 +/- 0.000181713 
63 0.000617965 +/- 0.000184658
END dQ2
beta: 12
nconf:  8192
nbatch:  128
BEGIN dQ2
 0 0 +/- 0                    
 1 2.86137e-6 +/- 2.12601e-6  
 2 5.72344e-6 +/- 4.25255e-6  
 3 8.58621e-6 +/- 6.3796e-6   
 4 1.14497e-5 +/- 8.50717e-6  
 5 1.43139e-5 +/- 1.06353e-5  
 6 1.71787e-5 +/- 1.27639e-5  
 7 2.00443e-5 +/- 1.4893e-5   
 8 2.29106e-5 +/- 1.70227e-5  
 9 2.57775e-5 +/- 1.91528e-5  
10 2.86452e-5 +/- 2.12835e-5  
11 3.15136e-5 +/- 2.34147e-5  
12 3.43826e-5 +/- 2.55465e-5  
13 3.72524e-5 +/- 2.76787e-5  
14 4.01229e-5 +/- 2.98115e-5  
15 4.29941e-5 +/- 3.19448e-5  
16 4.58659e-5 +/- 3.40786e-5  
17 4.87385e-5 +/- 3.6213e-5   
18 5.16118e-5 +/- 3.83478e-5  
19 5.44858e-5 +/- 4.04832e-5  
20 5.73605e-5 +/- 4.26191e-5  
21 6.02359e-5 +/- 4.47556e-5  
22 6.3112e-5 +/- 4.68925e-5   
23 6.59888e-5 +/- 4.903e-5    
24 6.88663e-5 +/- 5.1168e-5   
25 7.17445e-5 +/- 5.33065e-5  
26 7.46234e-5 +/- 5.54456e-5  
27 7.75031e-5 +/- 5.75851e-5  
28 8.03834e-5 +/- 5.97252e-5  
29 8.32644e-5 +/- 6.18659e-5  
30 8.61462e-5 +/- 6.4007e-5   
31 8.90286e-5 +/- 6.61487e-5  
32 9.19118e-5 +/- 6.82909e-5  
33 9.47956e-5 +/- 7.04336e-5  
34 9.76802e-5 +/- 7.25768e-5  
35 0.000100565 +/- 7.47206e-5 
36 0.000103451 +/- 7.68649e-5 
37 0.000106338 +/- 7.90097e-5 
38 0.000109226 +/- 8.11551e-5 
39 0.000112114 +/- 8.3301e-5  
40 0.000115002 +/- 8.54474e-5 
41 0.000117892 +/- 8.75943e-5 
42 0.000120782 +/- 8.97417e-5 
43 0.000123673 +/- 9.18897e-5 
44 0.000126565 +/- 9.40382e-5 
45 0.000129457 +/- 9.61873e-5 
46 0.00013235 +/- 9.83368e-5  
47 0.000135244 +/- 0.000100487
48 0.000138139 +/- 0.000102638
49 0.000141034 +/- 0.000104789
50 0.00014393 +/- 0.00010694  
51 0.000146826 +/- 0.000109093
52 0.000149724 +/- 0.000111245
53 0.000152622 +/- 0.000113399
54 0.00015552 +/- 0.000115552 
55 0.00015842 +/- 0.000117707 
56 0.00016132 +/- 0.000119862 
57 0.000164221 +/- 0.000122017
58 0.000166162 +/- 0.000123315
59 0.000168104 +/- 0.000124615
60 0.000170046 +/- 0.000125917
61 0.000171988 +/- 0.000127221
62 0.000173931 +/- 0.000128526
63 0.000175875 +/- 0.000129833
END dQ2
beta: 13
nconf:  8192
nbatch:  128
BEGIN dQ2
 0 0 +/- 0
 1 0 +/- 0
 2 0 +/- 0
 3 0 +/- 0
 4 0 +/- 0
 5 0 +/- 0
 6 0 +/- 0
 7 0 +/- 0
 8 0 +/- 0
 9 0 +/- 0
10 0 +/- 0
11 0 +/- 0
12 0 +/- 0
13 0 +/- 0
14 0 +/- 0
15 0 +/- 0
16 0 +/- 0
17 0 +/- 0
18 0 +/- 0
19 0 +/- 0
20 0 +/- 0
21 0 +/- 0
22 0 +/- 0
23 0 +/- 0
24 0 +/- 0
25 0 +/- 0
26 0 +/- 0
27 0 +/- 0
28 0 +/- 0
29 0 +/- 0
30 0 +/- 0
31 0 +/- 0
32 0 +/- 0
33 0 +/- 0
34 0 +/- 0
35 0 +/- 0
36 0 +/- 0
37 0 +/- 0
38 0 +/- 0
39 0 +/- 0
40 0 +/- 0
41 0 +/- 0
42 0 +/- 0
43 0 +/- 0
44 0 +/- 0
45 0 +/- 0
46 0 +/- 0
47 0 +/- 0
48 0 +/- 0
49 0 +/- 0
50 0 +/- 0
51 0 +/- 0
52 0 +/- 0
53 0 +/- 0
54 0 +/- 0
55 0 +/- 0
56 0 +/- 0
57 0 +/- 0
58 0 +/- 0
59 0 +/- 0
60 0 +/- 0
61 0 +/- 0
62 0 +/- 0
63 0 +/- 0
END dQ2
beta: 14
nconf:  8192
nbatch:  128
BEGIN dQ2
 0 0 +/- 0
 1 0 +/- 0
 2 0 +/- 0
 3 0 +/- 0
 4 0 +/- 0
 5 0 +/- 0
 6 0 +/- 0
 7 0 +/- 0
 8 0 +/- 0
 9 0 +/- 0
10 0 +/- 0
11 0 +/- 0
12 0 +/- 0
13 0 +/- 0
14 0 +/- 0
15 0 +/- 0
16 0 +/- 0
17 0 +/- 0
18 0 +/- 0
19 0 +/- 0
20 0 +/- 0
21 0 +/- 0
22 0 +/- 0
23 0 +/- 0
24 0 +/- 0
25 0 +/- 0
26 0 +/- 0
27 0 +/- 0
28 0 +/- 0
29 0 +/- 0
30 0 +/- 0
31 0 +/- 0
32 0 +/- 0
33 0 +/- 0
34 0 +/- 0
35 0 +/- 0
36 0 +/- 0
37 0 +/- 0
38 0 +/- 0
39 0 +/- 0
40 0 +/- 0
41 0 +/- 0
42 0 +/- 0
43 0 +/- 0
44 0 +/- 0
45 0 +/- 0
46 0 +/- 0
47 0 +/- 0
48 0 +/- 0
49 0 +/- 0
50 0 +/- 0
51 0 +/- 0
52 0 +/- 0
53 0 +/- 0
54 0 +/- 0
55 0 +/- 0
56 0 +/- 0
57 0 +/- 0
58 0 +/- 0
59 0 +/- 0
60 0 +/- 0
61 0 +/- 0
62 0 +/- 0
63 0 +/- 0
END dQ2
beta: 15
nconf:  8192
nbatch:  128
BEGIN dQ2
 0 0 +/- 0
 1 0 +/- 0
 2 0 +/- 0
 3 0 +/- 0
 4 0 +/- 0
 5 0 +/- 0
 6 0 +/- 0
 7 0 +/- 0
 8 0 +/- 0
 9 0 +/- 0
10 0 +/- 0
11 0 +/- 0
12 0 +/- 0
13 0 +/- 0
14 0 +/- 0
15 0 +/- 0
16 0 +/- 0
17 0 +/- 0
18 0 +/- 0
19 0 +/- 0
20 0 +/- 0
21 0 +/- 0
22 0 +/- 0
23 0 +/- 0
24 0 +/- 0
25 0 +/- 0
26 0 +/- 0
27 0 +/- 0
28 0 +/- 0
29 0 +/- 0
30 0 +/- 0
31 0 +/- 0
32 0 +/- 0
33 0 +/- 0
34 0 +/- 0
35 0 +/- 0
36 0 +/- 0
37 0 +/- 0
38 0 +/- 0
39 0 +/- 0
40 0 +/- 0
41 0 +/- 0
42 0 +/- 0
43 0 +/- 0
44 0 +/- 0
45 0 +/- 0
46 0 +/- 0
47 0 +/- 0
48 0 +/- 0
49 0 +/- 0
50 0 +/- 0
51 0 +/- 0
52 0 +/- 0
53 0 +/- 0
54 0 +/- 0
55 0 +/- 0
56 0 +/- 0
57 0 +/- 0
58 0 +/- 0
59 0 +/- 0
60 0 +/- 0
61 0 +/- 0
62 0 +/- 0
63 0 +/- 0
END dQ2
beta: 16
nconf:  8192
nbatch:  128
BEGIN dQ2
 0 0 +/- 0
 1 0 +/- 0
 2 0 +/- 0
 3 0 +/- 0
 4 0 +/- 0
 5 0 +/- 0
 6 0 +/- 0
 7 0 +/- 0
 8 0 +/- 0
 9 0 +/- 0
10 0 +/- 0
11 0 +/- 0
12 0 +/- 0
13 0 +/- 0
14 0 +/- 0
15 0 +/- 0
16 0 +/- 0
17 0 +/- 0
18 0 +/- 0
19 0 +/- 0
20 0 +/- 0
21 0 +/- 0
22 0 +/- 0
23 0 +/- 0
24 0 +/- 0
25 0 +/- 0
26 0 +/- 0
27 0 +/- 0
28 0 +/- 0
29 0 +/- 0
30 0 +/- 0
31 0 +/- 0
32 0 +/- 0
33 0 +/- 0
34 0 +/- 0
35 0 +/- 0
36 0 +/- 0
37 0 +/- 0
38 0 +/- 0
39 0 +/- 0
40 0 +/- 0
41 0 +/- 0
42 0 +/- 0
43 0 +/- 0
44 0 +/- 0
45 0 +/- 0
46 0 +/- 0
47 0 +/- 0
48 0 +/- 0
49 0 +/- 0
50 0 +/- 0
51 0 +/- 0
52 0 +/- 0
53 0 +/- 0
54 0 +/- 0
55 0 +/- 0
56 0 +/- 0
57 0 +/- 0
58 0 +/- 0
59 0 +/- 0
60 0 +/- 0
61 0 +/- 0
62 0 +/- 0
63 0 +/- 0
END dQ2
beta: 17
nconf:  8192
nbatch:  128
BEGIN dQ2
 0 0 +/- 0
 1 0 +/- 0
 2 0 +/- 0
 3 0 +/- 0
 4 0 +/- 0
 5 0 +/- 0
 6 0 +/- 0
 7 0 +/- 0
 8 0 +/- 0
 9 0 +/- 0
10 0 +/- 0
11 0 +/- 0
12 0 +/- 0
13 0 +/- 0
14 0 +/- 0
15 0 +/- 0
16 0 +/- 0
17 0 +/- 0
18 0 +/- 0
19 0 +/- 0
20 0 +/- 0
21 0 +/- 0
22 0 +/- 0
23 0 +/- 0
24 0 +/- 0
25 0 +/- 0
26 0 +/- 0
27 0 +/- 0
28 0 +/- 0
29 0 +/- 0
30 0 +/- 0
31 0 +/- 0
32 0 +/- 0
33 0 +/- 0
34 0 +/- 0
35 0 +/- 0
36 0 +/- 0
37 0 +/- 0
38 0 +/- 0
39 0 +/- 0
40 0 +/- 0
41 0 +/- 0
42 0 +/- 0
43 0 +/- 0
44 0 +/- 0
45 0 +/- 0
46 0 +/- 0
47 0 +/- 0
48 0 +/- 0
49 0 +/- 0
50 0 +/- 0
51 0 +/- 0
52 0 +/- 0
53 0 +/- 0
54 0 +/- 0
55 0 +/- 0
56 0 +/- 0
57 0 +/- 0
58 0 +/- 0
59 0 +/- 0
60 0 +/- 0
61 0 +/- 0
62 0 +/- 0
63 0 +/- 0
END dQ2
beta: 18
nconf:  8192
nbatch:  128
BEGIN dQ2
 0 0 +/- 0
 1 0 +/- 0
 2 0 +/- 0
 3 0 +/- 0
 4 0 +/- 0
 5 0 +/- 0
 6 0 +/- 0
 7 0 +/- 0
 8 0 +/- 0
 9 0 +/- 0
10 0 +/- 0
11 0 +/- 0
12 0 +/- 0
13 0 +/- 0
14 0 +/- 0
15 0 +/- 0
16 0 +/- 0
17 0 +/- 0
18 0 +/- 0
19 0 +/- 0
20 0 +/- 0
21 0 +/- 0
22 0 +/- 0
23 0 +/- 0
24 0 +/- 0
25 0 +/- 0
26 0 +/- 0
27 0 +/- 0
28 0 +/- 0
29 0 +/- 0
30 0 +/- 0
31 0 +/- 0
32 0 +/- 0
33 0 +/- 0
34 0 +/- 0
35 0 +/- 0
36 0 +/- 0
37 0 +/- 0
38 0 +/- 0
39 0 +/- 0
40 0 +/- 0
41 0 +/- 0
42 0 +/- 0
43 0 +/- 0
44 0 +/- 0
45 0 +/- 0
46 0 +/- 0
47 0 +/- 0
48 0 +/- 0
49 0 +/- 0
50 0 +/- 0
51 0 +/- 0
52 0 +/- 0
53 0 +/- 0
54 0 +/- 0
55 0 +/- 0
56 0 +/- 0
57 0 +/- 0
58 0 +/- 0
59 0 +/- 0
60 0 +/- 0
61 0 +/- 0
62 0 +/- 0
63 0 +/- 0
END dQ2
beta: 19
nconf:  8192
nbatch:  128
BEGIN dQ2
 0 0 +/- 0
 1 0 +/- 0
 2 0 +/- 0
 3 0 +/- 0
 4 0 +/- 0
 5 0 +/- 0
 6 0 +/- 0
 7 0 +/- 0
 8 0 +/- 0
 9 0 +/- 0
10 0 +/- 0
11 0 +/- 0
12 0 +/- 0
13 0 +/- 0
14 0 +/- 0
15 0 +/- 0
16 0 +/- 0
17 0 +/- 0
18 0 +/- 0
19 0 +/- 0
20 0 +/- 0
21 0 +/- 0
22 0 +/- 0
23 0 +/- 0
24 0 +/- 0
25 0 +/- 0
26 0 +/- 0
27 0 +/- 0
28 0 +/- 0
29 0 +/- 0
30 0 +/- 0
31 0 +/- 0
32 0 +/- 0
33 0 +/- 0
34 0 +/- 0
35 0 +/- 0
36 0 +/- 0
37 0 +/- 0
38 0 +/- 0
39 0 +/- 0
40 0 +/- 0
41 0 +/- 0
42 0 +/- 0
43 0 +/- 0
44 0 +/- 0
45 0 +/- 0
46 0 +/- 0
47 0 +/- 0
48 0 +/- 0
49 0 +/- 0
50 0 +/- 0
51 0 +/- 0
52 0 +/- 0
53 0 +/- 0
54 0 +/- 0
55 0 +/- 0
56 0 +/- 0
57 0 +/- 0
58 0 +/- 0
59 0 +/- 0
60 0 +/- 0
61 0 +/- 0
62 0 +/- 0
63 0 +/- 0
END dQ2
beta: 20
nconf:  8192
nbatch:  128
BEGIN dQ2
 0 0 +/- 0
 1 0 +/- 0
 2 0 +/- 0
 3 0 +/- 0
 4 0 +/- 0
 5 0 +/- 0
 6 0 +/- 0
 7 0 +/- 0
 8 0 +/- 0
 9 0 +/- 0
10 0 +/- 0
11 0 +/- 0
12 0 +/- 0
13 0 +/- 0
14 0 +/- 0
15 0 +/- 0
16 0 +/- 0
17 0 +/- 0
18 0 +/- 0
19 0 +/- 0
20 0 +/- 0
21 0 +/- 0
22 0 +/- 0
23 0 +/- 0
24 0 +/- 0
25 0 +/- 0
26 0 +/- 0
27 0 +/- 0
28 0 +/- 0
29 0 +/- 0
30 0 +/- 0
31 0 +/- 0
32 0 +/- 0
33 0 +/- 0
34 0 +/- 0
35 0 +/- 0
36 0 +/- 0
37 0 +/- 0
38 0 +/- 0
39 0 +/- 0
40 0 +/- 0
41 0 +/- 0
42 0 +/- 0
43 0 +/- 0
44 0 +/- 0
45 0 +/- 0
46 0 +/- 0
47 0 +/- 0
48 0 +/- 0
49 0 +/- 0
50 0 +/- 0
51 0 +/- 0
52 0 +/- 0
53 0 +/- 0
54 0 +/- 0
55 0 +/- 0
56 0 +/- 0
57 0 +/- 0
58 0 +/- 0
59 0 +/- 0
60 0 +/- 0
61 0 +/- 0
62 0 +/- 0
63 0 +/- 0
END dQ2
beta: 21
nconf:  8192
nbatch:  128
BEGIN dQ2
 0 0 +/- 0
 1 0 +/- 0
 2 0 +/- 0
 3 0 +/- 0
 4 0 +/- 0
 5 0 +/- 0
 6 0 +/- 0
 7 0 +/- 0
 8 0 +/- 0
 9 0 +/- 0
10 0 +/- 0
11 0 +/- 0
12 0 +/- 0
13 0 +/- 0
14 0 +/- 0
15 0 +/- 0
16 0 +/- 0
17 0 +/- 0
18 0 +/- 0
19 0 +/- 0
20 0 +/- 0
21 0 +/- 0
22 0 +/- 0
23 0 +/- 0
24 0 +/- 0
25 0 +/- 0
26 0 +/- 0
27 0 +/- 0
28 0 +/- 0
29 0 +/- 0
30 0 +/- 0
31 0 +/- 0
32 0 +/- 0
33 0 +/- 0
34 0 +/- 0
35 0 +/- 0
36 0 +/- 0
37 0 +/- 0
38 0 +/- 0
39 0 +/- 0
40 0 +/- 0
41 0 +/- 0
42 0 +/- 0
43 0 +/- 0
44 0 +/- 0
45 0 +/- 0
46 0 +/- 0
47 0 +/- 0
48 0 +/- 0
49 0 +/- 0
50 0 +/- 0
51 0 +/- 0
52 0 +/- 0
53 0 +/- 0
54 0 +/- 0
55 0 +/- 0
56 0 +/- 0
57 0 +/- 0
58 0 +/- 0
59 0 +/- 0
60 0 +/- 0
61 0 +/- 0
62 0 +/- 0
63 0 +/- 0
END dQ2
beta: 22
nconf:  8192
nbatch:  128
BEGIN dQ2
 0 0 +/- 0
 1 0 +/- 0
 2 0 +/- 0
 3 0 +/- 0
 4 0 +/- 0
 5 0 +/- 0
 6 0 +/- 0
 7 0 +/- 0
 8 0 +/- 0
 9 0 +/- 0
10 0 +/- 0
11 0 +/- 0
12 0 +/- 0
13 0 +/- 0
14 0 +/- 0
15 0 +/- 0
16 0 +/- 0
17 0 +/- 0
18 0 +/- 0
19 0 +/- 0
20 0 +/- 0
21 0 +/- 0
22 0 +/- 0
23 0 +/- 0
24 0 +/- 0
25 0 +/- 0
26 0 +/- 0
27 0 +/- 0
28 0 +/- 0
29 0 +/- 0
30 0 +/- 0
31 0 +/- 0
32 0 +/- 0
33 0 +/- 0
34 0 +/- 0
35 0 +/- 0
36 0 +/- 0
37 0 +/- 0
38 0 +/- 0
39 0 +/- 0
40 0 +/- 0
41 0 +/- 0
42 0 +/- 0
43 0 +/- 0
44 0 +/- 0
45 0 +/- 0
46 0 +/- 0
47 0 +/- 0
48 0 +/- 0
49 0 +/- 0
50 0 +/- 0
51 0 +/- 0
52 0 +/- 0
53 0 +/- 0
54 0 +/- 0
55 0 +/- 0
56 0 +/- 0
57 0 +/- 0
58 0 +/- 0
59 0 +/- 0
60 0 +/- 0
61 0 +/- 0
62 0 +/- 0
63 0 +/- 0
END dQ2
beta: 23
nconf:  8192
nbatch:  128
BEGIN dQ2
 0 0 +/- 0
 1 0 +/- 0
 2 0 +/- 0
 3 0 +/- 0
 4 0 +/- 0
 5 0 +/- 0
 6 0 +/- 0
 7 0 +/- 0
 8 0 +/- 0
 9 0 +/- 0
10 0 +/- 0
11 0 +/- 0
12 0 +/- 0
13 0 +/- 0
14 0 +/- 0
15 0 +/- 0
16 0 +/- 0
17 0 +/- 0
18 0 +/- 0
19 0 +/- 0
20 0 +/- 0
21 0 +/- 0
22 0 +/- 0
23 0 +/- 0
24 0 +/- 0
25 0 +/- 0
26 0 +/- 0
27 0 +/- 0
28 0 +/- 0
29 0 +/- 0
30 0 +/- 0
31 0 +/- 0
32 0 +/- 0
33 0 +/- 0
34 0 +/- 0
35 0 +/- 0
36 0 +/- 0
37 0 +/- 0
38 0 +/- 0
39 0 +/- 0
40 0 +/- 0
41 0 +/- 0
42 0 +/- 0
43 0 +/- 0
44 0 +/- 0
45 0 +/- 0
46 0 +/- 0
47 0 +/- 0
48 0 +/- 0
49 0 +/- 0
50 0 +/- 0
51 0 +/- 0
52 0 +/- 0
53 0 +/- 0
54 0 +/- 0
55 0 +/- 0
56 0 +/- 0
57 0 +/- 0
58 0 +/- 0
59 0 +/- 0
60 0 +/- 0
61 0 +/- 0
62 0 +/- 0
63 0 +/- 0
END dQ2
beta: 24
nconf:  8192
nbatch:  128
BEGIN dQ2
 0 0 +/- 0
 1 0 +/- 0
 2 0 +/- 0
 3 0 +/- 0
 4 0 +/- 0
 5 0 +/- 0
 6 0 +/- 0
 7 0 +/- 0
 8 0 +/- 0
 9 0 +/- 0
10 0 +/- 0
11 0 +/- 0
12 0 +/- 0
13 0 +/- 0
14 0 +/- 0
15 0 +/- 0
16 0 +/- 0
17 0 +/- 0
18 0 +/- 0
19 0 +/- 0
20 0 +/- 0
21 0 +/- 0
22 0 +/- 0
23 0 +/- 0
24 0 +/- 0
25 0 +/- 0
26 0 +/- 0
27 0 +/- 0
28 0 +/- 0
29 0 +/- 0
30 0 +/- 0
31 0 +/- 0
32 0 +/- 0
33 0 +/- 0
34 0 +/- 0
35 0 +/- 0
36 0 +/- 0
37 0 +/- 0
38 0 +/- 0
39 0 +/- 0
40 0 +/- 0
41 0 +/- 0
42 0 +/- 0
43 0 +/- 0
44 0 +/- 0
45 0 +/- 0
46 0 +/- 0
47 0 +/- 0
48 0 +/- 0
49 0 +/- 0
50 0 +/- 0
51 0 +/- 0
52 0 +/- 0
53 0 +/- 0
54 0 +/- 0
55 0 +/- 0
56 0 +/- 0
57 0 +/- 0
58 0 +/- 0
59 0 +/- 0
60 0 +/- 0
61 0 +/- 0
62 0 +/- 0
63 0 +/- 0
END dQ2
beta: 25
nconf:  8192
nbatch:  128
BEGIN dQ2
 0 0 +/- 0
 1 0 +/- 0
 2 0 +/- 0
 3 0 +/- 0
 4 0 +/- 0
 5 0 +/- 0
 6 0 +/- 0
 7 0 +/- 0
 8 0 +/- 0
 9 0 +/- 0
10 0 +/- 0
11 0 +/- 0
12 0 +/- 0
13 0 +/- 0
14 0 +/- 0
15 0 +/- 0
16 0 +/- 0
17 0 +/- 0
18 0 +/- 0
19 0 +/- 0
20 0 +/- 0
21 0 +/- 0
22 0 +/- 0
23 0 +/- 0
24 0 +/- 0
25 0 +/- 0
26 0 +/- 0
27 0 +/- 0
28 0 +/- 0
29 0 +/- 0
30 0 +/- 0
31 0 +/- 0
32 0 +/- 0
33 0 +/- 0
34 0 +/- 0
35 0 +/- 0
36 0 +/- 0
37 0 +/- 0
38 0 +/- 0
39 0 +/- 0
40 0 +/- 0
41 0 +/- 0
42 0 +/- 0
43 0 +/- 0
44 0 +/- 0
45 0 +/- 0
46 0 +/- 0
47 0 +/- 0
48 0 +/- 0
49 0 +/- 0
50 0 +/- 0
51 0 +/- 0
52 0 +/- 0
53 0 +/- 0
54 0 +/- 0
55 0 +/- 0
56 0 +/- 0
57 0 +/- 0
58 0 +/- 0
59 0 +/- 0
60 0 +/- 0
61 0 +/- 0
62 0 +/- 0
63 0 +/- 0
END dQ2
beta: 26
nconf:  8192
nbatch:  128
BEGIN dQ2
 0 0 +/- 0
 1 0 +/- 0
 2 0 +/- 0
 3 0 +/- 0
 4 0 +/- 0
 5 0 +/- 0
 6 0 +/- 0
 7 0 +/- 0
 8 0 +/- 0
 9 0 +/- 0
10 0 +/- 0
11 0 +/- 0
12 0 +/- 0
13 0 +/- 0
14 0 +/- 0
15 0 +/- 0
16 0 +/- 0
17 0 +/- 0
18 0 +/- 0
19 0 +/- 0
20 0 +/- 0
21 0 +/- 0
22 0 +/- 0
23 0 +/- 0
24 0 +/- 0
25 0 +/- 0
26 0 +/- 0
27 0 +/- 0
28 0 +/- 0
29 0 +/- 0
30 0 +/- 0
31 0 +/- 0
32 0 +/- 0
33 0 +/- 0
34 0 +/- 0
35 0 +/- 0
36 0 +/- 0
37 0 +/- 0
38 0 +/- 0
39 0 +/- 0
40 0 +/- 0
41 0 +/- 0
42 0 +/- 0
43 0 +/- 0
44 0 +/- 0
45 0 +/- 0
46 0 +/- 0
47 0 +/- 0
48 0 +/- 0
49 0 +/- 0
50 0 +/- 0
51 0 +/- 0
52 0 +/- 0
53 0 +/- 0
54 0 +/- 0
55 0 +/- 0
56 0 +/- 0
57 0 +/- 0
58 0 +/- 0
59 0 +/- 0
60 0 +/- 0
61 0 +/- 0
62 0 +/- 0
63 0 +/- 0
END dQ2
beta: 27
nconf:  8192
nbatch:  128
BEGIN dQ2
 0 0 +/- 0
 1 0 +/- 0
 2 0 +/- 0
 3 0 +/- 0
 4 0 +/- 0
 5 0 +/- 0
 6 0 +/- 0
 7 0 +/- 0
 8 0 +/- 0
 9 0 +/- 0
10 0 +/- 0
11 0 +/- 0
12 0 +/- 0
13 0 +/- 0
14 0 +/- 0
15 0 +/- 0
16 0 +/- 0
17 0 +/- 0
18 0 +/- 0
19 0 +/- 0
20 0 +/- 0
21 0 +/- 0
22 0 +/- 0
23 0 +/- 0
24 0 +/- 0
25 0 +/- 0
26 0 +/- 0
27 0 +/- 0
28 0 +/- 0
29 0 +/- 0
30 0 +/- 0
31 0 +/- 0
32 0 +/- 0
33 0 +/- 0
34 0 +/- 0
35 0 +/- 0
36 0 +/- 0
37 0 +/- 0
38 0 +/- 0
39 0 +/- 0
40 0 +/- 0
41 0 +/- 0
42 0 +/- 0
43 0 +/- 0
44 0 +/- 0
45 0 +/- 0
46 0 +/- 0
47 0 +/- 0
48 0 +/- 0
49 0 +/- 0
50 0 +/- 0
51 0 +/- 0
52 0 +/- 0
53 0 +/- 0
54 0 +/- 0
55 0 +/- 0
56 0 +/- 0
57 0 +/- 0
58 0 +/- 0
59 0 +/- 0
60 0 +/- 0
61 0 +/- 0
62 0 +/- 0
63 0 +/- 0
END dQ2
beta: 28
nconf:  8192
nbatch:  128
BEGIN dQ2
 0 0 +/- 0
 1 0 +/- 0
 2 0 +/- 0
 3 0 +/- 0
 4 0 +/- 0
 5 0 +/- 0
 6 0 +/- 0
 7 0 +/- 0
 8 0 +/- 0
 9 0 +/- 0
10 0 +/- 0
11 0 +/- 0
12 0 +/- 0
13 0 +/- 0
14 0 +/- 0
15 0 +/- 0
16 0 +/- 0
17 0 +/- 0
18 0 +/- 0
19 0 +/- 0
20 0 +/- 0
21 0 +/- 0
22 0 +/- 0
23 0 +/- 0
24 0 +/- 0
25 0 +/- 0
26 0 +/- 0
27 0 +/- 0
28 0 +/- 0
29 0 +/- 0
30 0 +/- 0
31 0 +/- 0
32 0 +/- 0
33 0 +/- 0
34 0 +/- 0
35 0 +/- 0
36 0 +/- 0
37 0 +/- 0
38 0 +/- 0
39 0 +/- 0
40 0 +/- 0
41 0 +/- 0
42 0 +/- 0
43 0 +/- 0
44 0 +/- 0
45 0 +/- 0
46 0 +/- 0
47 0 +/- 0
48 0 +/- 0
49 0 +/- 0
50 0 +/- 0
51 0 +/- 0
52 0 +/- 0
53 0 +/- 0
54 0 +/- 0
55 0 +/- 0
56 0 +/- 0
57 0 +/- 0
58 0 +/- 0
59 0 +/- 0
60 0 +/- 0
61 0 +/- 0
62 0 +/- 0
63 0 +/- 0
END dQ2
beta: 29
nconf:  8192
nbatch:  128
BEGIN dQ2
 0 0 +/- 0
 1 0 +/- 0
 2 0 +/- 0
 3 0 +/- 0
 4 0 +/- 0
 5 0 +/- 0
 6 0 +/- 0
 7 0 +/- 0
 8 0 +/- 0
 9 0 +/- 0
10 0 +/- 0
11 0 +/- 0
12 0 +/- 0
13 0 +/- 0
14 0 +/- 0
15 0 +/- 0
16 0 +/- 0
17 0 +/- 0
18 0 +/- 0
19 0 +/- 0
20 0 +/- 0
21 0 +/- 0
22 0 +/- 0
23 0 +/- 0
24 0 +/- 0
25 0 +/- 0
26 0 +/- 0
27 0 +/- 0
28 0 +/- 0
29 0 +/- 0
30 0 +/- 0
31 0 +/- 0
32 0 +/- 0
33 0 +/- 0
34 0 +/- 0
35 0 +/- 0
36 0 +/- 0
37 0 +/- 0
38 0 +/- 0
39 0 +/- 0
40 0 +/- 0
41 0 +/- 0
42 0 +/- 0
43 0 +/- 0
44 0 +/- 0
45 0 +/- 0
46 0 +/- 0
47 0 +/- 0
48 0 +/- 0
49 0 +/- 0
50 0 +/- 0
51 0 +/- 0
52 0 +/- 0
53 0 +/- 0
54 0 +/- 0
55 0 +/- 0
56 0 +/- 0
57 0 +/- 0
58 0 +/- 0
59 0 +/- 0
60 0 +/- 0
61 0 +/- 0
62 0 +/- 0
63 0 +/- 0
END dQ2
beta: 30
nconf:  8192
nbatch:  128
BEGIN dQ2
 0 0 +/- 0
 1 0 +/- 0
 2 0 +/- 0
 3 0 +/- 0
 4 0 +/- 0
 5 0 +/- 0
 6 0 +/- 0
 7 0 +/- 0
 8 0 +/- 0
 9 0 +/- 0
10 0 +/- 0
11 0 +/- 0
12 0 +/- 0
13 0 +/- 0
14 0 +/- 0
15 0 +/- 0
16 0 +/- 0
17 0 +/- 0
18 0 +/- 0
19 0 +/- 0
20 0 +/- 0
21 0 +/- 0
22 0 +/- 0
23 0 +/- 0
24 0 +/- 0
25 0 +/- 0
26 0 +/- 0
27 0 +/- 0
28 0 +/- 0
29 0 +/- 0
30 0 +/- 0
31 0 +/- 0
32 0 +/- 0
33 0 +/- 0
34 0 +/- 0
35 0 +/- 0
36 0 +/- 0
37 0 +/- 0
38 0 +/- 0
39 0 +/- 0
40 0 +/- 0
41 0 +/- 0
42 0 +/- 0
43 0 +/- 0
44 0 +/- 0
45 0 +/- 0
46 0 +/- 0
47 0 +/- 0
48 0 +/- 0
49 0 +/- 0
50 0 +/- 0
51 0 +/- 0
52 0 +/- 0
53 0 +/- 0
54 0 +/- 0
55 0 +/- 0
56 0 +/- 0
57 0 +/- 0
58 0 +/- 0
59 0 +/- 0
60 0 +/- 0
61 0 +/- 0
62 0 +/- 0
63 0 +/- 0
END dQ2
beta: 31
nconf:  8192
nbatch:  128
BEGIN dQ2
 0 0 +/- 0
 1 0 +/- 0
 2 0 +/- 0
 3 0 +/- 0
 4 0 +/- 0
 5 0 +/- 0
 6 0 +/- 0
 7 0 +/- 0
 8 0 +/- 0
 9 0 +/- 0
10 0 +/- 0
11 0 +/- 0
12 0 +/- 0
13 0 +/- 0
14 0 +/- 0
15 0 +/- 0
16 0 +/- 0
17 0 +/- 0
18 0 +/- 0
19 0 +/- 0
20 0 +/- 0
21 0 +/- 0
22 0 +/- 0
23 0 +/- 0
24 0 +/- 0
25 0 +/- 0
26 0 +/- 0
27 0 +/- 0
28 0 +/- 0
29 0 +/- 0
30 0 +/- 0
31 0 +/- 0
32 0 +/- 0
33 0 +/- 0
34 0 +/- 0
35 0 +/- 0
36 0 +/- 0
37 0 +/- 0
38 0 +/- 0
39 0 +/- 0
40 0 +/- 0
41 0 +/- 0
42 0 +/- 0
43 0 +/- 0
44 0 +/- 0
45 0 +/- 0
46 0 +/- 0
47 0 +/- 0
48 0 +/- 0
49 0 +/- 0
50 0 +/- 0
51 0 +/- 0
52 0 +/- 0
53 0 +/- 0
54 0 +/- 0
55 0 +/- 0
56 0 +/- 0
57 0 +/- 0
58 0 +/- 0
59 0 +/- 0
60 0 +/- 0
61 0 +/- 0
62 0 +/- 0
63 0 +/- 0
END dQ2
beta: 32
nconf:  8192
nbatch:  128
BEGIN dQ2
 0 0 +/- 0
 1 0 +/- 0
 2 0 +/- 0
 3 0 +/- 0
 4 0 +/- 0
 5 0 +/- 0
 6 0 +/- 0
 7 0 +/- 0
 8 0 +/- 0
 9 0 +/- 0
10 0 +/- 0
11 0 +/- 0
12 0 +/- 0
13 0 +/- 0
14 0 +/- 0
15 0 +/- 0
16 0 +/- 0
17 0 +/- 0
18 0 +/- 0
19 0 +/- 0
20 0 +/- 0
21 0 +/- 0
22 0 +/- 0
23 0 +/- 0
24 0 +/- 0
25 0 +/- 0
26 0 +/- 0
27 0 +/- 0
28 0 +/- 0
29 0 +/- 0
30 0 +/- 0
31 0 +/- 0
32 0 +/- 0
33 0 +/- 0
34 0 +/- 0
35 0 +/- 0
36 0 +/- 0
37 0 +/- 0
38 0 +/- 0
39 0 +/- 0
40 0 +/- 0
41 0 +/- 0
42 0 +/- 0
43 0 +/- 0
44 0 +/- 0
45 0 +/- 0
46 0 +/- 0
47 0 +/- 0
48 0 +/- 0
49 0 +/- 0
50 0 +/- 0
51 0 +/- 0
52 0 +/- 0
53 0 +/- 0
54 0 +/- 0
55 0 +/- 0
56 0 +/- 0
57 0 +/- 0
58 0 +/- 0
59 0 +/- 0
60 0 +/- 0
61 0 +/- 0
62 0 +/- 0
63 0 +/- 0
END dQ2
beta: 33
nconf:  8192
nbatch:  128
BEGIN dQ2
 0 0 +/- 0
 1 0 +/- 0
 2 0 +/- 0
 3 0 +/- 0
 4 0 +/- 0
 5 0 +/- 0
 6 0 +/- 0
 7 0 +/- 0
 8 0 +/- 0
 9 0 +/- 0
10 0 +/- 0
11 0 +/- 0
12 0 +/- 0
13 0 +/- 0
14 0 +/- 0
15 0 +/- 0
16 0 +/- 0
17 0 +/- 0
18 0 +/- 0
19 0 +/- 0
20 0 +/- 0
21 0 +/- 0
22 0 +/- 0
23 0 +/- 0
24 0 +/- 0
25 0 +/- 0
26 0 +/- 0
27 0 +/- 0
28 0 +/- 0
29 0 +/- 0
30 0 +/- 0
31 0 +/- 0
32 0 +/- 0
33 0 +/- 0
34 0 +/- 0
35 0 +/- 0
36 0 +/- 0
37 0 +/- 0
38 0 +/- 0
39 0 +/- 0
40 0 +/- 0
41 0 +/- 0
42 0 +/- 0
43 0 +/- 0
44 0 +/- 0
45 0 +/- 0
46 0 +/- 0
47 0 +/- 0
48 0 +/- 0
49 0 +/- 0
50 0 +/- 0
51 0 +/- 0
52 0 +/- 0
53 0 +/- 0
54 0 +/- 0
55 0 +/- 0
56 0 +/- 0
57 0 +/- 0
58 0 +/- 0
59 0 +/- 0
60 0 +/- 0
61 0 +/- 0
62 0 +/- 0
63 0 +/- 0
END dQ2
beta: 34
nconf:  8192
nbatch:  128
BEGIN dQ2
 0 0 +/- 0
 1 0 +/- 0
 2 0 +/- 0
 3 0 +/- 0
 4 0 +/- 0
 5 0 +/- 0
 6 0 +/- 0
 7 0 +/- 0
 8 0 +/- 0
 9 0 +/- 0
10 0 +/- 0
11 0 +/- 0
12 0 +/- 0
13 0 +/- 0
14 0 +/- 0
15 0 +/- 0
16 0 +/- 0
17 0 +/- 0
18 0 +/- 0
19 0 +/- 0
20 0 +/- 0
21 0 +/- 0
22 0 +/- 0
23 0 +/- 0
24 0 +/- 0
25 0 +/- 0
26 0 +/- 0
27 0 +/- 0
28 0 +/- 0
29 0 +/- 0
30 0 +/- 0
31 0 +/- 0
32 0 +/- 0
33 0 +/- 0
34 0 +/- 0
35 0 +/- 0
36 0 +/- 0
37 0 +/- 0
38 0 +/- 0
39 0 +/- 0
40 0 +/- 0
41 0 +/- 0
42 0 +/- 0
43 0 +/- 0
44 0 +/- 0
45 0 +/- 0
46 0 +/- 0
47 0 +/- 0
48 0 +/- 0
49 0 +/- 0
50 0 +/- 0
51 0 +/- 0
52 0 +/- 0
53 0 +/- 0
54 0 +/- 0
55 0 +/- 0
56 0 +/- 0
57 0 +/- 0
58 0 +/- 0
59 0 +/- 0
60 0 +/- 0
61 0 +/- 0
62 0 +/- 0
63 0 +/- 0
END dQ2
beta: 35
nconf:  276
nbatch: 128
BEGIN dQ2
 0 0 +/- 0
 1 0 +/- 0
 2 0 +/- 0
 3 0 +/- 0
 4 0 +/- 0
 5 0 +/- 0
 6 0 +/- 0
 7 0 +/- 0
 8 0 +/- 0
 9 0 +/- 0
10 0 +/- 0
11 0 +/- 0
12 0 +/- 0
13 0 +/- 0
14 0 +/- 0
15 0 +/- 0
16 0 +/- 0
17 0 +/- 0
18 0 +/- 0
19 0 +/- 0
20 0 +/- 0
21 0 +/- 0
22 0 +/- 0
23 0 +/- 0
24 0 +/- 0
25 0 +/- 0
26 0 +/- 0
27 0 +/- 0
28 0 +/- 0
29 0 +/- 0
30 0 +/- 0
31 0 +/- 0
32 0 +/- 0
33 0 +/- 0
34 0 +/- 0
35 0 +/- 0
36 0 +/- 0
37 0 +/- 0
38 0 +/- 0
39 0 +/- 0
40 0 +/- 0
41 0 +/- 0
42 0 +/- 0
43 0 +/- 0
44 0 +/- 0
45 0 +/- 0
46 0 +/- 0
47 0 +/- 0
48 0 +/- 0
49 0 +/- 0
50 0 +/- 0
51 0 +/- 0
52 0 +/- 0
53 0 +/- 0
54 0 +/- 0
55 0 +/- 0
56 0 +/- 0
57 0 +/- 0
58 0 +/- 0
59 0 +/- 0
60 0 +/- 0
61 0 +/- 0
62 0 +/- 0
63 0 +/- 0
END dQ2
