
# File: ../s_nthmc_l70_fixBV_l64_b6.log
beta: 7.177734375
nconf:  1024
nbatch:   32
BEGIN dQ2
 0 0 +/- 0                 
 1 0.0509225 +/- 0.00187062
 2 0.101027 +/- 0.00382888 
 3 0.150129 +/- 0.00581925 
 4 0.199081 +/- 0.00791262 
 5 0.2477 +/- 0.00998622   
 6 0.296261 +/- 0.0122426  
 7 0.345348 +/- 0.0147791  
 8 0.395085 +/- 0.017576   
 9 0.444489 +/- 0.0203324  
10 0.494607 +/- 0.022946   
11 0.544885 +/- 0.0258451  
12 0.595603 +/- 0.0287355  
13 0.645864 +/- 0.0318246  
14 0.696132 +/- 0.0350873  
15 0.745602 +/- 0.0383749  
16 0.794364 +/- 0.0417587  
17 0.843378 +/- 0.0452798  
18 0.892706 +/- 0.0488127  
19 0.942382 +/- 0.0524087  
20 0.99225 +/- 0.0560785   
21 1.04169 +/- 0.0598008   
22 1.09069 +/- 0.0634106   
23 1.13986 +/- 0.067151    
24 1.18906 +/- 0.0707492   
25 1.23739 +/- 0.074192    
26 1.28535 +/- 0.0777092   
27 1.33344 +/- 0.0814454   
28 1.38043 +/- 0.0849235   
29 1.42695 +/- 0.0884225   
30 1.47262 +/- 0.0919721   
31 1.51822 +/- 0.0955215   
32 1.56304 +/- 0.0990383   
33 1.60832 +/- 0.102889    
34 1.65385 +/- 0.107047    
35 1.69897 +/- 0.111018    
36 1.74428 +/- 0.115042    
37 1.7892 +/- 0.119141     
38 1.83472 +/- 0.123395    
39 1.87998 +/- 0.127802    
40 1.92546 +/- 0.132182    
41 1.97142 +/- 0.136742    
42 2.01731 +/- 0.141214    
43 2.06387 +/- 0.145705    
44 2.11036 +/- 0.149965    
45 2.15679 +/- 0.154108    
46 2.20277 +/- 0.158285    
47 2.24872 +/- 0.162534    
48 2.29521 +/- 0.166877    
49 2.34131 +/- 0.171188    
50 2.38742 +/- 0.175693    
51 2.43336 +/- 0.180062    
52 2.47862 +/- 0.184393    
53 2.52497 +/- 0.188785    
54 2.57194 +/- 0.193402    
55 2.61836 +/- 0.198157    
56 2.66484 +/- 0.202943    
57 2.71116 +/- 0.20785     
58 2.75786 +/- 0.212957    
59 2.80437 +/- 0.218106    
60 2.85027 +/- 0.223199    
61 2.89593 +/- 0.228429    
62 2.94195 +/- 0.233633    
63 2.98907 +/- 0.238994    
END dQ2
