
# File: ../s_nthmc_l72_fixBV_l64_b6.log
beta: 7.59375
nconf:  1024
nbatch:   32
BEGIN dQ2
 0 0 +/- 0                 
 1 0.0219636 +/- 0.00107242
 2 0.0437561 +/- 0.00215783
 3 0.0656525 +/- 0.0034092 
 4 0.0878676 +/- 0.0046875 
 5 0.10985 +/- 0.00589224  
 6 0.131784 +/- 0.00722057 
 7 0.153853 +/- 0.00858377 
 8 0.176027 +/- 0.00997401 
 9 0.197845 +/- 0.0113711  
10 0.219705 +/- 0.0127532  
11 0.241301 +/- 0.0141228  
12 0.262877 +/- 0.0155295  
13 0.284094 +/- 0.0169706  
14 0.3056 +/- 0.0184186    
15 0.326933 +/- 0.019927   
16 0.348276 +/- 0.0215432  
17 0.369538 +/- 0.0230904  
18 0.390936 +/- 0.0246859  
19 0.412624 +/- 0.0263591  
20 0.434387 +/- 0.0280499  
21 0.456256 +/- 0.029841   
22 0.478262 +/- 0.0316163  
23 0.500343 +/- 0.0334565  
24 0.522219 +/- 0.0352863  
25 0.544482 +/- 0.0371434  
26 0.566759 +/- 0.0390358  
27 0.589174 +/- 0.0409553  
28 0.611101 +/- 0.0427334  
29 0.632915 +/- 0.0445443  
30 0.654395 +/- 0.0463313  
31 0.675762 +/- 0.0481059  
32 0.697234 +/- 0.0498636  
33 0.718782 +/- 0.0516249  
34 0.740688 +/- 0.0533053  
35 0.762671 +/- 0.0549746  
36 0.784761 +/- 0.0567118  
37 0.806358 +/- 0.058466   
38 0.827808 +/- 0.0601646  
39 0.849334 +/- 0.0618783  
40 0.870967 +/- 0.0635924  
41 0.892612 +/- 0.0653264  
42 0.914047 +/- 0.0670809  
43 0.935461 +/- 0.0688579  
44 0.95692 +/- 0.0706574   
45 0.97823 +/- 0.0724481   
46 0.999393 +/- 0.0742308  
47 1.02066 +/- 0.0760319   
48 1.04201 +/- 0.0778629   
49 1.0633 +/- 0.0797185    
50 1.08419 +/- 0.081543    
51 1.10509 +/- 0.0833731   
52 1.1267 +/- 0.0853111    
53 1.14791 +/- 0.0871887   
54 1.16904 +/- 0.0890533   
55 1.19005 +/- 0.0909521   
56 1.21116 +/- 0.0928706   
57 1.23219 +/- 0.0947393   
58 1.25307 +/- 0.0966341   
59 1.27358 +/- 0.0985124   
60 1.29441 +/- 0.100442    
61 1.31513 +/- 0.102381    
62 1.33615 +/- 0.104468    
63 1.35718 +/- 0.106464    
END dQ2
