
# File: ../s_nthmc_l70_fixBV_l64_b5.log
beta: 5.9814453125
nconf:  1024
nbatch:   32
BEGIN dQ2
 0 0 +/- 0                
 1 0.468597 +/- 0.00680942
 2 0.918175 +/- 0.0144554 
 3 1.35309 +/- 0.0222795  
 4 1.79396 +/- 0.0308264  
 5 2.22835 +/- 0.0414637  
 6 2.65874 +/- 0.0533893  
 7 3.08327 +/- 0.0677071  
 8 3.50172 +/- 0.0834915  
 9 3.91499 +/- 0.0999772  
10 4.32261 +/- 0.118183   
11 4.73926 +/- 0.136471   
12 5.15579 +/- 0.156446   
13 5.56 +/- 0.174647      
14 5.96306 +/- 0.192461   
15 6.36261 +/- 0.210934   
16 6.76404 +/- 0.22931    
17 7.16137 +/- 0.249525   
18 7.54815 +/- 0.270459   
19 7.92864 +/- 0.292015   
20 8.30961 +/- 0.314194   
21 8.69573 +/- 0.337196   
22 9.07575 +/- 0.359542   
23 9.44924 +/- 0.381723   
24 9.82878 +/- 0.403579   
25 10.2134 +/- 0.42583    
26 10.5951 +/- 0.450175   
27 10.9666 +/- 0.474099   
28 11.3357 +/- 0.500148   
29 11.6913 +/- 0.526596   
30 12.0529 +/- 0.554409   
31 12.4186 +/- 0.582754   
32 12.7834 +/- 0.610253   
33 13.1443 +/- 0.637517   
34 13.5074 +/- 0.663652   
35 13.8601 +/- 0.688456   
36 14.2092 +/- 0.711498   
37 14.5538 +/- 0.73565    
38 14.8937 +/- 0.761053   
39 15.2291 +/- 0.784271   
40 15.5518 +/- 0.808817   
41 15.8638 +/- 0.833857   
42 16.1741 +/- 0.857164   
43 16.484 +/- 0.881323    
44 16.7928 +/- 0.907554   
45 17.1088 +/- 0.932283   
46 17.425 +/- 0.956645    
47 17.7322 +/- 0.978901   
48 18.0481 +/- 1.00089    
49 18.3596 +/- 1.02393    
50 18.6573 +/- 1.04764    
51 18.9603 +/- 1.06996    
52 19.2603 +/- 1.09156    
53 19.5579 +/- 1.1142     
54 19.8466 +/- 1.13732    
55 20.1343 +/- 1.15871    
56 20.4173 +/- 1.17953    
57 20.6994 +/- 1.20179    
58 20.983 +/- 1.22546     
59 21.2566 +/- 1.2492     
60 21.5242 +/- 1.27434    
61 21.7877 +/- 1.3008     
62 22.0539 +/- 1.32885    
63 22.3165 +/- 1.35533    
END dQ2
