
# File: ../s_nthmc_l72_fixBV_l64_b5.log
beta: 6.328125
nconf:  1024
nbatch:   32
BEGIN dQ2
 0 0 +/- 0                
 1 0.251863 +/- 0.00469162
 2 0.495291 +/- 0.00950225
 3 0.736839 +/- 0.0144735 
 4 0.977053 +/- 0.0210594 
 5 1.21844 +/- 0.0285921  
 6 1.45954 +/- 0.0360642  
 7 1.69899 +/- 0.0439398  
 8 1.93692 +/- 0.051715   
 9 2.17318 +/- 0.0595678  
10 2.40856 +/- 0.0674714  
11 2.64166 +/- 0.0755308  
12 2.87021 +/- 0.0837508  
13 3.10166 +/- 0.0922992  
14 3.33202 +/- 0.10083    
15 3.56284 +/- 0.109177   
16 3.79102 +/- 0.118265   
17 4.01887 +/- 0.126345   
18 4.24267 +/- 0.13513    
19 4.46247 +/- 0.143198   
20 4.67935 +/- 0.150998   
21 4.89762 +/- 0.157925   
22 5.11418 +/- 0.164045   
23 5.32873 +/- 0.169731   
24 5.54397 +/- 0.175938   
25 5.75685 +/- 0.182385   
26 5.96697 +/- 0.188812   
27 6.17991 +/- 0.195259   
28 6.38862 +/- 0.202037   
29 6.59771 +/- 0.209411   
30 6.80442 +/- 0.217215   
31 7.01004 +/- 0.224857   
32 7.21144 +/- 0.232347   
33 7.41265 +/- 0.240115   
34 7.61641 +/- 0.250206   
35 7.82618 +/- 0.26103    
36 8.02768 +/- 0.271639   
37 8.22584 +/- 0.282946   
38 8.4253 +/- 0.294255    
39 8.62097 +/- 0.305505   
40 8.81663 +/- 0.316022   
41 9.00986 +/- 0.326734   
42 9.20306 +/- 0.338616   
43 9.39389 +/- 0.350711   
44 9.58536 +/- 0.362899   
45 9.77257 +/- 0.375793   
46 9.95431 +/- 0.388807   
47 10.1332 +/- 0.402177   
48 10.3113 +/- 0.414649   
49 10.4898 +/- 0.428441   
50 10.6723 +/- 0.442324   
51 10.8485 +/- 0.455333   
52 11.0284 +/- 0.469237   
53 11.2026 +/- 0.482783   
54 11.3711 +/- 0.496288   
55 11.5423 +/- 0.510271   
56 11.7117 +/- 0.524641   
57 11.879 +/- 0.538596    
58 12.0486 +/- 0.552744   
59 12.2132 +/- 0.567369   
60 12.3712 +/- 0.582345   
61 12.5312 +/- 0.59736    
62 12.6935 +/- 0.612482   
63 12.8529 +/- 0.62713    
END dQ2
