
# File: ../s_nthmc_l66_fixBV_l64_b5.log
beta: 5.3173828125
nconf:  1024
nbatch:   32
BEGIN dQ2
 0 0 +/- 0              
 1 1.45122 +/- 0.0149517
 2 2.83253 +/- 0.0276172
 3 4.16675 +/- 0.0497733
 4 5.49069 +/- 0.0779402
 5 6.75371 +/- 0.110655 
 6 7.99629 +/- 0.145191 
 7 9.2311 +/- 0.181851  
 8 10.4386 +/- 0.219125 
 9 11.5738 +/- 0.257289 
10 12.6807 +/- 0.297104 
11 13.7483 +/- 0.335571 
12 14.801 +/- 0.373517  
13 15.8202 +/- 0.409961 
14 16.794 +/- 0.446595  
15 17.7437 +/- 0.480327 
16 18.6518 +/- 0.511377 
17 19.5287 +/- 0.54137  
18 20.3825 +/- 0.566837 
19 21.2211 +/- 0.60174  
20 22.06 +/- 0.638956   
21 22.8718 +/- 0.672431 
22 23.6589 +/- 0.713256 
23 24.4182 +/- 0.754008 
24 25.1543 +/- 0.794212 
25 25.8764 +/- 0.829592 
26 26.593 +/- 0.866501  
27 27.2672 +/- 0.902044 
28 27.922 +/- 0.937879  
29 28.5849 +/- 0.971143 
30 29.2286 +/- 1.00205  
31 29.8623 +/- 1.03006  
32 30.4659 +/- 1.05212  
33 31.0717 +/- 1.07477  
34 31.6204 +/- 1.09791  
35 32.1431 +/- 1.12112  
36 32.6587 +/- 1.14285  
37 33.1539 +/- 1.16731  
38 33.6191 +/- 1.19141  
39 34.0567 +/- 1.21644  
40 34.4622 +/- 1.24325  
41 34.8498 +/- 1.2674   
42 35.2141 +/- 1.29122  
43 35.5852 +/- 1.3124   
44 35.9452 +/- 1.33386  
45 36.2717 +/- 1.3499   
46 36.5953 +/- 1.3675   
47 36.9224 +/- 1.38312  
48 37.2131 +/- 1.39552  
49 37.4988 +/- 1.41111  
50 37.7664 +/- 1.42634  
51 38.035 +/- 1.43782   
52 38.2955 +/- 1.4442   
53 38.5294 +/- 1.45346  
54 38.7587 +/- 1.46866  
55 38.9908 +/- 1.48698  
56 39.2301 +/- 1.50614  
57 39.4887 +/- 1.52218  
58 39.7613 +/- 1.54155  
59 40.0526 +/- 1.55638  
60 40.3001 +/- 1.56794  
61 40.5209 +/- 1.57834  
62 40.7455 +/- 1.59167  
63 40.9625 +/- 1.60658  
END dQ2
