
# File: ../s_nthmc_l76_fixBV_l64_b6.log
beta: 8.4609375
nconf:  1024
nbatch:   32
BEGIN dQ2
 0 0 +/- 0                   
 1 0.00522361 +/- 0.000666534
 2 0.0104574 +/- 0.00133437  
 3 0.0156709 +/- 0.00199409  
 4 0.0208946 +/- 0.00265532  
 5 0.0261286 +/- 0.00331793  
 6 0.0313728 +/- 0.00397406  
 7 0.0366273 +/- 0.00463289  
 8 0.0418922 +/- 0.0052939   
 9 0.0470751 +/- 0.00594973  
10 0.0522682 +/- 0.00660787  
11 0.0575333 +/- 0.00728582  
12 0.0628706 +/- 0.00797132  
13 0.0682802 +/- 0.00866749  
14 0.0737314 +/- 0.00937426  
15 0.0790077 +/- 0.0100442   
16 0.0842324 +/- 0.0107124   
17 0.0894675 +/- 0.0114209   
18 0.094713 +/- 0.0121323    
19 0.0999689 +/- 0.0128464   
20 0.105266 +/- 0.0135667    
21 0.110575 +/- 0.0142898    
22 0.115831 +/- 0.0150046    
23 0.121098 +/- 0.015722     
24 0.126281 +/- 0.0164414    
25 0.131475 +/- 0.0171634    
26 0.136617 +/- 0.0178858    
27 0.141863 +/- 0.0186208    
28 0.14712 +/- 0.0193588     
29 0.152356 +/- 0.0201017    
30 0.157602 +/- 0.0208475    
31 0.162796 +/- 0.0215868    
32 0.167937 +/- 0.022319     
33 0.173058 +/- 0.023056     
34 0.178251 +/- 0.0238104    
35 0.183456 +/- 0.0245675    
36 0.188639 +/- 0.0253306    
37 0.193832 +/- 0.0260962    
38 0.199005 +/- 0.0268641    
39 0.204093 +/- 0.0276315    
40 0.209318 +/- 0.0284158    
41 0.214554 +/- 0.0292033    
42 0.219737 +/- 0.0299845    
43 0.224898 +/- 0.030757     
44 0.230006 +/- 0.0315328    
45 0.235125 +/- 0.0323179    
46 0.24019 +/- 0.033056      
47 0.24533 +/- 0.0337899     
48 0.25048 +/- 0.0345267     
49 0.255641 +/- 0.0352665    
50 0.260877 +/- 0.0360174    
51 0.266123 +/- 0.036771     
52 0.271316 +/- 0.0375293    
53 0.276455 +/- 0.0382928    
54 0.281669 +/- 0.0390565    
55 0.286894 +/- 0.0398349    
56 0.292129 +/- 0.0406173    
57 0.297376 +/- 0.0414034    
58 0.302569 +/- 0.042188     
59 0.307772 +/- 0.0429767    
60 0.313051 +/- 0.0437703    
61 0.318341 +/- 0.0445684    
62 0.323642 +/- 0.0453708    
63 0.328954 +/- 0.0461773    
END dQ2
