
# File: ../s_nthmc_l64_b5.log
beta: 4
nconf:  1024
nbatch:   32
BEGIN dQ2
 0 0 +/- 0             
 1 14.9118 +/- 0.14653 
 2 25.7026 +/- 0.232213
 3 33.6088 +/- 0.35551 
 4 39.6433 +/- 0.436701
 5 44.4067 +/- 0.564057
 6 48.1426 +/- 0.727295
 7 51.0601 +/- 0.814227
 8 53.2328 +/- 0.942437
 9 54.899 +/- 0.995703 
10 56.3629 +/- 1.08247 
11 57.5417 +/- 1.11119 
12 58.2624 +/- 1.13116 
13 59.2485 +/- 1.11237 
14 60.1856 +/- 1.11122 
15 60.9172 +/- 1.11133 
16 61.3937 +/- 1.12502 
17 61.6562 +/- 1.14375 
18 61.8777 +/- 1.1916  
19 62.1239 +/- 1.18483 
20 61.9891 +/- 1.17671 
21 62.1322 +/- 1.17673 
22 62.21 +/- 1.11738   
23 62.2427 +/- 1.08989 
24 62.2379 +/- 1.06125 
25 62.3624 +/- 1.02901 
26 62.2339 +/- 1.02984 
27 62.0342 +/- 1.0254  
28 61.7416 +/- 1.05637 
29 61.4988 +/- 1.08243 
30 61.4088 +/- 1.11048 
31 61.4186 +/- 1.13585 
32 61.3963 +/- 1.1768  
33 61.4224 +/- 1.20147 
34 61.8141 +/- 1.17765 
35 62.2304 +/- 1.19517 
36 62.6254 +/- 1.24143 
37 62.8616 +/- 1.23113 
38 63.1668 +/- 1.2195  
39 63.0233 +/- 1.21155 
40 62.8754 +/- 1.24788 
41 62.6995 +/- 1.26818 
42 62.7515 +/- 1.24678 
43 62.8405 +/- 1.259   
44 62.8161 +/- 1.31759 
45 62.6227 +/- 1.30141 
46 62.468 +/- 1.26992  
47 62.3832 +/- 1.30073 
48 62.1551 +/- 1.30459 
49 62.0768 +/- 1.32376 
50 61.7531 +/- 1.30049 
51 61.3475 +/- 1.29818 
52 61.2041 +/- 1.26972 
53 61.1032 +/- 1.2336  
54 61.1814 +/- 1.28087 
55 61.2995 +/- 1.2973  
56 61.5859 +/- 1.31154 
57 61.5184 +/- 1.24702 
58 61.6212 +/- 1.18882 
59 61.7942 +/- 1.15801 
60 61.4927 +/- 1.16382 
61 61.465 +/- 1.14598  
62 61.2978 +/- 1.12369 
63 61.3863 +/- 1.13297 
END dQ2
beta: 5
nconf:  1024
nbatch:   32
BEGIN dQ2
 0 0 +/- 0              
 1 2.61138 +/- 0.0233896
 2 4.97535 +/- 0.0485506
 3 7.20577 +/- 0.0735698
 4 9.31575 +/- 0.109947 
 5 11.332 +/- 0.152713  
 6 13.2529 +/- 0.193323 
 7 15.0886 +/- 0.240185 
 8 16.8802 +/- 0.294006 
 9 18.5113 +/- 0.333719 
10 20.1215 +/- 0.379809 
11 21.6337 +/- 0.428512 
12 23.022 +/- 0.47802   
13 24.3721 +/- 0.528672 
14 25.6408 +/- 0.576734 
15 26.8766 +/- 0.619106 
16 28 +/- 0.663554      
17 29.0976 +/- 0.713183 
18 30.1126 +/- 0.768435 
19 31.1003 +/- 0.833366 
20 32.0463 +/- 0.888532 
21 32.9732 +/- 0.939695 
22 33.8408 +/- 0.98489  
23 34.6244 +/- 1.02388  
24 35.3759 +/- 1.06294  
25 36.1439 +/- 1.09736  
26 36.864 +/- 1.13668   
27 37.5604 +/- 1.18786  
28 38.2275 +/- 1.24332  
29 38.8636 +/- 1.29029  
30 39.4789 +/- 1.33857  
31 40.049 +/- 1.3872    
32 40.5802 +/- 1.43229  
33 41.0873 +/- 1.47549  
34 41.5638 +/- 1.51362  
35 41.9951 +/- 1.54093  
36 42.3988 +/- 1.56779  
37 42.7835 +/- 1.59473  
38 43.2138 +/- 1.61878  
39 43.6165 +/- 1.63492  
40 44.0234 +/- 1.65105  
41 44.4555 +/- 1.67481  
42 44.8164 +/- 1.69748  
43 45.1679 +/- 1.71511  
44 45.5163 +/- 1.73358  
45 45.7947 +/- 1.75957  
46 46.0399 +/- 1.7745   
47 46.2213 +/- 1.78789  
48 46.3806 +/- 1.80369  
49 46.563 +/- 1.82262   
50 46.6987 +/- 1.84292  
51 46.7886 +/- 1.86483  
52 46.8888 +/- 1.88742  
53 46.9857 +/- 1.90641  
54 47.0878 +/- 1.9248   
55 47.1932 +/- 1.93548  
56 47.238 +/- 1.9469    
57 47.2828 +/- 1.96065  
58 47.3361 +/- 1.97073  
59 47.3539 +/- 1.97399  
60 47.3636 +/- 1.96238  
61 47.3662 +/- 1.94839  
62 47.3763 +/- 1.93013  
63 47.3803 +/- 1.90787  
END dQ2
beta: 6
nconf:  1024
nbatch:   32
BEGIN dQ2
 0 0 +/- 0                
 1 0.351356 +/- 0.00607691
 2 0.693585 +/- 0.0122397 
 3 1.03416 +/- 0.0193779  
 4 1.36743 +/- 0.0268426  
 5 1.69544 +/- 0.0344183  
 6 2.01639 +/- 0.0424856  
 7 2.33598 +/- 0.049745   
 8 2.65416 +/- 0.0583238  
 9 2.96949 +/- 0.0676494  
10 3.28908 +/- 0.0783153  
11 3.61078 +/- 0.089776   
12 3.94321 +/- 0.101604   
13 4.26793 +/- 0.114319   
14 4.58861 +/- 0.126259   
15 4.91136 +/- 0.138321   
16 5.23543 +/- 0.149839   
17 5.55452 +/- 0.163424   
18 5.87463 +/- 0.178089   
19 6.18822 +/- 0.19306    
20 6.5019 +/- 0.209055    
21 6.81801 +/- 0.225233   
22 7.13317 +/- 0.241724   
23 7.44072 +/- 0.259451   
24 7.74409 +/- 0.278217   
25 8.03926 +/- 0.297499   
26 8.32565 +/- 0.315441   
27 8.61594 +/- 0.333291   
28 8.90703 +/- 0.351017   
29 9.19372 +/- 0.367002   
30 9.48409 +/- 0.383403   
31 9.77159 +/- 0.400373   
32 10.0575 +/- 0.419253   
33 10.3327 +/- 0.437728   
34 10.6079 +/- 0.456464   
35 10.8767 +/- 0.474798   
36 11.1492 +/- 0.492925   
37 11.4201 +/- 0.510964   
38 11.6913 +/- 0.530232   
39 11.9618 +/- 0.550323   
40 12.2277 +/- 0.570169   
41 12.4898 +/- 0.589799   
42 12.7539 +/- 0.609528   
43 13.018 +/- 0.628312    
44 13.2803 +/- 0.646854   
45 13.5349 +/- 0.665062   
46 13.782 +/- 0.6829      
47 14.0273 +/- 0.699375   
48 14.2714 +/- 0.71574    
49 14.5127 +/- 0.734278   
50 14.7513 +/- 0.753324   
51 14.9851 +/- 0.772751   
52 15.2158 +/- 0.793318   
53 15.4434 +/- 0.812849   
54 15.677 +/- 0.832829    
55 15.9078 +/- 0.852442   
56 16.139 +/- 0.871339    
57 16.3663 +/- 0.889224   
58 16.5882 +/- 0.906959   
59 16.8066 +/- 0.924279   
60 17.0211 +/- 0.941418   
61 17.2287 +/- 0.958743   
62 17.4302 +/- 0.976289   
63 17.6323 +/- 0.994024   
END dQ2
beta: 7
nconf:  862
nbatch:  32
BEGIN dQ2
 0 0 +/- 0                 
 1 0.0538618 +/- 0.00167186
 2 0.106977 +/- 0.00349228 
 3 0.159779 +/- 0.00550865 
 4 0.212303 +/- 0.00778667 
 5 0.265424 +/- 0.0101403  
 6 0.318779 +/- 0.0126897  
 7 0.373209 +/- 0.0152285  
 8 0.427071 +/- 0.0177242  
 9 0.480876 +/- 0.0201482  
10 0.534881 +/- 0.0225711  
11 0.589307 +/- 0.0247676  
12 0.644596 +/- 0.0270139  
13 0.699904 +/- 0.0293985  
14 0.754606 +/- 0.0317094  
15 0.808257 +/- 0.034218   
16 0.862626 +/- 0.0367667  
17 0.917197 +/- 0.0393629  
18 0.971971 +/- 0.0421997  
19 1.02702 +/- 0.0449756   
20 1.08132 +/- 0.047872    
21 1.13526 +/- 0.0506677   
22 1.18757 +/- 0.0535829   
23 1.24114 +/- 0.0565185   
24 1.29501 +/- 0.0593391   
25 1.34916 +/- 0.0622214   
26 1.40244 +/- 0.0651093   
27 1.45711 +/- 0.0680298   
28 1.51244 +/- 0.0710083   
29 1.56835 +/- 0.0741765   
30 1.62432 +/- 0.0775145   
31 1.68114 +/- 0.0808693   
32 1.73788 +/- 0.0844394   
33 1.79475 +/- 0.0879557   
34 1.85096 +/- 0.0914063   
35 1.90678 +/- 0.0948951   
36 1.96289 +/- 0.098605    
37 2.01989 +/- 0.10226     
38 2.07737 +/- 0.105884    
39 2.13464 +/- 0.109591    
40 2.1924 +/- 0.113127     
41 2.24909 +/- 0.116731    
42 2.30541 +/- 0.120455    
43 2.36229 +/- 0.124177    
44 2.41996 +/- 0.127933    
45 2.47782 +/- 0.1318      
46 2.53542 +/- 0.135634    
47 2.59294 +/- 0.139513    
48 2.65034 +/- 0.143676    
49 2.70737 +/- 0.147971    
50 2.76385 +/- 0.152234    
51 2.82063 +/- 0.156429    
52 2.87654 +/- 0.160819    
53 2.93344 +/- 0.165348    
54 2.99126 +/- 0.169845    
55 3.04767 +/- 0.174068    
56 3.10251 +/- 0.178458    
57 3.15769 +/- 0.18299     
58 3.21253 +/- 0.187247    
59 3.26755 +/- 0.19163     
60 3.32228 +/- 0.196186    
61 3.37726 +/- 0.200561    
62 3.43254 +/- 0.204853    
63 3.48631 +/- 0.209173    
END dQ2
