
# File: ../s_nthmc_l64_b4_cn8_cn10.log
beta: 4
nconf:  1024
nbatch:   32
BEGIN dQ2
 0 0 +/- 0              
 1 10.2205 +/- 0.0935517
 2 18.4501 +/- 0.173411 
 3 25.3535 +/- 0.275616 
 4 30.834 +/- 0.401262  
 5 35.4785 +/- 0.524216 
 6 39.3954 +/- 0.664161 
 7 42.7073 +/- 0.743241 
 8 45.6635 +/- 0.793178 
 9 48.4365 +/- 0.827928 
10 50.6492 +/- 0.84361  
11 52.4174 +/- 0.903011 
12 53.7772 +/- 0.924778 
13 54.936 +/- 0.967081  
14 55.9412 +/- 1.0001   
15 56.7791 +/- 1.01739  
16 57.5385 +/- 1.03328  
17 58.103 +/- 1.07306   
18 58.2548 +/- 1.08027  
19 58.2737 +/- 1.09323  
20 58.3343 +/- 1.11575  
21 58.3016 +/- 1.16067  
22 58.2641 +/- 1.17231  
23 58.3131 +/- 1.22873  
24 58.6285 +/- 1.29353  
25 58.8038 +/- 1.33444  
26 58.8059 +/- 1.38385  
27 58.8917 +/- 1.38628  
28 58.9702 +/- 1.39227  
29 58.9914 +/- 1.41128  
30 58.8599 +/- 1.42308  
31 58.8351 +/- 1.43371  
32 58.8204 +/- 1.41981  
33 58.843 +/- 1.40369   
34 58.8598 +/- 1.40076  
35 59.1091 +/- 1.44402  
36 59.2945 +/- 1.45927  
37 59.3701 +/- 1.45962  
38 59.539 +/- 1.45034   
39 59.6291 +/- 1.45427  
40 59.5634 +/- 1.47087  
41 59.5434 +/- 1.46212  
42 59.4319 +/- 1.46068  
43 59.3415 +/- 1.48265  
44 59.271 +/- 1.48155   
45 59.2648 +/- 1.48339  
46 59.1506 +/- 1.47706  
47 58.9177 +/- 1.50415  
48 59.0155 +/- 1.51186  
49 59.2102 +/- 1.51423  
50 59.4845 +/- 1.52156  
51 59.7919 +/- 1.55743  
52 60.1428 +/- 1.57141  
53 60.466 +/- 1.57302   
54 60.4865 +/- 1.61113  
55 60.3497 +/- 1.64495  
56 60.2415 +/- 1.63499  
57 60.2204 +/- 1.62771  
58 60.1803 +/- 1.63114  
59 60.1582 +/- 1.64859  
60 60.0349 +/- 1.68953  
61 60.015 +/- 1.73677   
62 60.0648 +/- 1.75035  
63 60.0153 +/- 1.76548  
END dQ2
beta: 5
nconf:  1024
nbatch:   32
BEGIN dQ2
 0 0 +/- 0              
 1 1.61657 +/- 0.0183025
 2 3.1191 +/- 0.0381702 
 3 4.5629 +/- 0.0640199 
 4 5.95821 +/- 0.0923547
 5 7.28815 +/- 0.123034 
 6 8.55949 +/- 0.150147 
 7 9.77815 +/- 0.172303 
 8 10.9641 +/- 0.20245  
 9 12.1047 +/- 0.23877  
10 13.1893 +/- 0.277626 
11 14.2518 +/- 0.317172 
12 15.2958 +/- 0.361525 
13 16.2966 +/- 0.40978  
14 17.2431 +/- 0.457528 
15 18.2083 +/- 0.507472 
16 19.1467 +/- 0.554352 
17 20.0818 +/- 0.601202 
18 21.016 +/- 0.646084  
19 21.9142 +/- 0.694614 
20 22.7911 +/- 0.743305 
21 23.6363 +/- 0.791999 
22 24.4378 +/- 0.839558 
23 25.2243 +/- 0.891123 
24 25.9983 +/- 0.942263 
25 26.7495 +/- 0.994041 
26 27.4671 +/- 1.04239  
27 28.1377 +/- 1.09159  
28 28.7973 +/- 1.14172  
29 29.4303 +/- 1.18785  
30 30.0487 +/- 1.23144  
31 30.6308 +/- 1.27659  
32 31.1903 +/- 1.32374  
33 31.7185 +/- 1.363    
34 32.2513 +/- 1.40435  
35 32.768 +/- 1.44319   
36 33.2839 +/- 1.48035  
37 33.7622 +/- 1.51836  
38 34.2142 +/- 1.5515   
39 34.6469 +/- 1.58111  
40 35.0365 +/- 1.60974  
41 35.4334 +/- 1.63737  
42 35.8353 +/- 1.66576  
43 36.26 +/- 1.69265    
44 36.6685 +/- 1.71876  
45 37.069 +/- 1.7429    
46 37.4534 +/- 1.77142  
47 37.8247 +/- 1.79902  
48 38.1813 +/- 1.82467  
49 38.5171 +/- 1.85127  
50 38.8301 +/- 1.87722  
51 39.1029 +/- 1.89983  
52 39.336 +/- 1.92479   
53 39.5699 +/- 1.94959  
54 39.8094 +/- 1.96947  
55 40.0126 +/- 1.98784  
56 40.2145 +/- 2.00564  
57 40.3951 +/- 2.02169  
58 40.5953 +/- 2.03445  
59 40.8133 +/- 2.04556  
60 41.0272 +/- 2.05374  
61 41.2649 +/- 2.06335  
62 41.4481 +/- 2.07076  
63 41.6246 +/- 2.07425  
END dQ2
beta: 6
nconf:  1024
nbatch:   32
BEGIN dQ2
 0 0 +/- 0               
 1 0.247984 +/- 0.0045758
 2 0.492019 +/- 0.0102955
 3 0.735492 +/- 0.0161415
 4 0.975858 +/- 0.0212594
 5 1.21326 +/- 0.0272209 
 6 1.44944 +/- 0.033848  
 7 1.67761 +/- 0.0401199 
 8 1.90041 +/- 0.0466155 
 9 2.12466 +/- 0.0539596 
10 2.34548 +/- 0.0619357 
11 2.56438 +/- 0.0703392 
12 2.7861 +/- 0.0794025  
13 3.00665 +/- 0.088289  
14 3.22661 +/- 0.0971787 
15 3.45144 +/- 0.106442  
16 3.6715 +/- 0.115544   
17 3.88924 +/- 0.124328  
18 4.10462 +/- 0.133738  
19 4.3199 +/- 0.14331    
20 4.53281 +/- 0.153418  
21 4.74156 +/- 0.163315  
22 4.94601 +/- 0.173643  
23 5.1531 +/- 0.184419   
24 5.36137 +/- 0.195425  
25 5.56854 +/- 0.207312  
26 5.77251 +/- 0.219301  
27 5.97699 +/- 0.231212  
28 6.18013 +/- 0.243653  
29 6.38543 +/- 0.256516  
30 6.58753 +/- 0.269225  
31 6.78849 +/- 0.282373  
32 6.98916 +/- 0.2952    
33 7.18971 +/- 0.308111  
34 7.38867 +/- 0.321318  
35 7.58977 +/- 0.334799  
36 7.78451 +/- 0.347339  
37 7.97657 +/- 0.360444  
38 8.17384 +/- 0.372994  
39 8.37567 +/- 0.385098  
40 8.57968 +/- 0.397143  
41 8.78204 +/- 0.40879   
42 8.98485 +/- 0.421238  
43 9.18352 +/- 0.433423  
44 9.38023 +/- 0.444905  
45 9.58178 +/- 0.456155  
46 9.78416 +/- 0.466521  
47 9.98621 +/- 0.476529  
48 10.1867 +/- 0.486621  
49 10.3868 +/- 0.497013  
50 10.587 +/- 0.507777   
51 10.784 +/- 0.517815   
52 10.9821 +/- 0.528101  
53 11.1776 +/- 0.539169  
54 11.3733 +/- 0.551239  
55 11.57 +/- 0.562581    
56 11.7682 +/- 0.574369  
57 11.9683 +/- 0.586088  
58 12.1661 +/- 0.597719  
59 12.3569 +/- 0.609411  
60 12.5442 +/- 0.620466  
61 12.7293 +/- 0.631352  
62 12.9158 +/- 0.642338  
63 13.0964 +/- 0.653056  
END dQ2
beta: 7
nconf:  1024
nbatch:   32
BEGIN dQ2
 0 0 +/- 0                 
 1 0.0357405 +/- 0.00141747
 2 0.0703889 +/- 0.00282618
 3 0.104891 +/- 0.00426525 
 4 0.138756 +/- 0.00574283 
 5 0.172534 +/- 0.00723704 
 6 0.206195 +/- 0.00876266 
 7 0.239522 +/- 0.0101922  
 8 0.272422 +/- 0.0116271  
 9 0.305634 +/- 0.0129353  
10 0.338911 +/- 0.014224   
11 0.372224 +/- 0.0154953  
12 0.405324 +/- 0.0167307  
13 0.438644 +/- 0.0179428  
14 0.471937 +/- 0.0191741  
15 0.505668 +/- 0.0203944  
16 0.539031 +/- 0.0217006  
17 0.572648 +/- 0.0231166  
18 0.606362 +/- 0.0246231  
19 0.641014 +/- 0.0262397  
20 0.674925 +/- 0.0278245  
21 0.708686 +/- 0.0294612  
22 0.742421 +/- 0.0311366  
23 0.776224 +/- 0.0328391  
24 0.810188 +/- 0.0345259  
25 0.84472 +/- 0.0362754   
26 0.879634 +/- 0.0380905  
27 0.913898 +/- 0.0398736  
28 0.947917 +/- 0.041772   
29 0.981941 +/- 0.0436692  
30 1.01575 +/- 0.0455079   
31 1.04957 +/- 0.0473274   
32 1.08474 +/- 0.0492261   
33 1.12033 +/- 0.051243    
34 1.15568 +/- 0.0534206   
35 1.1911 +/- 0.0555829    
36 1.22682 +/- 0.0578198   
37 1.26219 +/- 0.0600493   
38 1.29798 +/- 0.0622835   
39 1.33376 +/- 0.0644789   
40 1.36951 +/- 0.0667657   
41 1.40507 +/- 0.0690109   
42 1.44011 +/- 0.071312    
43 1.47493 +/- 0.0735944   
44 1.51008 +/- 0.0760516   
45 1.54501 +/- 0.0784888   
46 1.57995 +/- 0.0810349   
47 1.61451 +/- 0.0835007   
48 1.64917 +/- 0.0859782   
49 1.68349 +/- 0.0884532   
50 1.71833 +/- 0.0910838   
51 1.75292 +/- 0.0937412   
52 1.78836 +/- 0.0965854   
53 1.82367 +/- 0.0994719   
54 1.85928 +/- 0.102444    
55 1.89435 +/- 0.105491    
56 1.92907 +/- 0.108486    
57 1.96458 +/- 0.111628    
58 1.99961 +/- 0.114737    
59 2.03514 +/- 0.117912    
60 2.07093 +/- 0.121124    
61 2.10692 +/- 0.124319    
62 2.14264 +/- 0.127487    
63 2.17716 +/- 0.130531    
END dQ2
