
# File: ../s_nthmc_l64_b6.log
beta: 5
nconf:  1024
nbatch:   32
BEGIN dQ2
 0 0 +/- 0              
 1 4.42418 +/- 0.0402301
 2 8.25092 +/- 0.0891854
 3 11.7554 +/- 0.146769 
 4 14.8837 +/- 0.188452 
 5 17.8427 +/- 0.241726 
 6 20.6153 +/- 0.287275 
 7 23.1024 +/- 0.342841 
 8 25.3267 +/- 0.390152 
 9 27.3321 +/- 0.439652 
10 29.1765 +/- 0.493135 
11 30.7554 +/- 0.54837  
12 32.2537 +/- 0.595026 
13 33.6185 +/- 0.642899 
14 34.7981 +/- 0.693658 
15 35.8516 +/- 0.735935 
16 36.7778 +/- 0.778325 
17 37.5933 +/- 0.820443 
18 38.391 +/- 0.859493  
19 39.165 +/- 0.90015   
20 39.7903 +/- 0.94511  
21 40.3227 +/- 0.990359 
22 40.8357 +/- 1.02485  
23 41.2256 +/- 1.04799  
24 41.6641 +/- 1.0595   
25 42.0084 +/- 1.06834  
26 42.3481 +/- 1.05999  
27 42.6844 +/- 1.03704  
28 43.0222 +/- 1.00946  
29 43.2857 +/- 0.992072 
30 43.5386 +/- 0.983865 
31 43.7675 +/- 0.976516 
32 43.861 +/- 0.965034  
33 43.8994 +/- 0.94084  
34 43.908 +/- 0.928024  
35 43.9349 +/- 0.93523  
36 43.8571 +/- 0.953424 
37 43.8532 +/- 0.976715 
38 43.9352 +/- 1.01257  
39 44.0868 +/- 1.04518  
40 44.238 +/- 1.07209   
41 44.3301 +/- 1.10838  
42 44.3763 +/- 1.14043  
43 44.4489 +/- 1.15671  
44 44.48 +/- 1.17541    
45 44.5312 +/- 1.18794  
46 44.5675 +/- 1.19381  
47 44.6038 +/- 1.20168  
48 44.6241 +/- 1.21062  
49 44.5892 +/- 1.22299  
50 44.5952 +/- 1.22387  
51 44.6262 +/- 1.22569  
52 44.6357 +/- 1.22824  
53 44.6751 +/- 1.2466   
54 44.787 +/- 1.25828   
55 44.8552 +/- 1.24964  
56 44.8445 +/- 1.24739  
57 44.7516 +/- 1.24225  
58 44.6646 +/- 1.24955  
59 44.6036 +/- 1.26775  
60 44.5391 +/- 1.27564  
61 44.5496 +/- 1.29038  
62 44.5388 +/- 1.30762  
63 44.6158 +/- 1.33047  
END dQ2
beta: 6
nconf:  0
nbatch: 0
BEGIN dQ2
 0 0 +/- 0
 1 0 +/- 0
 2 0 +/- 0
 3 0 +/- 0
 4 0 +/- 0
 5 0 +/- 0
 6 0 +/- 0
 7 0 +/- 0
 8 0 +/- 0
 9 0 +/- 0
10 0 +/- 0
11 0 +/- 0
12 0 +/- 0
13 0 +/- 0
14 0 +/- 0
15 0 +/- 0
16 0 +/- 0
17 0 +/- 0
18 0 +/- 0
19 0 +/- 0
20 0 +/- 0
21 0 +/- 0
22 0 +/- 0
23 0 +/- 0
24 0 +/- 0
25 0 +/- 0
26 0 +/- 0
27 0 +/- 0
28 0 +/- 0
29 0 +/- 0
30 0 +/- 0
31 0 +/- 0
32 0 +/- 0
33 0 +/- 0
34 0 +/- 0
35 0 +/- 0
36 0 +/- 0
37 0 +/- 0
38 0 +/- 0
39 0 +/- 0
40 0 +/- 0
41 0 +/- 0
42 0 +/- 0
43 0 +/- 0
44 0 +/- 0
45 0 +/- 0
46 0 +/- 0
47 0 +/- 0
48 0 +/- 0
49 0 +/- 0
50 0 +/- 0
51 0 +/- 0
52 0 +/- 0
53 0 +/- 0
54 0 +/- 0
55 0 +/- 0
56 0 +/- 0
57 0 +/- 0
58 0 +/- 0
59 0 +/- 0
60 0 +/- 0
61 0 +/- 0
62 0 +/- 0
63 0 +/- 0
END dQ2
