
# File: ../s_nthmc_l74_fixBV_l64_b5.log
beta: 6.6845703125
nconf:  1024
nbatch:   32
BEGIN dQ2
 0 0 +/- 0                
 1 0.127444 +/- 0.0029713 
 2 0.250306 +/- 0.00636242
 3 0.374265 +/- 0.00962679
 4 0.49761 +/- 0.0129577  
 5 0.620523 +/- 0.0166302 
 6 0.741067 +/- 0.0203956 
 7 0.860497 +/- 0.0242491 
 8 0.978377 +/- 0.0282543 
 9 1.09692 +/- 0.0322053  
10 1.2136 +/- 0.0362447   
11 1.33061 +/- 0.0405835  
12 1.44831 +/- 0.0451975  
13 1.56516 +/- 0.0495591  
14 1.68125 +/- 0.0543482  
15 1.79649 +/- 0.0592698  
16 1.91285 +/- 0.0642593  
17 2.02781 +/- 0.0693408  
18 2.14305 +/- 0.074136   
19 2.25752 +/- 0.0787309  
20 2.37223 +/- 0.0829047  
21 2.48551 +/- 0.0874419  
22 2.59936 +/- 0.0919133  
23 2.71204 +/- 0.0961849  
24 2.82344 +/- 0.100686   
25 2.93431 +/- 0.104985   
26 3.04675 +/- 0.109331   
27 3.15935 +/- 0.113677   
28 3.2725 +/- 0.117813    
29 3.3832 +/- 0.121769    
30 3.49528 +/- 0.12614    
31 3.60628 +/- 0.131111   
32 3.7167 +/- 0.136224    
33 3.8242 +/- 0.141178    
34 3.93226 +/- 0.146299   
35 4.03836 +/- 0.151025   
36 4.14309 +/- 0.155732   
37 4.24737 +/- 0.16019    
38 4.35278 +/- 0.165298   
39 4.45546 +/- 0.170016   
40 4.5577 +/- 0.17473     
41 4.65835 +/- 0.179423   
42 4.75967 +/- 0.184581   
43 4.86067 +/- 0.189638   
44 4.96393 +/- 0.194947   
45 5.06834 +/- 0.200474   
46 5.17146 +/- 0.206111   
47 5.27402 +/- 0.212262   
48 5.37724 +/- 0.218684   
49 5.48115 +/- 0.225599   
50 5.58217 +/- 0.232692   
51 5.6841 +/- 0.240259    
52 5.78418 +/- 0.248341   
53 5.88488 +/- 0.256467   
54 5.98492 +/- 0.264245   
55 6.08549 +/- 0.271633   
56 6.18411 +/- 0.279319   
57 6.27931 +/- 0.287565   
58 6.37704 +/- 0.296076   
59 6.47341 +/- 0.304523   
60 6.5706 +/- 0.31313     
61 6.66806 +/- 0.32219    
62 6.76273 +/- 0.331259   
63 6.85741 +/- 0.340369   
END dQ2
