
# File: ../s_nthmc_l68_fixBV_l64_b5.log
beta: 5.64453125
nconf:  1024
nbatch:   32
BEGIN dQ2
 0 0 +/- 0               
 1 0.831745 +/- 0.0125973
 2 1.638 +/- 0.0275228   
 3 2.42924 +/- 0.0454622 
 4 3.20962 +/- 0.063308  
 5 3.96581 +/- 0.0818499 
 6 4.69296 +/- 0.0975584 
 7 5.41218 +/- 0.117586  
 8 6.13334 +/- 0.136993  
 9 6.85249 +/- 0.156734  
10 7.55449 +/- 0.180262  
11 8.25904 +/- 0.205644  
12 8.96483 +/- 0.231963  
13 9.65668 +/- 0.262696  
14 10.3409 +/- 0.291908  
15 11.0173 +/- 0.322359  
16 11.6739 +/- 0.349632  
17 12.3286 +/- 0.377125  
18 12.965 +/- 0.404967   
19 13.5821 +/- 0.43013   
20 14.197 +/- 0.457717   
21 14.8096 +/- 0.488438  
22 15.4224 +/- 0.517792  
23 16.0312 +/- 0.549602  
24 16.6098 +/- 0.580143  
25 17.195 +/- 0.611268   
26 17.7751 +/- 0.644568  
27 18.3407 +/- 0.680803  
28 18.9056 +/- 0.719156  
29 19.4581 +/- 0.759174  
30 19.9893 +/- 0.798496  
31 20.4943 +/- 0.839927  
32 21.002 +/- 0.882636   
33 21.4864 +/- 0.926555  
34 21.962 +/- 0.968259   
35 22.4173 +/- 1.00879   
36 22.8367 +/- 1.04824   
37 23.2436 +/- 1.08557   
38 23.6406 +/- 1.12263   
39 24.0534 +/- 1.15731   
40 24.4591 +/- 1.19325   
41 24.8599 +/- 1.22988   
42 25.2508 +/- 1.26677   
43 25.6237 +/- 1.30336   
44 25.9894 +/- 1.33734   
45 26.3585 +/- 1.37209   
46 26.7235 +/- 1.40958   
47 27.0852 +/- 1.44681   
48 27.4394 +/- 1.48502   
49 27.7881 +/- 1.52386   
50 28.1447 +/- 1.56085   
51 28.5102 +/- 1.60065   
52 28.8606 +/- 1.6368    
53 29.2032 +/- 1.66912   
54 29.5327 +/- 1.70094   
55 29.8485 +/- 1.73191   
56 30.1686 +/- 1.76324   
57 30.4821 +/- 1.79156   
58 30.7944 +/- 1.81959   
59 31.0831 +/- 1.84595   
60 31.3937 +/- 1.87205   
61 31.6933 +/- 1.89903   
62 32.0037 +/- 1.92628   
63 32.3065 +/- 1.95099   
END dQ2
