
# File: ../s_nthmc_l64_b4_lr1e-3_cni10.log
beta: 4
nconf:  1024
nbatch:   32
BEGIN dQ2
 0 0 +/- 0              
 1 9.05605 +/- 0.0746689
 2 16.4595 +/- 0.196024 
 3 22.7752 +/- 0.313139 
 4 28.1524 +/- 0.39985  
 5 32.8107 +/- 0.51404  
 6 36.9858 +/- 0.610868 
 7 40.584 +/- 0.693254  
 8 43.6411 +/- 0.774453 
 9 46.2366 +/- 0.857368 
10 48.4338 +/- 0.959149 
11 50.167 +/- 1.01518   
12 51.5581 +/- 1.06913  
13 52.5478 +/- 1.11273  
14 53.6271 +/- 1.14862  
15 54.4762 +/- 1.19805  
16 55.2982 +/- 1.20743  
17 56.1533 +/- 1.23872  
18 57.0095 +/- 1.27509  
19 57.8609 +/- 1.32693  
20 58.4033 +/- 1.39774  
21 58.8396 +/- 1.45035  
22 59.2383 +/- 1.50373  
23 59.5902 +/- 1.54882  
24 60.0145 +/- 1.57271  
25 60.3911 +/- 1.58604  
26 60.6044 +/- 1.61841  
27 60.6482 +/- 1.64044  
28 60.6342 +/- 1.64569  
29 60.8241 +/- 1.61617  
30 61.0624 +/- 1.58356  
31 61.2776 +/- 1.56111  
32 61.558 +/- 1.54637   
33 61.6213 +/- 1.54943  
34 61.5812 +/- 1.55207  
35 61.5266 +/- 1.55017  
36 61.5946 +/- 1.51197  
37 61.7946 +/- 1.48535  
38 62.0386 +/- 1.45879  
39 62.1312 +/- 1.46343  
40 62.2016 +/- 1.4793   
41 62.4591 +/- 1.49643  
42 62.6037 +/- 1.50821  
43 62.7915 +/- 1.53352  
44 62.9548 +/- 1.56797  
45 63.1674 +/- 1.60115  
46 63.3269 +/- 1.65218  
47 63.5221 +/- 1.72086  
48 63.4127 +/- 1.75752  
49 63.2809 +/- 1.75518  
50 62.9079 +/- 1.72871  
51 62.6961 +/- 1.69299  
52 62.4363 +/- 1.66123  
53 62.1345 +/- 1.64131  
54 61.749 +/- 1.63035   
55 61.5835 +/- 1.62006  
56 61.6918 +/- 1.6103   
57 61.8086 +/- 1.5762   
58 61.9529 +/- 1.53822  
59 62.0114 +/- 1.50518  
60 62.042 +/- 1.49186   
61 62.0831 +/- 1.50512  
62 62.0424 +/- 1.46766  
63 61.9021 +/- 1.42495  
END dQ2
beta: 5
nconf:  1024
nbatch:   32
BEGIN dQ2
 0 0 +/- 0              
 1 1.38193 +/- 0.0169295
 2 2.68056 +/- 0.0359359
 3 3.92214 +/- 0.0591911
 4 5.12874 +/- 0.0828919
 5 6.32394 +/- 0.109455 
 6 7.49091 +/- 0.136453 
 7 8.62866 +/- 0.166315 
 8 9.7528 +/- 0.197543  
 9 10.8336 +/- 0.228948 
10 11.8675 +/- 0.259698 
11 12.8816 +/- 0.288399 
12 13.8728 +/- 0.319088 
13 14.8382 +/- 0.353595 
14 15.7719 +/- 0.385558 
15 16.6557 +/- 0.419803 
16 17.5257 +/- 0.452064 
17 18.3762 +/- 0.488674 
18 19.1791 +/- 0.528333 
19 19.9669 +/- 0.566129 
20 20.7061 +/- 0.600308 
21 21.4495 +/- 0.634369 
22 22.1349 +/- 0.671598 
23 22.7757 +/- 0.707657 
24 23.4201 +/- 0.747929 
25 24.0353 +/- 0.791337 
26 24.6255 +/- 0.832734 
27 25.2033 +/- 0.87054  
28 25.779 +/- 0.907139  
29 26.3434 +/- 0.939386 
30 26.8858 +/- 0.961472 
31 27.3909 +/- 0.981979 
32 27.8843 +/- 1.004    
33 28.3783 +/- 1.02421  
34 28.8488 +/- 1.04885  
35 29.3006 +/- 1.07102  
36 29.7298 +/- 1.0895   
37 30.1626 +/- 1.11001  
38 30.5847 +/- 1.13145  
39 30.9862 +/- 1.15567  
40 31.4197 +/- 1.17991  
41 31.8319 +/- 1.20337  
42 32.2302 +/- 1.22761  
43 32.616 +/- 1.25573   
44 32.9937 +/- 1.28509  
45 33.3769 +/- 1.3127   
46 33.7438 +/- 1.33714  
47 34.0969 +/- 1.36328  
48 34.4386 +/- 1.38509  
49 34.7598 +/- 1.4112   
50 35.0747 +/- 1.43307  
51 35.3576 +/- 1.45456  
52 35.6447 +/- 1.47283  
53 35.8987 +/- 1.49221  
54 36.1406 +/- 1.51234  
55 36.3786 +/- 1.5326   
56 36.615 +/- 1.55211   
57 36.8236 +/- 1.57331  
58 37.0251 +/- 1.59214  
59 37.2227 +/- 1.61312  
60 37.4298 +/- 1.63383  
61 37.6468 +/- 1.6549   
62 37.8681 +/- 1.67865  
63 38.1004 +/- 1.70396  
END dQ2
beta: 6
nconf:  1024
nbatch:   32
BEGIN dQ2
 0 0 +/- 0                
 1 0.208914 +/- 0.00389902
 2 0.407718 +/- 0.00830256
 3 0.605932 +/- 0.0130176 
 4 0.805147 +/- 0.0179643 
 5 0.99954 +/- 0.0231798  
 6 1.19668 +/- 0.0284837  
 7 1.3892 +/- 0.0338834   
 8 1.58338 +/- 0.040267   
 9 1.77826 +/- 0.0467915  
10 1.97719 +/- 0.0545032  
11 2.17809 +/- 0.0625879  
12 2.37695 +/- 0.0711811  
13 2.5774 +/- 0.0805875   
14 2.77973 +/- 0.0904114  
15 2.97857 +/- 0.100221   
16 3.17746 +/- 0.110208   
17 3.3736 +/- 0.12023     
18 3.57312 +/- 0.130931   
19 3.77575 +/- 0.141867   
20 3.97902 +/- 0.152565   
21 4.17694 +/- 0.163627   
22 4.37653 +/- 0.174607   
23 4.57521 +/- 0.185512   
24 4.77391 +/- 0.196001   
25 4.96825 +/- 0.206578   
26 5.16135 +/- 0.217341   
27 5.35635 +/- 0.228107   
28 5.55337 +/- 0.239187   
29 5.74774 +/- 0.250688   
30 5.94099 +/- 0.262391   
31 6.13293 +/- 0.273552   
32 6.32485 +/- 0.284139   
33 6.51649 +/- 0.295358   
34 6.70515 +/- 0.306345   
35 6.89247 +/- 0.317487   
36 7.08018 +/- 0.328712   
37 7.26545 +/- 0.340252   
38 7.45205 +/- 0.351832   
39 7.63826 +/- 0.363809   
40 7.8272 +/- 0.375549    
41 8.01437 +/- 0.387194   
42 8.20055 +/- 0.398732   
43 8.38516 +/- 0.410626   
44 8.56419 +/- 0.422013   
45 8.74093 +/- 0.433577   
46 8.91868 +/- 0.446168   
47 9.09474 +/- 0.45913    
48 9.27216 +/- 0.471879   
49 9.44202 +/- 0.484878   
50 9.60703 +/- 0.498601   
51 9.77097 +/- 0.512008   
52 9.93756 +/- 0.52599    
53 10.1024 +/- 0.540061   
54 10.2636 +/- 0.553983   
55 10.4227 +/- 0.568153   
56 10.5782 +/- 0.582245   
57 10.7382 +/- 0.59545    
58 10.8952 +/- 0.608962   
59 11.0525 +/- 0.622556   
60 11.2084 +/- 0.636379   
61 11.3688 +/- 0.649964   
62 11.5251 +/- 0.663719   
63 11.6793 +/- 0.677474   
END dQ2
beta: 7
nconf:  1024
nbatch:   32
BEGIN dQ2
 0 0 +/- 0                 
 1 0.028348 +/- 0.00112675 
 2 0.0548557 +/- 0.0023339 
 3 0.0809256 +/- 0.00362643
 4 0.107782 +/- 0.00495249 
 5 0.134844 +/- 0.00633342 
 6 0.162205 +/- 0.00772418 
 7 0.189313 +/- 0.0091312  
 8 0.215459 +/- 0.0105552  
 9 0.242272 +/- 0.0120714  
10 0.269262 +/- 0.0136074  
11 0.295965 +/- 0.0151852  
12 0.322351 +/- 0.0166589  
13 0.34851 +/- 0.0181903   
14 0.374907 +/- 0.0197531  
15 0.401604 +/- 0.0213877  
16 0.428168 +/- 0.0229694  
17 0.455034 +/- 0.0244737  
18 0.482014 +/- 0.0259868  
19 0.508986 +/- 0.0275934  
20 0.536043 +/- 0.0291783  
21 0.563092 +/- 0.0307255  
22 0.590101 +/- 0.0322459  
23 0.616665 +/- 0.0337663  
24 0.643344 +/- 0.0353369  
25 0.670264 +/- 0.0368696  
26 0.696894 +/- 0.0384268  
27 0.723452 +/- 0.0399048  
28 0.749937 +/- 0.0413143  
29 0.776822 +/- 0.0427544  
30 0.803257 +/- 0.0441519  
31 0.830218 +/- 0.0455522  
32 0.856918 +/- 0.0468821  
33 0.883672 +/- 0.0482622  
34 0.910543 +/- 0.0496104  
35 0.937658 +/- 0.0510371  
36 0.963942 +/- 0.0524888  
37 0.990217 +/- 0.0539925  
38 1.01651 +/- 0.055556    
39 1.04273 +/- 0.0570399   
40 1.06926 +/- 0.0585534   
41 1.09559 +/- 0.0601938   
42 1.1223 +/- 0.0619337    
43 1.14905 +/- 0.0636678   
44 1.17545 +/- 0.0654544   
45 1.20241 +/- 0.0671962   
46 1.22942 +/- 0.0690165   
47 1.25669 +/- 0.0708105   
48 1.28311 +/- 0.0725744   
49 1.30923 +/- 0.0744105   
50 1.33576 +/- 0.076252    
51 1.36235 +/- 0.0781371   
52 1.38934 +/- 0.0800827   
53 1.41671 +/- 0.0821262   
54 1.44398 +/- 0.0841193   
55 1.47075 +/- 0.086147    
56 1.49745 +/- 0.0881319   
57 1.52343 +/- 0.0901305   
58 1.54966 +/- 0.0920734   
59 1.57604 +/- 0.0940574   
60 1.60247 +/- 0.0961122   
61 1.62867 +/- 0.0980936   
62 1.65479 +/- 0.100136    
63 1.68152 +/- 0.102231    
END dQ2
