
# File: ../s_nthmc_l64_b4_cn8.log
beta: 4
nconf:  1024
nbatch:   32
BEGIN dQ2
 0 0 +/- 0              
 1 10.4612 +/- 0.0941066
 2 18.8186 +/- 0.19232  
 3 25.585 +/- 0.251266  
 4 31.1144 +/- 0.348959 
 5 35.7787 +/- 0.466736 
 6 39.8474 +/- 0.549061 
 7 43.3265 +/- 0.609132 
 8 46.1488 +/- 0.659025 
 9 48.6974 +/- 0.708686 
10 50.8044 +/- 0.753763 
11 52.4375 +/- 0.792594 
12 53.7864 +/- 0.835861 
13 54.9574 +/- 0.887619 
14 55.9615 +/- 0.922223 
15 56.7913 +/- 0.923394 
16 57.5078 +/- 0.953411 
17 58.1014 +/- 1.00032  
18 58.6332 +/- 1.02833  
19 59.057 +/- 1.01958   
20 59.3879 +/- 1.00155  
21 59.6481 +/- 0.979998 
22 59.7374 +/- 0.980744 
23 59.8975 +/- 0.99276  
24 60.2416 +/- 1.03239  
25 60.5028 +/- 1.10524  
26 60.6299 +/- 1.1533   
27 60.8166 +/- 1.16698  
28 60.9308 +/- 1.17814  
29 60.8863 +/- 1.17391  
30 61.0197 +/- 1.18987  
31 61.2074 +/- 1.19507  
32 61.4044 +/- 1.22694  
33 61.5544 +/- 1.23711  
34 61.6651 +/- 1.22612  
35 61.8527 +/- 1.19422  
36 61.7686 +/- 1.19564  
37 61.8768 +/- 1.19763  
38 61.8969 +/- 1.21726  
39 61.9097 +/- 1.24094  
40 61.8328 +/- 1.25238  
41 61.8214 +/- 1.25479  
42 61.7892 +/- 1.26194  
43 61.9153 +/- 1.22598  
44 62.1471 +/- 1.22733  
45 62.4032 +/- 1.23195  
46 62.5783 +/- 1.24328  
47 62.583 +/- 1.24604   
48 62.5576 +/- 1.22744  
49 62.5045 +/- 1.21062  
50 62.4348 +/- 1.22463  
51 62.2502 +/- 1.19175  
52 62.2203 +/- 1.20787  
53 62.3793 +/- 1.23199  
54 62.5024 +/- 1.25688  
55 62.7356 +/- 1.27162  
56 63.0357 +/- 1.297    
57 63.2291 +/- 1.33329  
58 63.2121 +/- 1.36672  
59 63.1348 +/- 1.36794  
60 63.0528 +/- 1.34963  
61 62.9724 +/- 1.34909  
62 62.8607 +/- 1.35284  
63 62.808 +/- 1.36677   
END dQ2
beta: 5
nconf:  1024
nbatch:   32
BEGIN dQ2
 0 0 +/- 0              
 1 1.64101 +/- 0.0209738
 2 3.15769 +/- 0.0429827
 3 4.61882 +/- 0.062656 
 4 5.9974 +/- 0.0883577 
 5 7.3171 +/- 0.113314  
 6 8.60655 +/- 0.144822 
 7 9.83656 +/- 0.179773 
 8 11.0273 +/- 0.220421 
 9 12.1843 +/- 0.25955  
10 13.2923 +/- 0.304815 
11 14.3722 +/- 0.351471 
12 15.4022 +/- 0.393611 
13 16.3864 +/- 0.436607 
14 17.3315 +/- 0.481194 
15 18.2217 +/- 0.521666 
16 19.0893 +/- 0.556419 
17 19.9218 +/- 0.595143 
18 20.692 +/- 0.638754  
19 21.4322 +/- 0.684197 
20 22.1608 +/- 0.73177  
21 22.8786 +/- 0.780484 
22 23.5559 +/- 0.823258 
23 24.249 +/- 0.862647  
24 24.8935 +/- 0.906091 
25 25.514 +/- 0.943354  
26 26.1314 +/- 0.983328 
27 26.7278 +/- 1.02073  
28 27.2816 +/- 1.05762  
29 27.8018 +/- 1.09611  
30 28.3342 +/- 1.13269  
31 28.8589 +/- 1.16759  
32 29.3787 +/- 1.20151  
33 29.8807 +/- 1.22627  
34 30.3554 +/- 1.2493   
35 30.8317 +/- 1.27381  
36 31.2771 +/- 1.29497  
37 31.7229 +/- 1.31697  
38 32.1216 +/- 1.33435  
39 32.4914 +/- 1.35012  
40 32.8523 +/- 1.36542  
41 33.2145 +/- 1.37821  
42 33.5792 +/- 1.39448  
43 33.9397 +/- 1.41015  
44 34.307 +/- 1.42691   
45 34.6525 +/- 1.44226  
46 35.01 +/- 1.46093    
47 35.3145 +/- 1.48128  
48 35.6137 +/- 1.50115  
49 35.9127 +/- 1.51357  
50 36.1893 +/- 1.53113  
51 36.4426 +/- 1.55001  
52 36.6658 +/- 1.56736  
53 36.8587 +/- 1.57854  
54 37.0499 +/- 1.5874   
55 37.2343 +/- 1.59682  
56 37.4013 +/- 1.60343  
57 37.5443 +/- 1.60425  
58 37.7063 +/- 1.60733  
59 37.903 +/- 1.61444   
60 38.1036 +/- 1.61892  
61 38.319 +/- 1.62495   
62 38.5044 +/- 1.63477  
63 38.6874 +/- 1.64301  
END dQ2
beta: 6
nconf:  1024
nbatch:   32
BEGIN dQ2
 0 0 +/- 0                
 1 0.252902 +/- 0.00487006
 2 0.495933 +/- 0.0102539 
 3 0.739226 +/- 0.0167648 
 4 0.983762 +/- 0.0232156 
 5 1.22491 +/- 0.0300241  
 6 1.46375 +/- 0.0370891  
 7 1.70397 +/- 0.044084   
 8 1.94165 +/- 0.0526115  
 9 2.17946 +/- 0.0607656  
10 2.41423 +/- 0.0688235  
11 2.64314 +/- 0.0764794  
12 2.87185 +/- 0.0849518  
13 3.10095 +/- 0.0937181  
14 3.32138 +/- 0.101994   
15 3.54646 +/- 0.111184   
16 3.77186 +/- 0.120631   
17 3.99535 +/- 0.129483   
18 4.2199 +/- 0.138451    
19 4.44142 +/- 0.146802   
20 4.65914 +/- 0.154071   
21 4.87297 +/- 0.16123    
22 5.09185 +/- 0.167823   
23 5.31262 +/- 0.175492   
24 5.52809 +/- 0.18292    
25 5.74337 +/- 0.190347   
26 5.95704 +/- 0.197721   
27 6.16829 +/- 0.206059   
28 6.37764 +/- 0.214292   
29 6.58778 +/- 0.223509   
30 6.79452 +/- 0.233648   
31 7.0033 +/- 0.243617    
32 7.2121 +/- 0.254263    
33 7.41549 +/- 0.264785   
34 7.62102 +/- 0.275365   
35 7.82094 +/- 0.285913   
36 8.01923 +/- 0.296847   
37 8.22363 +/- 0.307906   
38 8.42533 +/- 0.31882    
39 8.63363 +/- 0.330682   
40 8.83956 +/- 0.343077   
41 9.04813 +/- 0.354455   
42 9.25703 +/- 0.366495   
43 9.46311 +/- 0.379321   
44 9.6677 +/- 0.392749    
45 9.86664 +/- 0.406633   
46 10.0598 +/- 0.420705   
47 10.2541 +/- 0.434615   
48 10.4466 +/- 0.449355   
49 10.635 +/- 0.463746    
50 10.8279 +/- 0.47755    
51 11.016 +/- 0.492076    
52 11.1993 +/- 0.506589   
53 11.3803 +/- 0.521621   
54 11.5632 +/- 0.536935   
55 11.7473 +/- 0.551825   
56 11.932 +/- 0.566661    
57 12.1132 +/- 0.582108   
58 12.2925 +/- 0.59745    
59 12.4736 +/- 0.612259   
60 12.6506 +/- 0.627087   
61 12.8258 +/- 0.641436   
62 13.0025 +/- 0.65545    
63 13.1819 +/- 0.66889    
END dQ2
beta: 7
nconf:  1024
nbatch:   32
BEGIN dQ2
 0 0 +/- 0                 
 1 0.0363209 +/- 0.00151481
 2 0.0718872 +/- 0.00301809
 3 0.107248 +/- 0.00452159 
 4 0.142647 +/- 0.00615191 
 5 0.178085 +/- 0.0077165  
 6 0.213255 +/- 0.00921268 
 7 0.248894 +/- 0.0107095  
 8 0.284572 +/- 0.0122932  
 9 0.319828 +/- 0.0140247  
10 0.355245 +/- 0.0157982  
11 0.390301 +/- 0.0176016  
12 0.425426 +/- 0.019353   
13 0.460157 +/- 0.0210723  
14 0.494926 +/- 0.0227796  
15 0.529578 +/- 0.0244885  
16 0.564081 +/- 0.0261988  
17 0.598343 +/- 0.0280602  
18 0.632611 +/- 0.0299238  
19 0.666698 +/- 0.0317697  
20 0.700355 +/- 0.0336378  
21 0.733767 +/- 0.0354998  
22 0.76734 +/- 0.0374154   
23 0.801292 +/- 0.0393897  
24 0.835562 +/- 0.0414095  
25 0.870089 +/- 0.0435883  
26 0.904904 +/- 0.04569    
27 0.939381 +/- 0.0477771  
28 0.97399 +/- 0.0498568   
29 1.00851 +/- 0.0519657   
30 1.04313 +/- 0.0541368   
31 1.07751 +/- 0.0562579   
32 1.11098 +/- 0.0581711   
33 1.14461 +/- 0.060266    
34 1.17844 +/- 0.0624774   
35 1.21208 +/- 0.0647174   
36 1.24548 +/- 0.0669868   
37 1.27926 +/- 0.069266    
38 1.31298 +/- 0.0715954   
39 1.34638 +/- 0.07393     
40 1.37983 +/- 0.076366    
41 1.41305 +/- 0.0788635   
42 1.4467 +/- 0.0814383    
43 1.48035 +/- 0.0840127   
44 1.51445 +/- 0.0867734   
45 1.5489 +/- 0.0896135    
46 1.58353 +/- 0.0925883   
47 1.61825 +/- 0.0956919   
48 1.65231 +/- 0.0988033   
49 1.68612 +/- 0.10194     
50 1.72045 +/- 0.104952    
51 1.7552 +/- 0.108018     
52 1.79086 +/- 0.111       
53 1.82689 +/- 0.114113    
54 1.86269 +/- 0.117259    
55 1.89816 +/- 0.120438    
56 1.93346 +/- 0.123579    
57 1.96794 +/- 0.126681    
58 2.00197 +/- 0.129594    
59 2.03614 +/- 0.132489    
60 2.07028 +/- 0.135575    
61 2.10449 +/- 0.138574    
62 2.13855 +/- 0.141542    
63 2.17264 +/- 0.144356    
END dQ2
