
# File: ../s_nthmc_l64_b6_startb6.log
beta: 6
nconf:  1024
nbatch:   32
BEGIN dQ2
 0 0 +/- 0                
 1 0.595583 +/- 0.00943676
 2 1.17811 +/- 0.0198551  
 3 1.75465 +/- 0.0313251  
 4 2.33358 +/- 0.0421606  
 5 2.90475 +/- 0.0546342  
 6 3.46114 +/- 0.0674565  
 7 4.0067 +/- 0.0807678   
 8 4.55217 +/- 0.0946389  
 9 5.08744 +/- 0.109015   
10 5.61662 +/- 0.125125   
11 6.13959 +/- 0.143088   
12 6.65863 +/- 0.163508   
13 7.16562 +/- 0.184685   
14 7.6625 +/- 0.20652     
15 8.15662 +/- 0.230751   
16 8.64763 +/- 0.255477   
17 9.12367 +/- 0.279616   
18 9.59173 +/- 0.3031     
19 10.0512 +/- 0.325508   
20 10.4999 +/- 0.348959   
21 10.9329 +/- 0.373239   
22 11.3586 +/- 0.396574   
23 11.7666 +/- 0.419635   
24 12.1747 +/- 0.44336    
25 12.5664 +/- 0.466429   
26 12.9503 +/- 0.490839   
27 13.3291 +/- 0.514761   
28 13.7058 +/- 0.538132   
29 14.0695 +/- 0.562757   
30 14.4405 +/- 0.588001   
31 14.806 +/- 0.613721    
32 15.162 +/- 0.638264    
33 15.51 +/- 0.664106     
34 15.8526 +/- 0.69038    
35 16.1898 +/- 0.716946   
36 16.5239 +/- 0.740467   
37 16.8674 +/- 0.762054   
38 17.1984 +/- 0.781822   
39 17.5256 +/- 0.799201   
40 17.8555 +/- 0.816393   
41 18.1829 +/- 0.834896   
42 18.5133 +/- 0.852338   
43 18.8403 +/- 0.867771   
44 19.1676 +/- 0.886321   
45 19.4789 +/- 0.905476   
46 19.7837 +/- 0.927284   
47 20.0894 +/- 0.94688    
48 20.3917 +/- 0.968031   
49 20.7058 +/- 0.988295   
50 21.0216 +/- 1.0063     
51 21.3456 +/- 1.02879    
52 21.6759 +/- 1.0508     
53 22.0036 +/- 1.07316    
54 22.326 +/- 1.09575     
55 22.6406 +/- 1.12082    
56 22.9577 +/- 1.14495    
57 23.2637 +/- 1.16826    
58 23.5624 +/- 1.19302    
59 23.8546 +/- 1.21698    
60 24.1487 +/- 1.24249    
61 24.4361 +/- 1.26756    
62 24.7192 +/- 1.29227    
63 24.998 +/- 1.3173      
END dQ2
beta: 7
nconf:  0
nbatch: 0
BEGIN dQ2
 0 0 +/- 0
 1 0 +/- 0
 2 0 +/- 0
 3 0 +/- 0
 4 0 +/- 0
 5 0 +/- 0
 6 0 +/- 0
 7 0 +/- 0
 8 0 +/- 0
 9 0 +/- 0
10 0 +/- 0
11 0 +/- 0
12 0 +/- 0
13 0 +/- 0
14 0 +/- 0
15 0 +/- 0
16 0 +/- 0
17 0 +/- 0
18 0 +/- 0
19 0 +/- 0
20 0 +/- 0
21 0 +/- 0
22 0 +/- 0
23 0 +/- 0
24 0 +/- 0
25 0 +/- 0
26 0 +/- 0
27 0 +/- 0
28 0 +/- 0
29 0 +/- 0
30 0 +/- 0
31 0 +/- 0
32 0 +/- 0
33 0 +/- 0
34 0 +/- 0
35 0 +/- 0
36 0 +/- 0
37 0 +/- 0
38 0 +/- 0
39 0 +/- 0
40 0 +/- 0
41 0 +/- 0
42 0 +/- 0
43 0 +/- 0
44 0 +/- 0
45 0 +/- 0
46 0 +/- 0
47 0 +/- 0
48 0 +/- 0
49 0 +/- 0
50 0 +/- 0
51 0 +/- 0
52 0 +/- 0
53 0 +/- 0
54 0 +/- 0
55 0 +/- 0
56 0 +/- 0
57 0 +/- 0
58 0 +/- 0
59 0 +/- 0
60 0 +/- 0
61 0 +/- 0
62 0 +/- 0
63 0 +/- 0
END dQ2
