
# File: ../s_nthmc_l64_b4_t2_lr5e-4.log
beta: 4
nconf:  1024
nbatch:   32
BEGIN dQ2
 0 0 +/- 0             
 1 10.1603 +/- 0.089736
 2 18.2534 +/- 0.165352
 3 24.9429 +/- 0.256988
 4 30.7357 +/- 0.349073
 5 35.648 +/- 0.435267 
 6 39.6417 +/- 0.516445
 7 43.2923 +/- 0.627045
 8 46.3956 +/- 0.731493
 9 48.9757 +/- 0.812162
10 51.1097 +/- 0.886106
11 52.8573 +/- 0.956078
12 54.0009 +/- 1.03803 
13 55.0403 +/- 1.08824 
14 55.9849 +/- 1.12404 
15 56.6464 +/- 1.16374 
16 57.3337 +/- 1.20871 
17 57.9175 +/- 1.25283 
18 58.5627 +/- 1.27579 
19 58.9986 +/- 1.28567 
20 59.3747 +/- 1.32044 
21 59.6871 +/- 1.31988 
22 60.0273 +/- 1.32038 
23 60.2288 +/- 1.31404 
24 60.3373 +/- 1.29417 
25 60.6788 +/- 1.2676  
26 60.888 +/- 1.2512   
27 61.0837 +/- 1.26582 
28 61.1885 +/- 1.30735 
29 61.2969 +/- 1.32185 
30 61.5037 +/- 1.33411 
31 61.6062 +/- 1.34572 
32 61.631 +/- 1.35484  
33 61.6362 +/- 1.34524 
34 61.758 +/- 1.34558  
35 61.836 +/- 1.34625  
36 61.9487 +/- 1.36786 
37 62.029 +/- 1.37079  
38 62.0356 +/- 1.36646 
39 61.7858 +/- 1.33931 
40 61.7829 +/- 1.32008 
41 61.7032 +/- 1.32131 
42 61.769 +/- 1.33226  
43 61.8702 +/- 1.33948 
44 61.7902 +/- 1.34653 
45 61.6695 +/- 1.31589 
46 61.5017 +/- 1.25441 
47 61.5326 +/- 1.23582 
48 61.525 +/- 1.22595  
49 61.5793 +/- 1.25133 
50 61.6751 +/- 1.24282 
51 61.6469 +/- 1.23327 
52 61.6513 +/- 1.22    
53 61.3677 +/- 1.20324 
54 61.1357 +/- 1.16852 
55 60.9886 +/- 1.14698 
56 60.8561 +/- 1.12917 
57 60.8575 +/- 1.1415  
58 60.7818 +/- 1.13987 
59 60.643 +/- 1.14861  
60 60.8324 +/- 1.13971 
61 60.9933 +/- 1.13397 
62 61.2294 +/- 1.1285  
63 61.5278 +/- 1.14931 
END dQ2
beta: 5
nconf:  1024
nbatch:   32
BEGIN dQ2
 0 0 +/- 0              
 1 1.62057 +/- 0.0143671
 2 3.11152 +/- 0.0284845
 3 4.51928 +/- 0.0495036
 4 5.91192 +/- 0.0773142
 5 7.25561 +/- 0.111035 
 6 8.52916 +/- 0.143914 
 7 9.74908 +/- 0.181052 
 8 10.9321 +/- 0.218012 
 9 12.0802 +/- 0.255525 
10 13.1891 +/- 0.297577 
11 14.225 +/- 0.335577  
12 15.2313 +/- 0.374138 
13 16.1854 +/- 0.412671 
14 17.1134 +/- 0.449657 
15 18.0384 +/- 0.487602 
16 18.9389 +/- 0.527782 
17 19.7871 +/- 0.565415 
18 20.6041 +/- 0.605442 
19 21.3922 +/- 0.643803 
20 22.1252 +/- 0.681704 
21 22.8501 +/- 0.719291 
22 23.5568 +/- 0.754951 
23 24.2231 +/- 0.781449 
24 24.8816 +/- 0.809294 
25 25.4971 +/- 0.839492 
26 26.0962 +/- 0.870559 
27 26.6603 +/- 0.905651 
28 27.2119 +/- 0.93954  
29 27.7511 +/- 0.973531 
30 28.2739 +/- 1.00889  
31 28.8124 +/- 1.04484  
32 29.3409 +/- 1.08089  
33 29.8214 +/- 1.1161   
34 30.3109 +/- 1.15246  
35 30.8042 +/- 1.19316  
36 31.272 +/- 1.23173   
37 31.7233 +/- 1.26937  
38 32.172 +/- 1.30691   
39 32.5867 +/- 1.34244  
40 32.9972 +/- 1.37663  
41 33.4114 +/- 1.4112   
42 33.8131 +/- 1.44894  
43 34.1828 +/- 1.48929  
44 34.5259 +/- 1.52398  
45 34.8479 +/- 1.5625   
46 35.1462 +/- 1.59701  
47 35.4522 +/- 1.63302  
48 35.7597 +/- 1.66732  
49 36.0141 +/- 1.69859  
50 36.2798 +/- 1.72863  
51 36.5197 +/- 1.75538  
52 36.774 +/- 1.77856   
53 37.0204 +/- 1.80414  
54 37.2863 +/- 1.83038  
55 37.5838 +/- 1.85793  
56 37.8741 +/- 1.88411  
57 38.1616 +/- 1.90989  
58 38.4566 +/- 1.93509  
59 38.737 +/- 1.96712   
60 39.0594 +/- 1.98834  
61 39.3575 +/- 2.00869  
62 39.6493 +/- 2.03573  
63 39.9593 +/- 2.06258  
END dQ2
beta: 6
nconf:  1024
nbatch:   32
BEGIN dQ2
 0 0 +/- 0                
 1 0.236773 +/- 0.00346265
 2 0.466885 +/- 0.00739085
 3 0.690714 +/- 0.0122707 
 4 0.912531 +/- 0.0174452 
 5 1.13892 +/- 0.023095   
 6 1.36794 +/- 0.0289061  
 7 1.58951 +/- 0.0352488  
 8 1.80626 +/- 0.0418328  
 9 2.02392 +/- 0.0485027  
10 2.24152 +/- 0.0565543  
11 2.4557 +/- 0.0647499   
12 2.66335 +/- 0.0730185  
13 2.87163 +/- 0.0810655  
14 3.08351 +/- 0.0891866  
15 3.29636 +/- 0.0977211  
16 3.50911 +/- 0.106495   
17 3.72061 +/- 0.11554    
18 3.93011 +/- 0.124108   
19 4.1361 +/- 0.133414    
20 4.33774 +/- 0.143125   
21 4.53676 +/- 0.152266   
22 4.73503 +/- 0.160794   
23 4.92823 +/- 0.170136   
24 5.12425 +/- 0.179378   
25 5.31851 +/- 0.189656   
26 5.51234 +/- 0.199715   
27 5.708 +/- 0.210731     
28 5.89897 +/- 0.221737   
29 6.08847 +/- 0.233347   
30 6.27295 +/- 0.244726   
31 6.45207 +/- 0.256312   
32 6.63124 +/- 0.268489   
33 6.80884 +/- 0.281145   
34 6.99186 +/- 0.294444   
35 7.1747 +/- 0.308159    
36 7.35874 +/- 0.32167    
37 7.54005 +/- 0.334255   
38 7.71929 +/- 0.346195   
39 7.89797 +/- 0.357832   
40 8.07895 +/- 0.369714   
41 8.26332 +/- 0.381414   
42 8.44587 +/- 0.392601   
43 8.62952 +/- 0.40379    
44 8.81266 +/- 0.414672   
45 8.99457 +/- 0.425445   
46 9.17497 +/- 0.436546   
47 9.35642 +/- 0.448298   
48 9.53432 +/- 0.460741   
49 9.71106 +/- 0.472274   
50 9.88985 +/- 0.483799   
51 10.0711 +/- 0.494793   
52 10.2533 +/- 0.505566   
53 10.429 +/- 0.516365    
54 10.5988 +/- 0.527907   
55 10.7633 +/- 0.539159   
56 10.9278 +/- 0.551266   
57 11.0881 +/- 0.563128   
58 11.2418 +/- 0.574763   
59 11.3923 +/- 0.58656    
60 11.5413 +/- 0.598183   
61 11.6883 +/- 0.60926    
62 11.8334 +/- 0.619894   
63 11.9791 +/- 0.630445   
END dQ2
beta: 7
nconf:  1024
nbatch:   32
BEGIN dQ2
 0 0 +/- 0                 
 1 0.035771 +/- 0.00169018 
 2 0.0706641 +/- 0.00339173
 3 0.105503 +/- 0.00525957 
 4 0.139828 +/- 0.00709758 
 5 0.17416 +/- 0.00907838  
 6 0.207975 +/- 0.0111004  
 7 0.241673 +/- 0.0131496  
 8 0.275775 +/- 0.0153126  
 9 0.310129 +/- 0.0174238  
10 0.344675 +/- 0.0194694  
11 0.380152 +/- 0.0215447  
12 0.416317 +/- 0.0236771  
13 0.453171 +/- 0.0258142  
14 0.490223 +/- 0.028086   
15 0.526728 +/- 0.030302   
16 0.56343 +/- 0.0326673   
17 0.59946 +/- 0.0348558   
18 0.634505 +/- 0.0371228  
19 0.670056 +/- 0.0396062  
20 0.705148 +/- 0.0421733  
21 0.739936 +/- 0.0447014  
22 0.774638 +/- 0.047253   
23 0.809347 +/- 0.0497948  
24 0.84375 +/- 0.0523472   
25 0.878034 +/- 0.0549736  
26 0.912043 +/- 0.0574583  
27 0.94612 +/- 0.0598861   
28 0.979386 +/- 0.0623451  
29 1.01222 +/- 0.0648904   
30 1.04559 +/- 0.0674752   
31 1.07959 +/- 0.069963    
32 1.11344 +/- 0.0725121   
33 1.14729 +/- 0.0751031   
34 1.18138 +/- 0.0777184   
35 1.21537 +/- 0.0803276   
36 1.24934 +/- 0.0828925   
37 1.28369 +/- 0.0853945   
38 1.31763 +/- 0.0879249   
39 1.3519 +/- 0.0904355    
40 1.38564 +/- 0.0929666   
41 1.41992 +/- 0.0955544   
42 1.45446 +/- 0.0981558   
43 1.48949 +/- 0.100752    
44 1.52449 +/- 0.103423    
45 1.55902 +/- 0.106136    
46 1.59289 +/- 0.108771    
47 1.62714 +/- 0.111259    
48 1.66134 +/- 0.113885    
49 1.69625 +/- 0.116573    
50 1.73101 +/- 0.119302    
51 1.76628 +/- 0.122073    
52 1.8007 +/- 0.124663     
53 1.83519 +/- 0.12726     
54 1.86949 +/- 0.129983    
55 1.90348 +/- 0.132769    
56 1.93714 +/- 0.135473    
57 1.97121 +/- 0.138188    
58 2.00537 +/- 0.140923    
59 2.04028 +/- 0.143854    
60 2.07492 +/- 0.146623    
61 2.11088 +/- 0.149519    
62 2.14654 +/- 0.152502    
63 2.18213 +/- 0.155547    
END dQ2
