
# File: ../s_nthmc_l64_b6_startb7.log
beta: 7
nconf:  1024
nbatch:   32
BEGIN dQ2
 0 0 +/- 0                 
 1 0.0586205 +/- 0.00174217
 2 0.116133 +/- 0.00361293 
 3 0.172196 +/- 0.0053341  
 4 0.228431 +/- 0.00705709 
 5 0.285359 +/- 0.00917028 
 6 0.342215 +/- 0.0113615  
 7 0.400104 +/- 0.0136782  
 8 0.457062 +/- 0.0158923  
 9 0.514686 +/- 0.0181373  
10 0.572362 +/- 0.0204344  
11 0.629967 +/- 0.0228498  
12 0.687778 +/- 0.0253617  
13 0.746167 +/- 0.0279769  
14 0.804208 +/- 0.0305271  
15 0.861682 +/- 0.0332041  
16 0.919922 +/- 0.0357334  
17 0.978805 +/- 0.0382155  
18 1.0374 +/- 0.0405804    
19 1.09605 +/- 0.0429415   
20 1.15535 +/- 0.0453917   
21 1.21348 +/- 0.0479994   
22 1.27127 +/- 0.0504546   
23 1.32861 +/- 0.0529439   
24 1.38578 +/- 0.055516    
25 1.4426 +/- 0.0579899    
26 1.49884 +/- 0.0604929   
27 1.55448 +/- 0.0631269   
28 1.60916 +/- 0.0656861   
29 1.66454 +/- 0.068464    
30 1.71916 +/- 0.0711886   
31 1.77398 +/- 0.0740629   
32 1.82986 +/- 0.0772549   
33 1.88591 +/- 0.0802011   
34 1.94287 +/- 0.0834372   
35 1.99972 +/- 0.0868369   
36 2.05668 +/- 0.0901435   
37 2.11357 +/- 0.0934908   
38 2.17023 +/- 0.0968721   
39 2.2269 +/- 0.100112     
40 2.28335 +/- 0.103405    
41 2.34009 +/- 0.106811    
42 2.39693 +/- 0.110013    
43 2.45435 +/- 0.113325    
44 2.51301 +/- 0.116683    
45 2.57166 +/- 0.119968    
46 2.63069 +/- 0.123018    
47 2.68939 +/- 0.125964    
48 2.74782 +/- 0.128926    
49 2.80404 +/- 0.131804    
50 2.86027 +/- 0.134706    
51 2.91646 +/- 0.137642    
52 2.97303 +/- 0.140395    
53 3.029 +/- 0.143083      
54 3.08541 +/- 0.14591     
55 3.14032 +/- 0.148488    
56 3.19499 +/- 0.151253    
57 3.24884 +/- 0.153786    
58 3.30263 +/- 0.156437    
59 3.35615 +/- 0.159111    
60 3.40845 +/- 0.161654    
61 3.46083 +/- 0.164334    
62 3.5142 +/- 0.166962     
63 3.56692 +/- 0.169613    
END dQ2
