
# File: ../s_nthmc_l64_b3.log
beta: 3
nconf:  1024
nbatch:   32
BEGIN dQ2
 0 0 +/- 0             
 1 39.6396 +/- 0.393127
 2 60.775 +/- 0.694943 
 3 73.6136 +/- 0.890775
 4 81.2865 +/- 1.08702 
 5 85.9169 +/- 1.20867 
 6 88.3442 +/- 1.23898 
 7 89.8946 +/- 1.22102 
 8 90.3832 +/- 1.09884 
 9 90.7802 +/- 1.12186 
10 91.036 +/- 1.0637   
11 91.3487 +/- 0.952968
12 91.6231 +/- 0.970991
13 91.2684 +/- 1.02133 
14 91.8041 +/- 1.16656 
15 92.3638 +/- 1.23691 
16 92.6954 +/- 1.32994 
17 92.4199 +/- 1.4402  
18 92.9211 +/- 1.52973 
19 92.6005 +/- 1.46242 
20 93.0491 +/- 1.40684 
21 92.906 +/- 1.37594  
22 93.1761 +/- 1.20206 
23 92.9018 +/- 1.13808 
24 93.1652 +/- 1.17837 
25 92.9434 +/- 1.22231 
26 92.988 +/- 1.34886  
27 92.9677 +/- 1.38453 
28 93.0262 +/- 1.40312 
29 92.4216 +/- 1.38108 
30 91.8018 +/- 1.32282 
31 91.4379 +/- 1.28987 
32 91.0229 +/- 1.29108 
33 91.1663 +/- 1.1959  
34 91.3961 +/- 1.17481 
35 91.3963 +/- 1.10156 
36 91.513 +/- 1.06586  
37 91.2494 +/- 1.05429 
38 90.909 +/- 1.17945  
39 90.6476 +/- 1.1978  
40 91.1011 +/- 1.2348  
41 91.5992 +/- 1.24144 
42 92.2478 +/- 1.32514 
43 92.7345 +/- 1.42154 
44 92.6651 +/- 1.32662 
45 92.9191 +/- 1.19993 
46 93.1154 +/- 1.19891 
47 92.9461 +/- 1.28413 
48 93.1811 +/- 1.34438 
49 92.7818 +/- 1.36275 
50 92.3574 +/- 1.31191 
51 92.2168 +/- 1.205   
52 91.6259 +/- 1.10763 
53 91.4625 +/- 1.16969 
54 92.0008 +/- 1.17237 
55 92.0369 +/- 1.25331 
56 92.3839 +/- 1.36202 
57 93.0703 +/- 1.38974 
58 93.2295 +/- 1.34285 
59 93.3436 +/- 1.43606 
60 93.7855 +/- 1.46338 
61 93.553 +/- 1.53116  
62 93.5126 +/- 1.52797 
63 93.1564 +/- 1.50536 
END dQ2
beta: 4
nconf:  1024
nbatch:   32
BEGIN dQ2
 0 0 +/- 0              
 1 7.10719 +/- 0.0646143
 2 13.0426 +/- 0.133517 
 3 18.2396 +/- 0.22515  
 4 22.9552 +/- 0.326445 
 5 27.0596 +/- 0.406155 
 6 30.7185 +/- 0.488718 
 7 33.9042 +/- 0.563425 
 8 36.6757 +/- 0.628473 
 9 39.0362 +/- 0.70727  
10 41.251 +/- 0.798942  
11 43.2371 +/- 0.89635  
12 44.9217 +/- 0.98312  
13 46.4437 +/- 1.06498  
14 47.8598 +/- 1.13827  
15 49.0716 +/- 1.18875  
16 50.074 +/- 1.23723   
17 51.0311 +/- 1.27998  
18 51.8107 +/- 1.32948  
19 52.6277 +/- 1.35885  
20 53.3503 +/- 1.40686  
21 54.1021 +/- 1.45128  
22 54.8154 +/- 1.4807   
23 55.4558 +/- 1.53663  
24 56.0319 +/- 1.58077  
25 56.5136 +/- 1.62499  
26 57.0479 +/- 1.66517  
27 57.4095 +/- 1.70866  
28 57.6867 +/- 1.75236  
29 57.867 +/- 1.77066   
30 58.075 +/- 1.76968   
31 58.3706 +/- 1.77819  
32 58.6115 +/- 1.7637   
33 58.8864 +/- 1.74213  
34 59.135 +/- 1.71358   
35 59.3687 +/- 1.70955  
36 59.5434 +/- 1.70807  
37 59.626 +/- 1.70003   
38 59.8318 +/- 1.67909  
39 59.8976 +/- 1.65912  
40 60.037 +/- 1.64892   
41 60.1392 +/- 1.65813  
42 60.281 +/- 1.6564    
43 60.3983 +/- 1.66145  
44 60.3744 +/- 1.68134  
45 60.4714 +/- 1.70395  
46 60.4664 +/- 1.7237   
47 60.5468 +/- 1.7351   
48 60.6098 +/- 1.73405  
49 60.6155 +/- 1.7315   
50 60.5845 +/- 1.73588  
51 60.5838 +/- 1.71946  
52 60.5692 +/- 1.68994  
53 60.6752 +/- 1.64247  
54 60.638 +/- 1.61469   
55 60.5686 +/- 1.61851  
56 60.5063 +/- 1.62081  
57 60.5926 +/- 1.60293  
58 60.6226 +/- 1.59266  
59 60.6533 +/- 1.59425  
60 60.5002 +/- 1.58568  
61 60.4669 +/- 1.59587  
62 60.4348 +/- 1.59572  
63 60.3788 +/- 1.60975  
END dQ2
beta: 5
nconf:  1024
nbatch:   32
BEGIN dQ2
 0 0 +/- 0              
 1 1.11125 +/- 0.0125885
 2 2.1587 +/- 0.0269621 
 3 3.16519 +/- 0.0461535
 4 4.13502 +/- 0.0718228
 5 5.06238 +/- 0.102694 
 6 5.98002 +/- 0.135963 
 7 6.88201 +/- 0.168818 
 8 7.76529 +/- 0.203434 
 9 8.64421 +/- 0.236717 
10 9.50194 +/- 0.268998 
11 10.3445 +/- 0.301359 
12 11.1604 +/- 0.329177 
13 11.9589 +/- 0.356439 
14 12.7404 +/- 0.382433 
15 13.4897 +/- 0.412026 
16 14.2245 +/- 0.44304  
17 14.9364 +/- 0.475482 
18 15.6341 +/- 0.505824 
19 16.3192 +/- 0.53732  
20 17.0037 +/- 0.566442 
21 17.6671 +/- 0.598308 
22 18.3375 +/- 0.626187 
23 18.984 +/- 0.653318  
24 19.612 +/- 0.681354  
25 20.2143 +/- 0.711133 
26 20.8135 +/- 0.741158 
27 21.4027 +/- 0.77445  
28 21.9682 +/- 0.805781 
29 22.5072 +/- 0.840279 
30 23.0266 +/- 0.874746 
31 23.5544 +/- 0.909608 
32 24.0764 +/- 0.942551 
33 24.5815 +/- 0.971641 
34 25.0753 +/- 1.00632  
35 25.5612 +/- 1.0409   
36 26.0252 +/- 1.06984  
37 26.4825 +/- 1.09755  
38 26.9349 +/- 1.12084  
39 27.3789 +/- 1.14366  
40 27.8021 +/- 1.16731  
41 28.2327 +/- 1.19384  
42 28.6598 +/- 1.22038  
43 29.0784 +/- 1.24441  
44 29.4801 +/- 1.26923  
45 29.8775 +/- 1.29196  
46 30.2676 +/- 1.31343  
47 30.6569 +/- 1.33555  
48 31.0216 +/- 1.35671  
49 31.3906 +/- 1.37539  
50 31.7325 +/- 1.39733  
51 32.0486 +/- 1.41936  
52 32.3432 +/- 1.4423   
53 32.6347 +/- 1.46225  
54 32.9247 +/- 1.48046  
55 33.2027 +/- 1.49962  
56 33.4757 +/- 1.51762  
57 33.7431 +/- 1.53309  
58 34.0135 +/- 1.54657  
59 34.2928 +/- 1.55776  
60 34.5514 +/- 1.57095  
61 34.7969 +/- 1.59025  
62 35.0554 +/- 1.61026  
63 35.2929 +/- 1.62773  
END dQ2
beta: 6
nconf:  1024
nbatch:   32
BEGIN dQ2
 0 0 +/- 0                
 1 0.16181 +/- 0.00290117 
 2 0.314824 +/- 0.00599738
 3 0.46722 +/- 0.00982857 
 4 0.620925 +/- 0.0142007 
 5 0.777785 +/- 0.0188572 
 6 0.934461 +/- 0.0239983 
 7 1.09221 +/- 0.0298897  
 8 1.2472 +/- 0.0360151   
 9 1.40003 +/- 0.0423705  
10 1.55347 +/- 0.0491116  
11 1.70428 +/- 0.0560221  
12 1.85947 +/- 0.0629968  
13 2.01626 +/- 0.0701378  
14 2.16838 +/- 0.0766363  
15 2.31817 +/- 0.0832595  
16 2.46537 +/- 0.0896235  
17 2.61436 +/- 0.0962725  
18 2.76413 +/- 0.103233   
19 2.913 +/- 0.110082     
20 3.0611 +/- 0.117041    
21 3.20816 +/- 0.124052   
22 3.35953 +/- 0.13096    
23 3.51043 +/- 0.137794   
24 3.66141 +/- 0.144969   
25 3.80875 +/- 0.151968   
26 3.95438 +/- 0.158362   
27 4.09927 +/- 0.164987   
28 4.2441 +/- 0.171976    
29 4.38753 +/- 0.178334   
30 4.52707 +/- 0.184912   
31 4.66761 +/- 0.191664   
32 4.81121 +/- 0.198779   
33 4.95295 +/- 0.206034   
34 5.09223 +/- 0.212734   
35 5.2288 +/- 0.219645    
36 5.36709 +/- 0.226254   
37 5.50747 +/- 0.232941   
38 5.64589 +/- 0.240162   
39 5.78125 +/- 0.246913   
40 5.91441 +/- 0.253605   
41 6.0454 +/- 0.260481    
42 6.17547 +/- 0.26709    
43 6.30696 +/- 0.273636   
44 6.43425 +/- 0.280643   
45 6.55809 +/- 0.287464   
46 6.68047 +/- 0.294346   
47 6.80268 +/- 0.301627   
48 6.92428 +/- 0.308766   
49 7.04388 +/- 0.315551   
50 7.15978 +/- 0.322143   
51 7.27451 +/- 0.328618   
52 7.38542 +/- 0.335296   
53 7.49228 +/- 0.341676   
54 7.59948 +/- 0.34779    
55 7.70753 +/- 0.353781   
56 7.81114 +/- 0.359141   
57 7.91368 +/- 0.36448    
58 8.01931 +/- 0.3705     
59 8.12506 +/- 0.376637   
60 8.23133 +/- 0.383108   
61 8.33791 +/- 0.389386   
62 8.44533 +/- 0.395835   
63 8.55079 +/- 0.401966   
END dQ2
beta: 7
nconf:  1024
nbatch:   32
BEGIN dQ2
 0 0 +/- 0                  
 1 0.0221163 +/- 0.000904587
 2 0.0437561 +/- 0.0017343  
 3 0.0654077 +/- 0.00271587 
 4 0.0868873 +/- 0.00376649 
 5 0.108072 +/- 0.00477089  
 6 0.129666 +/- 0.00578413  
 7 0.151487 +/- 0.0068519   
 8 0.173751 +/- 0.0080522   
 9 0.195567 +/- 0.00922132  
10 0.217394 +/- 0.0104505   
11 0.239357 +/- 0.0116913   
12 0.261364 +/- 0.0128643   
13 0.28329 +/- 0.0140622    
14 0.305476 +/- 0.0153027   
15 0.327273 +/- 0.0165151   
16 0.349175 +/- 0.0177498   
17 0.371307 +/- 0.0190211   
18 0.394042 +/- 0.0203405   
19 0.417195 +/- 0.0216065   
20 0.439959 +/- 0.0228883   
21 0.462924 +/- 0.0241943   
22 0.485654 +/- 0.0255559   
23 0.508211 +/- 0.0269934   
24 0.530687 +/- 0.0284442   
25 0.553428 +/- 0.0298366   
26 0.57609 +/- 0.0311965    
27 0.598702 +/- 0.0325316   
28 0.621517 +/- 0.0338321   
29 0.644567 +/- 0.03517     
30 0.667788 +/- 0.036557    
31 0.691119 +/- 0.0379889   
32 0.714371 +/- 0.0394012   
33 0.737229 +/- 0.0408074   
34 0.759943 +/- 0.0422696   
35 0.782514 +/- 0.0437403   
36 0.805099 +/- 0.0453272   
37 0.827634 +/- 0.0469068   
38 0.850406 +/- 0.0485427   
39 0.872874 +/- 0.0502301   
40 0.895516 +/- 0.0519395   
41 0.917949 +/- 0.053647    
42 0.939982 +/- 0.0553955   
43 0.961774 +/- 0.0571673   
44 0.983323 +/- 0.0588703   
45 1.00482 +/- 0.0605217    
46 1.02617 +/- 0.0622025    
47 1.04785 +/- 0.0639217    
48 1.06903 +/- 0.0656941    
49 1.09064 +/- 0.0675431    
50 1.11233 +/- 0.0694035    
51 1.13393 +/- 0.0713233    
52 1.15599 +/- 0.0733068    
53 1.17797 +/- 0.0753313    
54 1.19984 +/- 0.0773213    
55 1.2222 +/- 0.0794562     
56 1.24471 +/- 0.0816267    
57 1.26761 +/- 0.0838028    
58 1.29002 +/- 0.0859843    
59 1.31282 +/- 0.0882039    
60 1.33571 +/- 0.0905021    
61 1.35864 +/- 0.0927556    
62 1.3814 +/- 0.09499       
63 1.40401 +/- 0.0972644    
END dQ2
