
# File: ../s_nthmc_l64_b4_lr5e-4_cni10.log
beta: 4
nconf:  1024
nbatch:   32
BEGIN dQ2
 0 0 +/- 0              
 1 8.35759 +/- 0.0854364
 2 15.2536 +/- 0.167167 
 3 21.1673 +/- 0.241086 
 4 26.2158 +/- 0.320051 
 5 30.6548 +/- 0.385058 
 6 34.4589 +/- 0.447645 
 7 37.8831 +/- 0.516216 
 8 40.886 +/- 0.572351  
 9 43.4139 +/- 0.633135 
10 45.5795 +/- 0.719682 
11 47.5301 +/- 0.790876 
12 49.2011 +/- 0.875696 
13 50.5969 +/- 0.963208 
14 51.8175 +/- 1.05984  
15 52.998 +/- 1.15085   
16 54.0134 +/- 1.20328  
17 54.9037 +/- 1.21359  
18 55.5971 +/- 1.22683  
19 56.1572 +/- 1.22006  
20 56.723 +/- 1.19862   
21 57.2574 +/- 1.19129  
22 57.6709 +/- 1.19181  
23 57.9068 +/- 1.17669  
24 58.142 +/- 1.1722    
25 58.4006 +/- 1.17953  
26 58.7203 +/- 1.19823  
27 58.86 +/- 1.20528    
28 59.0307 +/- 1.24492  
29 59.096 +/- 1.29263   
30 59.1675 +/- 1.3424   
31 59.1942 +/- 1.37436  
32 59.1072 +/- 1.37508  
33 59.0226 +/- 1.3719   
34 59.1397 +/- 1.36212  
35 59.3478 +/- 1.34168  
36 59.5728 +/- 1.33503  
37 59.7735 +/- 1.34565  
38 59.9973 +/- 1.30983  
39 60.1852 +/- 1.30177  
40 60.3982 +/- 1.29642  
41 60.6262 +/- 1.28449  
42 60.775 +/- 1.28256   
43 60.8447 +/- 1.28345  
44 60.7092 +/- 1.28866  
45 60.689 +/- 1.28086   
46 60.5963 +/- 1.26093  
47 60.4731 +/- 1.23528  
48 60.4029 +/- 1.23686  
49 60.3238 +/- 1.217    
50 60.3852 +/- 1.23073  
51 60.3591 +/- 1.2355   
52 60.1977 +/- 1.25188  
53 59.9694 +/- 1.27983  
54 59.9687 +/- 1.34571  
55 59.8965 +/- 1.39366  
56 59.8492 +/- 1.46591  
57 59.8993 +/- 1.52366  
58 59.9581 +/- 1.56412  
59 60.0881 +/- 1.60702  
60 60.1933 +/- 1.6586   
61 60.2952 +/- 1.70223  
62 60.3139 +/- 1.71223  
63 60.3236 +/- 1.70499  
END dQ2
beta: 5
nconf:  1024
nbatch:   32
BEGIN dQ2
 0 0 +/- 0              
 1 1.4105 +/- 0.0133841 
 2 2.70869 +/- 0.0294105
 3 3.95871 +/- 0.0589819
 4 5.14577 +/- 0.0898515
 5 6.31909 +/- 0.122638 
 6 7.48434 +/- 0.159912 
 7 8.6065 +/- 0.200624  
 8 9.68089 +/- 0.239918 
 9 10.7237 +/- 0.283163 
10 11.7559 +/- 0.317477 
11 12.7621 +/- 0.349213 
12 13.7323 +/- 0.38281  
13 14.6847 +/- 0.413694 
14 15.599 +/- 0.447301  
15 16.5128 +/- 0.480085 
16 17.4119 +/- 0.510752 
17 18.2789 +/- 0.541627 
18 19.1224 +/- 0.568052 
19 19.9821 +/- 0.591967 
20 20.7826 +/- 0.618478 
21 21.5771 +/- 0.645716 
22 22.3403 +/- 0.67253  
23 23.0928 +/- 0.697249 
24 23.8337 +/- 0.729365 
25 24.5582 +/- 0.755564 
26 25.2943 +/- 0.79026  
27 26.021 +/- 0.827635  
28 26.7423 +/- 0.859761 
29 27.4189 +/- 0.893306 
30 28.0733 +/- 0.924224 
31 28.7251 +/- 0.954606 
32 29.3459 +/- 0.981944 
33 29.9388 +/- 1.01166  
34 30.5007 +/- 1.0356   
35 31.0911 +/- 1.06367  
36 31.6745 +/- 1.09056  
37 32.2562 +/- 1.1201   
38 32.8193 +/- 1.14422  
39 33.3507 +/- 1.16978  
40 33.8505 +/- 1.19381  
41 34.3318 +/- 1.21973  
42 34.8065 +/- 1.24974  
43 35.2678 +/- 1.27911  
44 35.6996 +/- 1.30736  
45 36.1366 +/- 1.33609  
46 36.5696 +/- 1.3627   
47 36.9812 +/- 1.3848   
48 37.3758 +/- 1.40897  
49 37.7502 +/- 1.42808  
50 38.0998 +/- 1.44696  
51 38.4227 +/- 1.46031  
52 38.7394 +/- 1.47488  
53 39.0181 +/- 1.49052  
54 39.286 +/- 1.50747   
55 39.5468 +/- 1.52647  
56 39.8061 +/- 1.54903  
57 40.0343 +/- 1.5723   
58 40.2312 +/- 1.59136  
59 40.4481 +/- 1.61264  
60 40.6642 +/- 1.63649  
61 40.8654 +/- 1.65986  
62 41.0458 +/- 1.68663  
63 41.2429 +/- 1.71722  
END dQ2
beta: 6
nconf:  1024
nbatch:   32
BEGIN dQ2
 0 0 +/- 0                
 1 0.204332 +/- 0.00397953
 2 0.402 +/- 0.0076176    
 3 0.595372 +/- 0.011716  
 4 0.787469 +/- 0.0165662 
 5 0.98022 +/- 0.0219175  
 6 1.17062 +/- 0.0275163  
 7 1.3608 +/- 0.0333435   
 8 1.55044 +/- 0.039016   
 9 1.74332 +/- 0.0450005  
10 1.93516 +/- 0.0508391  
11 2.12299 +/- 0.0569337  
12 2.30947 +/- 0.0631008  
13 2.49388 +/- 0.0691096  
14 2.6772 +/- 0.0749777   
15 2.85927 +/- 0.0810149  
16 3.0404 +/- 0.0868322   
17 3.21984 +/- 0.0923666  
18 3.40187 +/- 0.0992352  
19 3.58364 +/- 0.106267   
20 3.76164 +/- 0.112999   
21 3.93762 +/- 0.119756   
22 4.11907 +/- 0.126233   
23 4.2968 +/- 0.132394    
24 4.47662 +/- 0.138633   
25 4.65431 +/- 0.144719   
26 4.83032 +/- 0.151221   
27 5.00768 +/- 0.159053   
28 5.18417 +/- 0.166919   
29 5.35914 +/- 0.174589   
30 5.53175 +/- 0.182082   
31 5.70047 +/- 0.189877   
32 5.86621 +/- 0.197947   
33 6.03122 +/- 0.206164   
34 6.19678 +/- 0.214437   
35 6.36148 +/- 0.222882   
36 6.51999 +/- 0.230699   
37 6.67699 +/- 0.23908    
38 6.83497 +/- 0.2469     
39 6.98874 +/- 0.254442   
40 7.14571 +/- 0.262142   
41 7.30493 +/- 0.270058   
42 7.46143 +/- 0.277518   
43 7.62032 +/- 0.285224   
44 7.77455 +/- 0.292679   
45 7.92527 +/- 0.299977   
46 8.07442 +/- 0.308064   
47 8.22374 +/- 0.315996   
48 8.37295 +/- 0.323823   
49 8.5191 +/- 0.332479    
50 8.66498 +/- 0.341041   
51 8.81359 +/- 0.349462   
52 8.96184 +/- 0.357645   
53 9.1109 +/- 0.365888    
54 9.26002 +/- 0.374316   
55 9.41167 +/- 0.382613   
56 9.56428 +/- 0.39192    
57 9.71581 +/- 0.4011     
58 9.86827 +/- 0.410525   
59 10.0164 +/- 0.419963   
60 10.1626 +/- 0.428176   
61 10.3058 +/- 0.43649    
62 10.4518 +/- 0.444452   
63 10.5963 +/- 0.452377   
END dQ2
beta: 7
nconf:  1024
nbatch:   32
BEGIN dQ2
 0 0 +/- 0                  
 1 0.0293561 +/- 0.000910673
 2 0.0577911 +/- 0.00165846 
 3 0.0865267 +/- 0.00244605 
 4 0.115533 +/- 0.00326916  
 5 0.145271 +/- 0.00418249  
 6 0.174392 +/- 0.00513941  
 7 0.203632 +/- 0.0061486   
 8 0.232406 +/- 0.00721879  
 9 0.261453 +/- 0.00828838  
10 0.290372 +/- 0.00936381  
11 0.318392 +/- 0.0104347   
12 0.346653 +/- 0.0115619   
13 0.375185 +/- 0.0127556   
14 0.403094 +/- 0.0141024   
15 0.430779 +/- 0.0154839   
16 0.458426 +/- 0.0168061   
17 0.485942 +/- 0.018171    
18 0.513419 +/- 0.0195637   
19 0.54092 +/- 0.0210236    
20 0.568165 +/- 0.0224988   
21 0.595651 +/- 0.0239672   
22 0.623253 +/- 0.0255435   
23 0.650599 +/- 0.0270953   
24 0.677469 +/- 0.0287709   
25 0.704235 +/- 0.0304519   
26 0.730367 +/- 0.0321284   
27 0.755861 +/- 0.033888    
28 0.781407 +/- 0.0356583   
29 0.807129 +/- 0.0374648   
30 0.833407 +/- 0.0393343   
31 0.860115 +/- 0.0411866   
32 0.886561 +/- 0.0430189   
33 0.912462 +/- 0.0447541   
34 0.938321 +/- 0.0464954   
35 0.963789 +/- 0.0481735   
36 0.989372 +/- 0.0499571   
37 1.01501 +/- 0.0517048    
38 1.04073 +/- 0.0534265    
39 1.06612 +/- 0.055143     
40 1.09156 +/- 0.0569041    
41 1.11721 +/- 0.0586712    
42 1.14247 +/- 0.0604752    
43 1.16785 +/- 0.0623111    
44 1.19302 +/- 0.0641738    
45 1.21805 +/- 0.0661297    
46 1.24284 +/- 0.0681118    
47 1.26746 +/- 0.0701238    
48 1.29214 +/- 0.0721627    
49 1.31734 +/- 0.074281     
50 1.34247 +/- 0.0763981    
51 1.36739 +/- 0.0785433    
52 1.3931 +/- 0.0808127     
53 1.41848 +/- 0.0830417    
54 1.44398 +/- 0.0852832    
55 1.46927 +/- 0.087542     
56 1.4948 +/- 0.0898633     
57 1.52062 +/- 0.0922341    
58 1.54655 +/- 0.0946471    
59 1.57231 +/- 0.0969789    
60 1.59754 +/- 0.0992793    
61 1.62224 +/- 0.101533     
62 1.64725 +/- 0.103795     
63 1.67105 +/- 0.106038     
END dQ2
