
# File: ../s_nthmc_l64_b4.log
beta: 4
nconf:  1024
nbatch:   32
BEGIN dQ2
 0 0 +/- 0              
 1 10.2596 +/- 0.0983586
 2 18.3763 +/- 0.175833 
 3 25.1689 +/- 0.268882 
 4 30.6861 +/- 0.384377 
 5 35.2518 +/- 0.500526 
 6 38.9908 +/- 0.620697 
 7 42.4311 +/- 0.743959 
 8 45.143 +/- 0.840464  
 9 47.5787 +/- 0.966439 
10 49.7167 +/- 1.08567  
11 51.5966 +/- 1.17812  
12 53.2563 +/- 1.26825  
13 54.6357 +/- 1.34628  
14 55.6861 +/- 1.38799  
15 56.6222 +/- 1.44325  
16 57.2873 +/- 1.45652  
17 57.678 +/- 1.48001   
18 58.0719 +/- 1.49737  
19 58.3283 +/- 1.49858  
20 58.5217 +/- 1.48182  
21 58.8049 +/- 1.49075  
22 59.0778 +/- 1.49085  
23 59.2751 +/- 1.49668  
24 59.3431 +/- 1.49911  
25 59.3575 +/- 1.51226  
26 59.3252 +/- 1.5317   
27 59.3643 +/- 1.5672   
28 59.4841 +/- 1.59257  
29 59.7574 +/- 1.64847  
30 59.9224 +/- 1.67864  
31 60.0242 +/- 1.68105  
32 60.2326 +/- 1.70664  
33 60.3579 +/- 1.71208  
34 60.4863 +/- 1.72625  
35 60.4371 +/- 1.741    
36 60.6195 +/- 1.7463   
37 60.6774 +/- 1.74078  
38 60.864 +/- 1.7318    
39 61.0999 +/- 1.73848  
40 61.1611 +/- 1.74912  
41 61.2559 +/- 1.73547  
42 61.5228 +/- 1.71807  
43 61.947 +/- 1.72681   
44 62.2366 +/- 1.74751  
45 62.3889 +/- 1.75193  
46 62.4295 +/- 1.72116  
47 62.3327 +/- 1.72517  
48 62.2059 +/- 1.71699  
49 62.1146 +/- 1.72622  
50 62.005 +/- 1.70638   
51 62.0589 +/- 1.71176  
52 61.9193 +/- 1.68811  
53 61.8891 +/- 1.66406  
54 61.8686 +/- 1.67784  
55 61.9389 +/- 1.70246  
56 61.9555 +/- 1.71221  
57 61.9106 +/- 1.7601   
58 61.8912 +/- 1.80386  
59 61.8592 +/- 1.83051  
60 61.7981 +/- 1.83538  
61 61.7478 +/- 1.81047  
62 61.7928 +/- 1.80927  
63 61.696 +/- 1.83887   
END dQ2
beta: 5
nconf:  1024
nbatch:   32
BEGIN dQ2
 0 0 +/- 0              
 1 1.64635 +/- 0.0182703
 2 3.16802 +/- 0.0325841
 3 4.62702 +/- 0.049944 
 4 6.01458 +/- 0.0762578
 5 7.33992 +/- 0.107683 
 6 8.6417 +/- 0.133312  
 7 9.86839 +/- 0.158484 
 8 11.0521 +/- 0.182165 
 9 12.2047 +/- 0.210595 
10 13.305 +/- 0.239589  
11 14.3429 +/- 0.273626 
12 15.3478 +/- 0.303434 
13 16.3242 +/- 0.329285 
14 17.2707 +/- 0.355355 
15 18.1687 +/- 0.384647 
16 19.031 +/- 0.414941  
17 19.8958 +/- 0.440435 
18 20.7258 +/- 0.463555 
19 21.5285 +/- 0.484438 
20 22.3071 +/- 0.50991  
21 23.1029 +/- 0.54016  
22 23.8662 +/- 0.575051 
23 24.577 +/- 0.609138  
24 25.2904 +/- 0.647269 
25 25.9931 +/- 0.683308 
26 26.6944 +/- 0.718891 
27 27.379 +/- 0.758399  
28 28.0425 +/- 0.792094 
29 28.6899 +/- 0.822368 
30 29.3288 +/- 0.847347 
31 29.9053 +/- 0.871821 
32 30.4519 +/- 0.894652 
33 30.9921 +/- 0.916406 
34 31.5619 +/- 0.938668 
35 32.1198 +/- 0.962999 
36 32.6438 +/- 0.982566 
37 33.1604 +/- 1.00093  
38 33.6309 +/- 1.02063  
39 34.1002 +/- 1.03934  
40 34.5596 +/- 1.05824  
41 35.0262 +/- 1.08018  
42 35.4852 +/- 1.09939  
43 35.9358 +/- 1.11406  
44 36.3885 +/- 1.12761  
45 36.8175 +/- 1.13762  
46 37.2329 +/- 1.14807  
47 37.6021 +/- 1.16265  
48 37.9553 +/- 1.17993  
49 38.2834 +/- 1.19715  
50 38.6315 +/- 1.21808  
51 38.9467 +/- 1.2372   
52 39.2019 +/- 1.25452  
53 39.4539 +/- 1.26971  
54 39.691 +/- 1.28573   
55 39.8602 +/- 1.30356  
56 40.0408 +/- 1.32372  
57 40.2367 +/- 1.34858  
58 40.4222 +/- 1.37193  
59 40.6394 +/- 1.39324  
60 40.8447 +/- 1.4143   
61 41.032 +/- 1.43543   
62 41.2328 +/- 1.45264  
63 41.4245 +/- 1.47018  
END dQ2
beta: 6
nconf:  1024
nbatch:   32
BEGIN dQ2
 0 0 +/- 0                
 1 0.252199 +/- 0.00382967
 2 0.499297 +/- 0.00841545
 3 0.742073 +/- 0.0139135 
 4 0.979657 +/- 0.0202546 
 5 1.21302 +/- 0.0262672  
 6 1.44232 +/- 0.0327453  
 7 1.67257 +/- 0.0392875  
 8 1.90013 +/- 0.0454149  
 9 2.12845 +/- 0.051705   
10 2.35583 +/- 0.0588031  
11 2.57481 +/- 0.065671   
12 2.79283 +/- 0.0723884  
13 3.0081 +/- 0.0794028   
14 3.22618 +/- 0.0860383  
15 3.44119 +/- 0.0930389  
16 3.6565 +/- 0.0996356   
17 3.86504 +/- 0.106591   
18 4.07045 +/- 0.114248   
19 4.274 +/- 0.122238     
20 4.46984 +/- 0.130351   
21 4.66429 +/- 0.138306   
22 4.85089 +/- 0.146831   
23 5.03209 +/- 0.15579    
24 5.21466 +/- 0.165246   
25 5.40124 +/- 0.174272   
26 5.58808 +/- 0.18355    
27 5.77479 +/- 0.193024   
28 5.9616 +/- 0.202435    
29 6.14774 +/- 0.211487   
30 6.3308 +/- 0.220653    
31 6.51583 +/- 0.230037   
32 6.69619 +/- 0.238546   
33 6.86885 +/- 0.24669    
34 7.04208 +/- 0.254158   
35 7.21793 +/- 0.26122    
36 7.3923 +/- 0.268826    
37 7.56557 +/- 0.276446   
38 7.73609 +/- 0.284361   
39 7.90825 +/- 0.292504   
40 8.08184 +/- 0.301279   
41 8.25429 +/- 0.310847   
42 8.42811 +/- 0.32062    
43 8.59996 +/- 0.331132   
44 8.7654 +/- 0.341344    
45 8.93654 +/- 0.352182   
46 9.10637 +/- 0.362951   
47 9.2706 +/- 0.373748    
48 9.43843 +/- 0.385435   
49 9.60564 +/- 0.397559   
50 9.76537 +/- 0.410034   
51 9.92491 +/- 0.422788   
52 10.0784 +/- 0.434995   
53 10.2353 +/- 0.446874   
54 10.3889 +/- 0.459107   
55 10.5447 +/- 0.471687   
56 10.7013 +/- 0.484533   
57 10.8514 +/- 0.498197   
58 11.0038 +/- 0.512651   
59 11.1585 +/- 0.527319   
60 11.3133 +/- 0.543116   
61 11.4723 +/- 0.558424   
62 11.6307 +/- 0.57414    
63 11.7902 +/- 0.589912   
END dQ2
beta: 7
nconf:  1024
nbatch:   32
BEGIN dQ2
 0 0 +/- 0                 
 1 0.0363514 +/- 0.00114996
 2 0.0718567 +/- 0.00219055
 3 0.106299 +/- 0.00343702 
 4 0.140074 +/- 0.00466741 
 5 0.173884 +/- 0.00605035 
 6 0.208589 +/- 0.00750689 
 7 0.243455 +/- 0.00905423 
 8 0.278697 +/- 0.0107469  
 9 0.313177 +/- 0.0123321  
10 0.347726 +/- 0.0139918  
11 0.382465 +/- 0.0156059  
12 0.417675 +/- 0.0172415  
13 0.45243 +/- 0.0189182   
14 0.486572 +/- 0.0205988  
15 0.520224 +/- 0.022345   
16 0.555246 +/- 0.0240892  
17 0.589871 +/- 0.025748   
18 0.624845 +/- 0.0274273  
19 0.660137 +/- 0.0291434  
20 0.695375 +/- 0.0309612  
21 0.730683 +/- 0.0328783  
22 0.766155 +/- 0.0347817  
23 0.801011 +/- 0.0367243  
24 0.83575 +/- 0.0387236   
25 0.870151 +/- 0.0408001  
26 0.904027 +/- 0.0430035  
27 0.938096 +/- 0.045371   
28 0.972484 +/- 0.0476603  
29 1.00782 +/- 0.0501219   
30 1.04373 +/- 0.0526839   
31 1.07899 +/- 0.055218    
32 1.11394 +/- 0.0577238   
33 1.14874 +/- 0.0602484   
34 1.18343 +/- 0.0629126   
35 1.21869 +/- 0.0657141   
36 1.25357 +/- 0.0685208   
37 1.28799 +/- 0.0713426   
38 1.32274 +/- 0.0742046   
39 1.35688 +/- 0.0770237   
40 1.39024 +/- 0.0797299   
41 1.42377 +/- 0.0824876   
42 1.45726 +/- 0.0854778   
43 1.49079 +/- 0.0886143   
44 1.52347 +/- 0.0917292   
45 1.55596 +/- 0.0949995   
46 1.58835 +/- 0.0981955   
47 1.62126 +/- 0.101535    
48 1.65375 +/- 0.104821    
49 1.6859 +/- 0.108159     
50 1.71853 +/- 0.11158     
51 1.75077 +/- 0.115073    
52 1.78279 +/- 0.118554    
53 1.81433 +/- 0.12177     
54 1.84655 +/- 0.124957    
55 1.87951 +/- 0.128212    
56 1.91193 +/- 0.131447    
57 1.9449 +/- 0.13471      
58 1.97794 +/- 0.138034    
59 2.01156 +/- 0.141318    
60 2.0448 +/- 0.144539     
61 2.07853 +/- 0.147733    
62 2.11201 +/- 0.151143    
63 2.14552 +/- 0.154758    
END dQ2
