
# File: ../s_nthmc_l64_b6_step1e-5_p7o16_8cn6_8cn8.log
beta: 5
nconf:  1024
nbatch:   32
BEGIN dQ2
 0 0 +/- 0              
 1 2.79729 +/- 0.0304201
 2 5.33421 +/- 0.0688365
 3 7.70761 +/- 0.10592  
 4 9.8871 +/- 0.144574  
 5 11.9375 +/- 0.191517 
 6 13.852 +/- 0.250163  
 7 15.6587 +/- 0.314741 
 8 17.3221 +/- 0.386549 
 9 18.8773 +/- 0.449257 
10 20.3833 +/- 0.514328 
11 21.8193 +/- 0.588844 
12 23.1522 +/- 0.657608 
13 24.3999 +/- 0.717019 
14 25.5775 +/- 0.775494 
15 26.6536 +/- 0.823262 
16 27.682 +/- 0.865418  
17 28.6779 +/- 0.90051  
18 29.6228 +/- 0.94759  
19 30.506 +/- 0.975413  
20 31.3308 +/- 1.00346  
21 32.1293 +/- 1.02518  
22 32.8455 +/- 1.04531  
23 33.554 +/- 1.06058   
24 34.1688 +/- 1.07511  
25 34.8201 +/- 1.09412  
26 35.4186 +/- 1.1199   
27 35.9975 +/- 1.14424  
28 36.5732 +/- 1.16642  
29 37.0924 +/- 1.18929  
30 37.5902 +/- 1.21777  
31 38.0625 +/- 1.24659  
32 38.4788 +/- 1.2665   
33 38.8908 +/- 1.29297  
34 39.2728 +/- 1.30857  
35 39.661 +/- 1.32417   
36 40.0165 +/- 1.3287   
37 40.3902 +/- 1.33422  
38 40.6468 +/- 1.34666  
39 40.8906 +/- 1.34592  
40 41.1447 +/- 1.3521   
41 41.4013 +/- 1.36009  
42 41.626 +/- 1.36765   
43 41.8196 +/- 1.38535  
44 41.994 +/- 1.39812   
45 42.1337 +/- 1.40875  
46 42.3391 +/- 1.41932  
47 42.504 +/- 1.43497   
48 42.6836 +/- 1.45242  
49 42.8848 +/- 1.46421  
50 43.1312 +/- 1.47185  
51 43.3625 +/- 1.4797   
52 43.5811 +/- 1.5018   
53 43.8329 +/- 1.52626  
54 44.0514 +/- 1.54975  
55 44.2762 +/- 1.56091  
56 44.5227 +/- 1.57576  
57 44.7458 +/- 1.59611  
58 44.9586 +/- 1.61726  
59 45.2046 +/- 1.63749  
60 45.4702 +/- 1.67409  
61 45.6971 +/- 1.70827  
62 45.864 +/- 1.73973   
63 46.0173 +/- 1.77484  
END dQ2
beta: 6
nconf:  1024
nbatch:   32
BEGIN dQ2
 0 0 +/- 0                
 1 0.383217 +/- 0.00658925
 2 0.748716 +/- 0.0136698 
 3 1.10755 +/- 0.021486   
 4 1.45864 +/- 0.0302876  
 5 1.80879 +/- 0.0398397  
 6 2.15453 +/- 0.0495277  
 7 2.49662 +/- 0.0607911  
 8 2.83566 +/- 0.072944   
 9 3.1669 +/- 0.0848661   
10 3.48767 +/- 0.0974626  
11 3.80297 +/- 0.112236   
12 4.11456 +/- 0.125486   
13 4.42368 +/- 0.139474   
14 4.72184 +/- 0.153446   
15 5.02153 +/- 0.166506   
16 5.32103 +/- 0.180311   
17 5.62283 +/- 0.194896   
18 5.91905 +/- 0.210527   
19 6.20815 +/- 0.226737   
20 6.49891 +/- 0.24329    
21 6.78172 +/- 0.260739   
22 7.0576 +/- 0.278081    
23 7.32542 +/- 0.295736   
24 7.58666 +/- 0.312915   
25 7.85748 +/- 0.328422   
26 8.12578 +/- 0.343848   
27 8.3876 +/- 0.360241    
28 8.64367 +/- 0.376086   
29 8.90345 +/- 0.392593   
30 9.1698 +/- 0.408727    
31 9.42888 +/- 0.424666   
32 9.68911 +/- 0.439605   
33 9.94639 +/- 0.454146   
34 10.2062 +/- 0.469341   
35 10.4694 +/- 0.483398   
36 10.7342 +/- 0.496682   
37 10.9872 +/- 0.510915   
38 11.2366 +/- 0.524496   
39 11.4814 +/- 0.536881   
40 11.7207 +/- 0.548836   
41 11.9592 +/- 0.560032   
42 12.1923 +/- 0.571977   
43 12.4199 +/- 0.585322   
44 12.6448 +/- 0.598455   
45 12.8601 +/- 0.610408   
46 13.0694 +/- 0.624289   
47 13.2794 +/- 0.637416   
48 13.4902 +/- 0.648098   
49 13.7018 +/- 0.658952   
50 13.9155 +/- 0.669191   
51 14.1257 +/- 0.679906   
52 14.3257 +/- 0.691303   
53 14.5219 +/- 0.702937   
54 14.7216 +/- 0.713561   
55 14.9208 +/- 0.72421    
56 15.1183 +/- 0.734542   
57 15.3196 +/- 0.74425    
58 15.5156 +/- 0.753223   
59 15.7186 +/- 0.76247    
60 15.9188 +/- 0.773339   
61 16.1219 +/- 0.785444   
62 16.3189 +/- 0.797605   
63 16.5202 +/- 0.809345   
END dQ2
beta: 7
nconf:  1024
nbatch:   32
BEGIN dQ2
 0 0 +/- 0                 
 1 0.0565433 +/- 0.00180976
 2 0.111393 +/- 0.00370282 
 3 0.16534 +/- 0.00572141  
 4 0.219424 +/- 0.00796078 
 5 0.273215 +/- 0.0101431  
 6 0.326989 +/- 0.0121347  
 7 0.3805 +/- 0.0140961    
 8 0.434147 +/- 0.0159307  
 9 0.487438 +/- 0.0179803  
10 0.539386 +/- 0.020163   
11 0.591375 +/- 0.0226054  
12 0.644794 +/- 0.0251956  
13 0.69736 +/- 0.027836    
14 0.75 +/- 0.0305507      
15 0.803333 +/- 0.0333383  
16 0.856678 +/- 0.0362859  
17 0.909508 +/- 0.0392103  
18 0.962133 +/- 0.0421513  
19 1.01477 +/- 0.0450975   
20 1.06729 +/- 0.0482057   
21 1.11908 +/- 0.051249    
22 1.17153 +/- 0.0541542   
23 1.22549 +/- 0.0570015   
24 1.27963 +/- 0.0597362   
25 1.33355 +/- 0.0623514   
26 1.38684 +/- 0.0647077   
27 1.44101 +/- 0.0671247   
28 1.49442 +/- 0.0696208   
29 1.54755 +/- 0.0722011   
30 1.60095 +/- 0.0750437   
31 1.65515 +/- 0.0779719   
32 1.70782 +/- 0.0808328   
33 1.75949 +/- 0.0837436   
34 1.81057 +/- 0.0866749   
35 1.8616 +/- 0.0894092    
36 1.91286 +/- 0.0923082   
37 1.96403 +/- 0.0950715   
38 2.01651 +/- 0.097875    
39 2.06938 +/- 0.100692    
40 2.12271 +/- 0.103618    
41 2.1766 +/- 0.106688     
42 2.23017 +/- 0.109861    
43 2.28396 +/- 0.113143    
44 2.33795 +/- 0.116464    
45 2.39026 +/- 0.119805    
46 2.44309 +/- 0.123356    
47 2.49488 +/- 0.12696     
48 2.54697 +/- 0.13042     
49 2.59946 +/- 0.13377     
50 2.65201 +/- 0.137346    
51 2.70298 +/- 0.140888    
52 2.75383 +/- 0.144714    
53 2.80394 +/- 0.148515    
54 2.85435 +/- 0.152317    
55 2.90486 +/- 0.156181    
56 2.95558 +/- 0.16011     
57 3.00759 +/- 0.164321    
58 3.05868 +/- 0.16853     
59 3.10955 +/- 0.172953    
60 3.16098 +/- 0.177448    
61 3.21245 +/- 0.182185    
62 3.26429 +/- 0.18701     
63 3.31604 +/- 0.191837    
END dQ2
