
# File: ../s_nthmc_l66_fixBV_l64_b6.log
beta: 6.380859375
nconf:  1024
nbatch:   32
BEGIN dQ2
 0 0 +/- 0                
 1 0.266923 +/- 0.00509749
 2 0.528223 +/- 0.00955519
 3 0.7848 +/- 0.0146225   
 4 1.03912 +/- 0.0212864  
 5 1.28904 +/- 0.0290265  
 6 1.53496 +/- 0.0379624  
 7 1.77821 +/- 0.0473259  
 8 2.02544 +/- 0.0574067  
 9 2.26484 +/- 0.0676695  
10 2.50182 +/- 0.078097   
11 2.73072 +/- 0.0897236  
12 2.96038 +/- 0.101167   
13 3.18892 +/- 0.112199   
14 3.41553 +/- 0.123334   
15 3.63993 +/- 0.134752   
16 3.86651 +/- 0.146816   
17 4.0944 +/- 0.157854    
18 4.32465 +/- 0.169235   
19 4.55793 +/- 0.180941   
20 4.79143 +/- 0.192463   
21 5.02206 +/- 0.204605   
22 5.25371 +/- 0.217597   
23 5.48146 +/- 0.229503   
24 5.712 +/- 0.240957     
25 5.94263 +/- 0.252558   
26 6.16768 +/- 0.264479   
27 6.39077 +/- 0.277008   
28 6.61113 +/- 0.28975    
29 6.83361 +/- 0.302741   
30 7.05945 +/- 0.31658    
31 7.28975 +/- 0.330036   
32 7.51632 +/- 0.343071   
33 7.74505 +/- 0.356941   
34 7.96979 +/- 0.370101   
35 8.18892 +/- 0.383072   
36 8.40676 +/- 0.39482    
37 8.62516 +/- 0.406516   
38 8.84112 +/- 0.418152   
39 9.0573 +/- 0.430309    
40 9.26877 +/- 0.442612   
41 9.48093 +/- 0.456      
42 9.69052 +/- 0.468533   
43 9.89774 +/- 0.481068   
44 10.0995 +/- 0.492014   
45 10.2991 +/- 0.503421   
46 10.4927 +/- 0.514675   
47 10.6833 +/- 0.525717   
48 10.8744 +/- 0.536385   
49 11.0643 +/- 0.547198   
50 11.2517 +/- 0.558232   
51 11.4386 +/- 0.570018   
52 11.6199 +/- 0.580936   
53 11.7979 +/- 0.591026   
54 11.9702 +/- 0.600919   
55 12.1393 +/- 0.610371   
56 12.3073 +/- 0.619032   
57 12.4785 +/- 0.627716   
58 12.6483 +/- 0.635704   
59 12.8132 +/- 0.644016   
60 12.9812 +/- 0.652946   
61 13.1492 +/- 0.661139   
62 13.3151 +/- 0.669007   
63 13.4776 +/- 0.677516   
END dQ2
