
# File: ../s_nthmc_l74_fixBV_l64_b6.log
beta: 8.021484375
nconf:  1024
nbatch:   32
BEGIN dQ2
 0 0 +/- 0                  
 1 0.0106305 +/- 0.000546008
 2 0.0212512 +/- 0.00112462 
 3 0.0314949 +/- 0.00166368 
 4 0.0417586 +/- 0.00221634 
 5 0.0520118 +/- 0.00273943 
 6 0.0620395 +/- 0.00328921 
 7 0.072087 +/- 0.00384528  
 8 0.0822158 +/- 0.00439304 
 9 0.0921798 +/- 0.00495284 
10 0.102102 +/- 0.00551032  
11 0.112043 +/- 0.00609208  
12 0.121881 +/- 0.00668538  
13 0.131553 +/- 0.00725004  
14 0.14112 +/- 0.00779528   
15 0.150706 +/- 0.00836141  
16 0.160373 +/- 0.00895172  
17 0.170122 +/- 0.0095644   
18 0.179889 +/- 0.0102026   
19 0.18949 +/- 0.0108398    
20 0.199297 +/- 0.011484    
21 0.209185 +/- 0.0121365   
22 0.219155 +/- 0.0127863   
23 0.229146 +/- 0.0134502   
24 0.239188 +/- 0.0141353   
25 0.249249 +/- 0.0148245   
26 0.259269 +/- 0.0155536   
27 0.269245 +/- 0.0162568   
28 0.279116 +/- 0.0169609   
29 0.288913 +/- 0.0176531   
30 0.298667 +/- 0.0183474   
31 0.308629 +/- 0.0190219   
32 0.318674 +/- 0.0197043   
33 0.328929 +/- 0.0204186   
34 0.339331 +/- 0.0211559   
35 0.349564 +/- 0.0218695   
36 0.359881 +/- 0.0226091   
37 0.369997 +/- 0.0233371   
38 0.380103 +/- 0.0240613   
39 0.390197 +/- 0.0248006   
40 0.400438 +/- 0.0255471   
41 0.410764 +/- 0.026294    
42 0.420984 +/- 0.0270398   
43 0.431033 +/- 0.0277931   
44 0.441422 +/- 0.0286509   
45 0.451832 +/- 0.0295196   
46 0.462455 +/- 0.0304567   
47 0.473036 +/- 0.0313689   
48 0.483703 +/- 0.0323074   
49 0.494519 +/- 0.0332857   
50 0.505166 +/- 0.0342279   
51 0.51577 +/- 0.035162     
52 0.526395 +/- 0.0361046   
53 0.537075 +/- 0.0370981   
54 0.547584 +/- 0.0380883   
55 0.558211 +/- 0.0390634   
56 0.568634 +/- 0.0400209   
57 0.578917 +/- 0.0409867   
58 0.589156 +/- 0.041975    
59 0.599579 +/- 0.0430139   
60 0.609796 +/- 0.0440299   
61 0.620067 +/- 0.0450501   
62 0.63036 +/- 0.0460656    
63 0.640609 +/- 0.0470978   
END dQ2
