
# File: ../s_nthmc_l64_b6_5cn8_5cn10_lr1e-5.log
beta: 5
nconf:  1024
nbatch:   32
BEGIN dQ2
 0 0 +/- 0              
 1 2.93506 +/- 0.025093 
 2 5.60265 +/- 0.0551741
 3 8.12451 +/- 0.0959453
 4 10.5202 +/- 0.138574 
 5 12.8085 +/- 0.200348 
 6 14.9007 +/- 0.261511 
 7 16.9326 +/- 0.320201 
 8 18.8433 +/- 0.372888 
 9 20.5986 +/- 0.428546 
10 22.2111 +/- 0.477535 
11 23.7252 +/- 0.533569 
12 25.0615 +/- 0.591929 
13 26.3558 +/- 0.643839 
14 27.5949 +/- 0.696088 
15 28.7882 +/- 0.746522 
16 29.9195 +/- 0.785873 
17 30.9566 +/- 0.825866 
18 31.9405 +/- 0.854988 
19 32.855 +/- 0.87929   
20 33.7097 +/- 0.9033   
21 34.4855 +/- 0.928191 
22 35.2091 +/- 0.950199 
23 35.9046 +/- 0.97267  
24 36.5398 +/- 0.999285 
25 37.1781 +/- 1.03906  
26 37.7768 +/- 1.08266  
27 38.3334 +/- 1.11802  
28 38.8616 +/- 1.15275  
29 39.4064 +/- 1.18895  
30 39.9188 +/- 1.22851  
31 40.3487 +/- 1.25626  
32 40.7684 +/- 1.2814   
33 41.147 +/- 1.30737   
34 41.5167 +/- 1.32511  
35 41.9158 +/- 1.34533  
36 42.2385 +/- 1.36288  
37 42.5338 +/- 1.38919  
38 42.8074 +/- 1.41066  
39 43.0657 +/- 1.41744  
40 43.3255 +/- 1.42628  
41 43.6014 +/- 1.43726  
42 43.8108 +/- 1.45855  
43 43.9768 +/- 1.46888  
44 44.1684 +/- 1.49355  
45 44.3175 +/- 1.51686  
46 44.4805 +/- 1.53829  
47 44.6244 +/- 1.56214  
48 44.7178 +/- 1.57787  
49 44.7805 +/- 1.5848   
50 44.8105 +/- 1.59396  
51 44.8719 +/- 1.59566  
52 44.9332 +/- 1.60168  
53 44.9654 +/- 1.59204  
54 44.9685 +/- 1.58171  
55 44.9481 +/- 1.56323  
56 44.9729 +/- 1.54524  
57 45.0483 +/- 1.5241   
58 45.0409 +/- 1.50251  
59 45.0202 +/- 1.48382  
60 44.9911 +/- 1.46277  
61 44.9948 +/- 1.44649  
62 44.9756 +/- 1.42956  
63 45.0027 +/- 1.41723  
END dQ2
beta: 6
nconf:  1024
nbatch:   32
BEGIN dQ2
 0 0 +/- 0                
 1 0.414345 +/- 0.00724983
 2 0.814396 +/- 0.0151085 
 3 1.20856 +/- 0.0228066  
 4 1.59586 +/- 0.0316099  
 5 1.9789 +/- 0.0421791   
 6 2.3533 +/- 0.0528348   
 7 2.72978 +/- 0.0638944  
 8 3.09387 +/- 0.0755576  
 9 3.45708 +/- 0.0886285  
10 3.81527 +/- 0.10217    
11 4.16584 +/- 0.117342   
12 4.51411 +/- 0.132109   
13 4.8589 +/- 0.147067    
14 5.20201 +/- 0.161691   
15 5.53778 +/- 0.175154   
16 5.87416 +/- 0.1885     
17 6.20541 +/- 0.202394   
18 6.526 +/- 0.216817     
19 6.83654 +/- 0.230497   
20 7.14632 +/- 0.243699   
21 7.45274 +/- 0.257376   
22 7.75561 +/- 0.269735   
23 8.04689 +/- 0.281631   
24 8.33878 +/- 0.295469   
25 8.62819 +/- 0.30999    
26 8.91621 +/- 0.324645   
27 9.19976 +/- 0.339554   
28 9.48773 +/- 0.355072   
29 9.7734 +/- 0.369482    
30 10.0622 +/- 0.384063   
31 10.3495 +/- 0.399028   
32 10.6224 +/- 0.414834   
33 10.8936 +/- 0.430833   
34 11.1599 +/- 0.447121   
35 11.4221 +/- 0.465129   
36 11.6829 +/- 0.482769   
37 11.9333 +/- 0.499433   
38 12.1819 +/- 0.517059   
39 12.427 +/- 0.536028    
40 12.6635 +/- 0.555368   
41 12.8985 +/- 0.574763   
42 13.1359 +/- 0.59401    
43 13.3785 +/- 0.613124   
44 13.6164 +/- 0.632296   
45 13.8532 +/- 0.649877   
46 14.08 +/- 0.666329     
47 14.3084 +/- 0.683946   
48 14.5305 +/- 0.701732   
49 14.7529 +/- 0.71961    
50 14.9705 +/- 0.737136   
51 15.1842 +/- 0.756067   
52 15.398 +/- 0.774692    
53 15.6006 +/- 0.7924     
54 15.7981 +/- 0.810684   
55 16.0028 +/- 0.829302   
56 16.2053 +/- 0.848      
57 16.4163 +/- 0.866398   
58 16.626 +/- 0.884536    
59 16.8314 +/- 0.902785   
60 17.0343 +/- 0.920745   
61 17.2327 +/- 0.938686   
62 17.4359 +/- 0.958046   
63 17.6417 +/- 0.977452   
END dQ2
beta: 7
nconf:  1024
nbatch:   32
BEGIN dQ2
 0 0 +/- 0                 
 1 0.0573375 +/- 0.00204303
 2 0.113044 +/- 0.00393529 
 3 0.167881 +/- 0.0057718  
 4 0.223407 +/- 0.00782864 
 5 0.278827 +/- 0.0100569  
 6 0.33362 +/- 0.0125013   
 7 0.387721 +/- 0.0148935  
 8 0.442144 +/- 0.0172802  
 9 0.496952 +/- 0.0197026  
10 0.551313 +/- 0.0222368  
11 0.60609 +/- 0.0247788   
12 0.660789 +/- 0.0273861  
13 0.717266 +/- 0.0302084  
14 0.773082 +/- 0.032817   
15 0.829844 +/- 0.0355105  
16 0.885293 +/- 0.0381629  
17 0.939517 +/- 0.0408616  
18 0.993849 +/- 0.0436523  
19 1.0477 +/- 0.0464926    
20 1.10194 +/- 0.0494722   
21 1.15584 +/- 0.0524199   
22 1.20918 +/- 0.0553829   
23 1.26374 +/- 0.0584686   
24 1.31788 +/- 0.061487    
25 1.37265 +/- 0.0646905   
26 1.42673 +/- 0.0677582   
27 1.48075 +/- 0.0708911   
28 1.53511 +/- 0.0739789   
29 1.5891 +/- 0.0773007    
30 1.64267 +/- 0.0806577   
31 1.69546 +/- 0.0840483   
32 1.74824 +/- 0.0873995   
33 1.80001 +/- 0.0907348   
34 1.85174 +/- 0.0942989   
35 1.90407 +/- 0.0978885   
36 1.95585 +/- 0.101414    
37 2.00687 +/- 0.104933    
38 2.05762 +/- 0.108414    
39 2.10834 +/- 0.111802    
40 2.15958 +/- 0.115386    
41 2.21192 +/- 0.119011    
42 2.26419 +/- 0.122535    
43 2.31623 +/- 0.12584     
44 2.36849 +/- 0.129257    
45 2.42109 +/- 0.132702    
46 2.47357 +/- 0.136114    
47 2.52613 +/- 0.139469    
48 2.57969 +/- 0.142943    
49 2.63244 +/- 0.146564    
50 2.68532 +/- 0.150188    
51 2.73706 +/- 0.153878    
52 2.78861 +/- 0.157676    
53 2.83998 +/- 0.161344    
54 2.89133 +/- 0.165083    
55 2.94179 +/- 0.168815    
56 2.99196 +/- 0.172632    
57 3.04221 +/- 0.176505    
58 3.09145 +/- 0.180226    
59 3.14158 +/- 0.183897    
60 3.19152 +/- 0.187728    
61 3.24062 +/- 0.19153     
62 3.29074 +/- 0.195302    
63 3.34125 +/- 0.199188    
END dQ2
