
# File: ../s_nthmc_l68_fixBV_l64_b6.log
beta: 6.7734375
nconf:  1024
nbatch:   32
BEGIN dQ2
 0 0 +/- 0                
 1 0.121915 +/- 0.00257665
 2 0.240307 +/- 0.00545178
 3 0.358258 +/- 0.00879388
 4 0.475429 +/- 0.0122863 
 5 0.589702 +/- 0.0160545 
 6 0.702726 +/- 0.0197701 
 7 0.815388 +/- 0.0234541 
 8 0.929288 +/- 0.0274625 
 9 1.04486 +/- 0.0317732  
10 1.15992 +/- 0.0361868  
11 1.27684 +/- 0.0414446  
12 1.3951 +/- 0.0470519   
13 1.51375 +/- 0.0528691  
14 1.6314 +/- 0.0591302   
15 1.74898 +/- 0.0651089  
16 1.86536 +/- 0.0713108  
17 1.98337 +/- 0.0777199  
18 2.1017 +/- 0.0844446   
19 2.21757 +/- 0.0913412  
20 2.33174 +/- 0.0988236  
21 2.44688 +/- 0.106483   
22 2.56256 +/- 0.114422   
23 2.67679 +/- 0.122655   
24 2.79091 +/- 0.13152    
25 2.90534 +/- 0.140218   
26 3.01904 +/- 0.148934   
27 3.13374 +/- 0.15756    
28 3.25119 +/- 0.166515   
29 3.36803 +/- 0.175778   
30 3.48287 +/- 0.1855     
31 3.59498 +/- 0.195626   
32 3.70533 +/- 0.205806   
33 3.81619 +/- 0.216277   
34 3.92484 +/- 0.226687   
35 4.03292 +/- 0.236884   
36 4.14028 +/- 0.246577   
37 4.2474 +/- 0.256005    
38 4.35459 +/- 0.265462   
39 4.46275 +/- 0.27497    
40 4.56993 +/- 0.284443   
41 4.6759 +/- 0.294097    
42 4.77985 +/- 0.303551   
43 4.88303 +/- 0.313225   
44 4.9854 +/- 0.322601    
45 5.08855 +/- 0.331884   
46 5.18897 +/- 0.340852   
47 5.29033 +/- 0.349841   
48 5.39267 +/- 0.358936   
49 5.49391 +/- 0.368426   
50 5.5959 +/- 0.377643    
51 5.6962 +/- 0.386984    
52 5.79533 +/- 0.396307   
53 5.89528 +/- 0.405493   
54 5.99626 +/- 0.414671   
55 6.09565 +/- 0.423714   
56 6.19263 +/- 0.432817   
57 6.28684 +/- 0.441962   
58 6.37982 +/- 0.451494   
59 6.47137 +/- 0.460654   
60 6.56308 +/- 0.469645   
61 6.65547 +/- 0.478524   
62 6.74935 +/- 0.486955   
63 6.84105 +/- 0.495572   
END dQ2
