
# File: ../s_nthmc_l64_b4_lr5e-4.log
beta: 4
nconf:  1024
nbatch:   32
BEGIN dQ2
 0 0 +/- 0              
 1 10.0433 +/- 0.0907133
 2 18.0072 +/- 0.171793 
 3 24.6507 +/- 0.280131 
 4 30.3313 +/- 0.418699 
 5 35.1357 +/- 0.564842 
 6 39.3143 +/- 0.675008 
 7 42.8394 +/- 0.812487 
 8 45.7684 +/- 0.937884 
 9 48.1508 +/- 1.04905  
10 50.0923 +/- 1.11256  
11 51.7869 +/- 1.15464  
12 53.3673 +/- 1.18894  
13 54.737 +/- 1.20419   
14 55.9104 +/- 1.23191  
15 56.864 +/- 1.22173   
16 57.6436 +/- 1.17641  
17 58.3782 +/- 1.16696  
18 59.0627 +/- 1.16577  
19 59.6879 +/- 1.14876  
20 60.2237 +/- 1.17738  
21 60.7662 +/- 1.23158  
22 61.0594 +/- 1.27301  
23 61.2471 +/- 1.33875  
24 61.5717 +/- 1.39274  
25 61.9118 +/- 1.41343  
26 62.1423 +/- 1.43519  
27 62.3828 +/- 1.46199  
28 62.6854 +/- 1.49671  
29 62.6322 +/- 1.51206  
30 62.7435 +/- 1.53005  
31 62.8297 +/- 1.53152  
32 62.8872 +/- 1.53816  
33 63.0782 +/- 1.53752  
34 63.0895 +/- 1.58502  
35 63.1938 +/- 1.58908  
36 63.2175 +/- 1.64276  
37 63.0684 +/- 1.64913  
38 62.9895 +/- 1.64438  
39 62.8058 +/- 1.64602  
40 62.6864 +/- 1.62581  
41 62.6628 +/- 1.61665  
42 62.6768 +/- 1.60103  
43 62.7272 +/- 1.60779  
44 62.6717 +/- 1.6509   
45 62.4921 +/- 1.68059  
46 62.2305 +/- 1.69592  
47 62.0045 +/- 1.69252  
48 61.6907 +/- 1.65955  
49 61.3793 +/- 1.64669  
50 61.0626 +/- 1.63346  
51 60.9714 +/- 1.63931  
52 60.9555 +/- 1.65879  
53 61.0743 +/- 1.66919  
54 61.2844 +/- 1.6362   
55 61.4864 +/- 1.60704  
56 61.551 +/- 1.58659   
57 61.6922 +/- 1.59785  
58 61.8496 +/- 1.64148  
59 61.8386 +/- 1.69964  
60 61.8854 +/- 1.73013  
61 61.7866 +/- 1.73063  
62 61.7274 +/- 1.68752  
63 61.7634 +/- 1.65376  
END dQ2
beta: 5
nconf:  1024
nbatch:   32
BEGIN dQ2
 0 0 +/- 0              
 1 1.58541 +/- 0.0198598
 2 3.04782 +/- 0.0434232
 3 4.44772 +/- 0.0738651
 4 5.82739 +/- 0.105814 
 5 7.17238 +/- 0.133842 
 6 8.48708 +/- 0.164879 
 7 9.75439 +/- 0.200553 
 8 10.9911 +/- 0.23264  
 9 12.1791 +/- 0.262022 
10 13.3107 +/- 0.294802 
11 14.414 +/- 0.33041   
12 15.4652 +/- 0.368262 
13 16.495 +/- 0.409549  
14 17.4951 +/- 0.456411 
15 18.5055 +/- 0.503046 
16 19.4519 +/- 0.541841 
17 20.3885 +/- 0.578878 
18 21.2747 +/- 0.613852 
19 22.1245 +/- 0.648669 
20 22.9701 +/- 0.686698 
21 23.7755 +/- 0.725533 
22 24.5615 +/- 0.763554 
23 25.3059 +/- 0.801604 
24 25.9967 +/- 0.835687 
25 26.6744 +/- 0.869089 
26 27.3342 +/- 0.899252 
27 27.9606 +/- 0.930943 
28 28.5891 +/- 0.96036  
29 29.1675 +/- 0.989272 
30 29.7441 +/- 1.01963  
31 30.3039 +/- 1.05018  
32 30.865 +/- 1.08127   
33 31.4124 +/- 1.11342  
34 31.9339 +/- 1.14332  
35 32.4468 +/- 1.16988  
36 32.9506 +/- 1.19328  
37 33.459 +/- 1.22295   
38 33.9765 +/- 1.25128  
39 34.4612 +/- 1.28018  
40 34.9447 +/- 1.31093  
41 35.4169 +/- 1.33628  
42 35.8778 +/- 1.37088  
43 36.314 +/- 1.40788   
44 36.7357 +/- 1.44701  
45 37.1491 +/- 1.4869   
46 37.5675 +/- 1.52162  
47 37.9976 +/- 1.55579  
48 38.4265 +/- 1.59032  
49 38.8457 +/- 1.62705  
50 39.2515 +/- 1.66557  
51 39.6169 +/- 1.70397  
52 39.9845 +/- 1.74138  
53 40.375 +/- 1.77961   
54 40.7555 +/- 1.82322  
55 41.12 +/- 1.86399    
56 41.4976 +/- 1.9045   
57 41.8699 +/- 1.94978  
58 42.2206 +/- 1.99116  
59 42.552 +/- 2.02908   
60 42.8907 +/- 2.064    
61 43.2353 +/- 2.09584  
62 43.5856 +/- 2.12632  
63 43.9462 +/- 2.16012  
END dQ2
beta: 6
nconf:  1024
nbatch:   32
BEGIN dQ2
 0 0 +/- 0                
 1 0.244043 +/- 0.0038263 
 2 0.474651 +/- 0.00679959
 3 0.699712 +/- 0.00961253
 4 0.918015 +/- 0.0133078 
 5 1.13199 +/- 0.0171903  
 6 1.34685 +/- 0.0210222  
 7 1.56081 +/- 0.025621   
 8 1.77175 +/- 0.0295283  
 9 1.98051 +/- 0.0335543  
10 2.18815 +/- 0.0386969  
11 2.38913 +/- 0.0438075  
12 2.5931 +/- 0.0492729   
13 2.79643 +/- 0.0548841  
14 3.00535 +/- 0.0610715  
15 3.21339 +/- 0.0687502  
16 3.42116 +/- 0.077004   
17 3.62624 +/- 0.0846366  
18 3.82701 +/- 0.0930798  
19 4.02982 +/- 0.101404   
20 4.23596 +/- 0.110673   
21 4.44414 +/- 0.121573   
22 4.6541 +/- 0.133056    
23 4.85752 +/- 0.14458    
24 5.06175 +/- 0.15727    
25 5.26261 +/- 0.170631   
26 5.46086 +/- 0.183859   
27 5.65829 +/- 0.19747    
28 5.85291 +/- 0.211451   
29 6.04843 +/- 0.225976   
30 6.24239 +/- 0.240388   
31 6.43744 +/- 0.254853   
32 6.63486 +/- 0.269965   
33 6.8359 +/- 0.285667    
34 7.03314 +/- 0.301904   
35 7.23215 +/- 0.318832   
36 7.43105 +/- 0.335587   
37 7.62864 +/- 0.352902   
38 7.82423 +/- 0.370014   
39 8.01957 +/- 0.387584   
40 8.21513 +/- 0.40445    
41 8.41086 +/- 0.420627   
42 8.60677 +/- 0.4367     
43 8.80212 +/- 0.452837   
44 8.99426 +/- 0.468438   
45 9.18874 +/- 0.484411   
46 9.37928 +/- 0.49961    
47 9.57005 +/- 0.515104   
48 9.76085 +/- 0.531207   
49 9.95045 +/- 0.546944   
50 10.1442 +/- 0.563091   
51 10.3364 +/- 0.579094   
52 10.5282 +/- 0.594589   
53 10.7214 +/- 0.610386   
54 10.9094 +/- 0.627053   
55 11.1004 +/- 0.644267   
56 11.2905 +/- 0.662252   
57 11.4801 +/- 0.679988   
58 11.6709 +/- 0.697511   
59 11.8577 +/- 0.715791   
60 12.0422 +/- 0.733498   
61 12.2226 +/- 0.751705   
62 12.4055 +/- 0.769985   
63 12.5851 +/- 0.78835    
END dQ2
beta: 7
nconf:  1024
nbatch:   32
BEGIN dQ2
 0 0 +/- 0                 
 1 0.0351295 +/- 0.00108843
 2 0.0694716 +/- 0.00221119
 3 0.103759 +/- 0.00324779 
 4 0.138297 +/- 0.00441087 
 5 0.173301 +/- 0.00555048 
 6 0.208313 +/- 0.00662007 
 7 0.243486 +/- 0.00767712 
 8 0.278728 +/- 0.00876199 
 9 0.314193 +/- 0.00983366 
10 0.348804 +/- 0.0108976  
11 0.383699 +/- 0.0120248  
12 0.418417 +/- 0.0132105  
13 0.453048 +/- 0.0143548  
14 0.487345 +/- 0.0155909  
15 0.521835 +/- 0.0168057  
16 0.556207 +/- 0.0179014  
17 0.590274 +/- 0.0189951  
18 0.623726 +/- 0.0201134  
19 0.656872 +/- 0.0212506  
20 0.689928 +/- 0.022435   
21 0.723392 +/- 0.0236798  
22 0.756206 +/- 0.0249509  
23 0.788524 +/- 0.0262062  
24 0.821375 +/- 0.0274737  
25 0.854573 +/- 0.0288955  
26 0.887713 +/- 0.0304547  
27 0.920449 +/- 0.0319844  
28 0.952686 +/- 0.0334494  
29 0.984768 +/- 0.0348759  
30 1.01613 +/- 0.0363443   
31 1.04777 +/- 0.0378428   
32 1.07986 +/- 0.0394554   
33 1.1122 +/- 0.0411211    
34 1.14448 +/- 0.0427762   
35 1.17682 +/- 0.0445894   
36 1.20904 +/- 0.0464155   
37 1.24132 +/- 0.048293    
38 1.27333 +/- 0.0501996   
39 1.30495 +/- 0.0521571   
40 1.33724 +/- 0.054243    
41 1.37004 +/- 0.0565173   
42 1.40246 +/- 0.0587392   
43 1.43409 +/- 0.0609381   
44 1.46604 +/- 0.0631166   
45 1.49761 +/- 0.065333    
46 1.52917 +/- 0.0674103   
47 1.56109 +/- 0.0694101   
48 1.59317 +/- 0.071455    
49 1.62583 +/- 0.0734844   
50 1.65805 +/- 0.0754238   
51 1.68981 +/- 0.0774039   
52 1.72106 +/- 0.0793306   
53 1.75245 +/- 0.0813925   
54 1.7838 +/- 0.0834007    
55 1.81514 +/- 0.0854511   
56 1.84611 +/- 0.0875348   
57 1.87762 +/- 0.0896341   
58 1.90919 +/- 0.0916945   
59 1.94087 +/- 0.0937264   
60 1.97202 +/- 0.0958077   
61 2.00299 +/- 0.0978996   
62 2.03359 +/- 0.0999555   
63 2.06458 +/- 0.101982    
END dQ2
