
# File: ../s_nthmc_l64_b5_cn10.log
beta: 4
nconf:  1024
nbatch:   32
BEGIN dQ2
 0 0 +/- 0             
 1 15.0307 +/- 0.157092
 2 25.7114 +/- 0.279443
 3 33.9636 +/- 0.385257
 4 40.1681 +/- 0.472611
 5 44.7867 +/- 0.582998
 6 48.3426 +/- 0.705793
 7 51.0704 +/- 0.814268
 8 53.3349 +/- 0.859596
 9 54.9398 +/- 0.911733
10 56.2808 +/- 0.980471
11 57.4447 +/- 1.06989 
12 58.3184 +/- 1.08571 
13 59.0954 +/- 1.10699 
14 59.6466 +/- 1.14712 
15 60.0225 +/- 1.20516 
16 60.5751 +/- 1.24684 
17 61.1015 +/- 1.27429 
18 61.3155 +/- 1.262   
19 61.4131 +/- 1.23932 
20 61.2979 +/- 1.16578 
21 61.2074 +/- 1.11585 
22 61.273 +/- 1.08893  
23 61.5318 +/- 1.05591 
24 61.7621 +/- 1.04418 
25 61.8436 +/- 1.03311 
26 61.8955 +/- 1.04009 
27 61.7486 +/- 1.06094 
28 61.5207 +/- 1.10964 
29 61.0493 +/- 1.14138 
30 60.5781 +/- 1.15916 
31 60.3441 +/- 1.17819 
32 60.1875 +/- 1.21605 
33 60.1346 +/- 1.25077 
34 60.2239 +/- 1.27906 
35 60.2308 +/- 1.27511 
36 60.067 +/- 1.28381  
37 60.1086 +/- 1.28576 
38 60.2192 +/- 1.28067 
39 60.0546 +/- 1.3156  
40 59.8532 +/- 1.30294 
41 59.9736 +/- 1.2816  
42 60.2136 +/- 1.27934 
43 60.3326 +/- 1.24892 
44 60.5793 +/- 1.25281 
45 60.5526 +/- 1.22855 
46 60.4884 +/- 1.25866 
47 60.3629 +/- 1.28472 
48 60.501 +/- 1.30643  
49 60.883 +/- 1.33934  
50 61.1024 +/- 1.38285 
51 61.382 +/- 1.39917  
52 61.5768 +/- 1.37272 
53 61.6276 +/- 1.36349 
54 61.5916 +/- 1.34514 
55 61.8601 +/- 1.31872 
56 61.8934 +/- 1.31877 
57 61.9084 +/- 1.31321 
58 62.1425 +/- 1.31197 
59 62.3784 +/- 1.32525 
60 62.4469 +/- 1.34257 
61 62.4475 +/- 1.34376 
62 62.1541 +/- 1.36153 
63 61.9686 +/- 1.2987  
END dQ2
beta: 5
nconf:  1024
nbatch:   32
BEGIN dQ2
 0 0 +/- 0              
 1 2.48363 +/- 0.0296681
 2 4.71621 +/- 0.0553307
 3 6.77017 +/- 0.0954507
 4 8.75012 +/- 0.141608 
 5 10.6916 +/- 0.189367 
 6 12.4872 +/- 0.24032  
 7 14.1738 +/- 0.293229 
 8 15.7447 +/- 0.347193 
 9 17.2212 +/- 0.397531 
10 18.6293 +/- 0.455003 
11 19.9861 +/- 0.512256 
12 21.2666 +/- 0.572516 
13 22.493 +/- 0.626746  
14 23.6635 +/- 0.677553 
15 24.8102 +/- 0.725211 
16 25.8928 +/- 0.765432 
17 26.9254 +/- 0.804708 
18 27.9433 +/- 0.847602 
19 28.8949 +/- 0.886546 
20 29.8719 +/- 0.919552 
21 30.7937 +/- 0.951144 
22 31.6252 +/- 0.983659 
23 32.4555 +/- 1.02316  
24 33.2098 +/- 1.06343  
25 33.9546 +/- 1.10371  
26 34.6025 +/- 1.14015  
27 35.2277 +/- 1.1705   
28 35.8632 +/- 1.19839  
29 36.4518 +/- 1.23673  
30 37.0091 +/- 1.27604  
31 37.5652 +/- 1.31049  
32 38.0755 +/- 1.34904  
33 38.5827 +/- 1.3886   
34 39.06 +/- 1.4269     
35 39.5004 +/- 1.45973  
36 39.916 +/- 1.49308   
37 40.3371 +/- 1.52536  
38 40.7028 +/- 1.55725  
39 41.1232 +/- 1.57489  
40 41.5116 +/- 1.59186  
41 41.856 +/- 1.60103   
42 42.1662 +/- 1.60857  
43 42.4092 +/- 1.61868  
44 42.6191 +/- 1.62496  
45 42.8073 +/- 1.63216  
46 42.9932 +/- 1.64551  
47 43.1436 +/- 1.6616   
48 43.2685 +/- 1.6724   
49 43.4139 +/- 1.68392  
50 43.5135 +/- 1.68986  
51 43.639 +/- 1.70023   
52 43.7523 +/- 1.72078  
53 43.8181 +/- 1.72998  
54 43.8612 +/- 1.7339   
55 43.8861 +/- 1.74489  
56 43.9131 +/- 1.75857  
57 43.941 +/- 1.77663   
58 44.0057 +/- 1.78977  
59 44.0853 +/- 1.80203  
60 44.1814 +/- 1.81023  
61 44.3041 +/- 1.8143   
62 44.4105 +/- 1.82251  
63 44.5403 +/- 1.82808  
END dQ2
beta: 6
nconf:  1024
nbatch:   32
BEGIN dQ2
 0 0 +/- 0                
 1 0.340726 +/- 0.00644223
 2 0.671875 +/- 0.0140421 
 3 1.00621 +/- 0.0223722  
 4 1.3383 +/- 0.0306538   
 5 1.66471 +/- 0.0387964  
 6 1.9918 +/- 0.0481007   
 7 2.30611 +/- 0.0567182  
 8 2.61891 +/- 0.0657757  
 9 2.93476 +/- 0.0758393  
10 3.24528 +/- 0.0855239  
11 3.5521 +/- 0.095862    
12 3.86154 +/- 0.107634   
13 4.17099 +/- 0.119599   
14 4.48407 +/- 0.132935   
15 4.79513 +/- 0.145842   
16 5.10293 +/- 0.159379   
17 5.40799 +/- 0.1718     
18 5.71123 +/- 0.185087   
19 6.01517 +/- 0.197257   
20 6.31356 +/- 0.210076   
21 6.60609 +/- 0.222189   
22 6.89958 +/- 0.23491    
23 7.19615 +/- 0.248036   
24 7.48787 +/- 0.260601   
25 7.7724 +/- 0.272661    
26 8.05032 +/- 0.28436    
27 8.32146 +/- 0.29567    
28 8.59701 +/- 0.306621   
29 8.87217 +/- 0.31811    
30 9.15166 +/- 0.330679   
31 9.42469 +/- 0.343754   
32 9.69292 +/- 0.356675   
33 9.95913 +/- 0.36885    
34 10.2207 +/- 0.38108    
35 10.4839 +/- 0.393687   
36 10.7474 +/- 0.406416   
37 11.0158 +/- 0.418323   
38 11.2824 +/- 0.42943    
39 11.547 +/- 0.441258    
40 11.8036 +/- 0.452278   
41 12.0579 +/- 0.463368   
42 12.3155 +/- 0.475242   
43 12.572 +/- 0.488092    
44 12.8243 +/- 0.502406   
45 13.0765 +/- 0.517419   
46 13.3308 +/- 0.531414   
47 13.591 +/- 0.545634    
48 13.8535 +/- 0.560847   
49 14.114 +/- 0.575683    
50 14.3811 +/- 0.591016   
51 14.6472 +/- 0.606141   
52 14.9042 +/- 0.621111   
53 15.1618 +/- 0.635738   
54 15.4092 +/- 0.649811   
55 15.655 +/- 0.664503    
56 15.9 +/- 0.679297      
57 16.1406 +/- 0.694575   
58 16.3782 +/- 0.709252   
59 16.6157 +/- 0.723968   
60 16.8455 +/- 0.738794   
61 17.0687 +/- 0.752961   
62 17.2896 +/- 0.76722    
63 17.5032 +/- 0.782976   
END dQ2
beta: 7
nconf:  1011
nbatch:   32
BEGIN dQ2
 0 0 +/- 0                 
 1 0.0499381 +/- 0.00194644
 2 0.0982718 +/- 0.00370698
 3 0.145926 +/- 0.00541681 
 4 0.193707 +/- 0.00718508 
 5 0.240619 +/- 0.00897777 
 6 0.287624 +/- 0.0108757  
 7 0.333945 +/- 0.0127675  
 8 0.379954 +/- 0.0147392  
 9 0.425181 +/- 0.0167672  
10 0.469936 +/- 0.0187609  
11 0.514625 +/- 0.0208754  
12 0.559591 +/- 0.0231003  
13 0.603394 +/- 0.0252816  
14 0.647098 +/- 0.0273062  
15 0.690543 +/- 0.0294306  
16 0.733668 +/- 0.0315741  
17 0.776346 +/- 0.033599   
18 0.818637 +/- 0.0356078  
19 0.860289 +/- 0.0376866  
20 0.900732 +/- 0.0396812  
21 0.942456 +/- 0.0417376  
22 0.984486 +/- 0.0438791  
23 1.02685 +/- 0.046007    
24 1.0695 +/- 0.0480594    
25 1.11229 +/- 0.0500711   
26 1.15641 +/- 0.052281    
27 1.20033 +/- 0.0545345   
28 1.24475 +/- 0.0568159   
29 1.28965 +/- 0.059264    
30 1.33403 +/- 0.0616516   
31 1.37793 +/- 0.064005    
32 1.4216 +/- 0.066439     
33 1.46418 +/- 0.069072    
34 1.50662 +/- 0.0717449   
35 1.5496 +/- 0.0745345    
36 1.59295 +/- 0.0773725   
37 1.63546 +/- 0.0803556   
38 1.67738 +/- 0.0833381   
39 1.71984 +/- 0.0864772   
40 1.76245 +/- 0.0897679   
41 1.80528 +/- 0.0931951   
42 1.84807 +/- 0.0966653   
43 1.89021 +/- 0.100362    
44 1.93256 +/- 0.103923    
45 1.97509 +/- 0.107574    
46 2.01833 +/- 0.111235    
47 2.06166 +/- 0.115017    
48 2.10559 +/- 0.118835    
49 2.14901 +/- 0.122659    
50 2.19153 +/- 0.126256    
51 2.23464 +/- 0.129873    
52 2.27786 +/- 0.13369     
53 2.32082 +/- 0.137467    
54 2.36419 +/- 0.141176    
55 2.40749 +/- 0.144952    
56 2.4498 +/- 0.148591     
57 2.49273 +/- 0.152196    
58 2.53512 +/- 0.155656    
59 2.57813 +/- 0.159243    
60 2.61948 +/- 0.162727    
61 2.66171 +/- 0.166313    
62 2.70396 +/- 0.169979    
63 2.74591 +/- 0.173718    
END dQ2
