
# File: ../s_nthmc_l64_b6_step5e-6_p7o16_8cn6_8cn8.log
beta: 5
nconf:  1024
nbatch:   32
BEGIN dQ2
 0 0 +/- 0              
 1 2.64825 +/- 0.0274783
 2 5.08491 +/- 0.0508154
 3 7.4147 +/- 0.0872844 
 4 9.58514 +/- 0.125661 
 5 11.6325 +/- 0.160091 
 6 13.5962 +/- 0.193494 
 7 15.4209 +/- 0.213155 
 8 17.1318 +/- 0.231316 
 9 18.749 +/- 0.254946  
10 20.2539 +/- 0.285653 
11 21.6653 +/- 0.316688 
12 23.0335 +/- 0.346387 
13 24.3515 +/- 0.377839 
14 25.5871 +/- 0.409745 
15 26.7279 +/- 0.45006  
16 27.8416 +/- 0.490475 
17 28.8968 +/- 0.535658 
18 29.9058 +/- 0.58605  
19 30.8546 +/- 0.62847  
20 31.7866 +/- 0.674762 
21 32.6729 +/- 0.719321 
22 33.4834 +/- 0.761846 
23 34.2515 +/- 0.802127 
24 34.9139 +/- 0.841878 
25 35.5587 +/- 0.884298 
26 36.1288 +/- 0.933249 
27 36.7124 +/- 0.978891 
28 37.2547 +/- 1.02172  
29 37.7671 +/- 1.06415  
30 38.2313 +/- 1.10887  
31 38.6658 +/- 1.13855  
32 39.0708 +/- 1.17014  
33 39.4685 +/- 1.20564  
34 39.8792 +/- 1.23824  
35 40.2659 +/- 1.27588  
36 40.6092 +/- 1.3059   
37 40.9209 +/- 1.3302   
38 41.1688 +/- 1.35522  
39 41.4291 +/- 1.38894  
40 41.7022 +/- 1.4096   
41 42.0157 +/- 1.42112  
42 42.3241 +/- 1.42248  
43 42.6102 +/- 1.42079  
44 42.8346 +/- 1.41348  
45 43.0498 +/- 1.40734  
46 43.2772 +/- 1.3887   
47 43.5254 +/- 1.37806  
48 43.7654 +/- 1.3776   
49 43.9605 +/- 1.37243  
50 44.165 +/- 1.36577   
51 44.3866 +/- 1.35411  
52 44.5701 +/- 1.35737  
53 44.7402 +/- 1.36008  
54 44.8962 +/- 1.36837  
55 45.0501 +/- 1.37606  
56 45.2055 +/- 1.38715  
57 45.3561 +/- 1.40275  
58 45.5167 +/- 1.41495  
59 45.6615 +/- 1.43192  
60 45.8015 +/- 1.44537  
61 45.87 +/- 1.4634     
62 45.9202 +/- 1.48397  
63 45.9657 +/- 1.50357  
END dQ2
beta: 6
nconf:  1024
nbatch:   32
BEGIN dQ2
 0 0 +/- 0                
 1 0.372709 +/- 0.00607331
 2 0.731807 +/- 0.0118631 
 3 1.0823 +/- 0.0184919   
 4 1.42411 +/- 0.0256753  
 5 1.76405 +/- 0.0339976  
 6 2.09455 +/- 0.0435305  
 7 2.42902 +/- 0.0534568  
 8 2.75877 +/- 0.0627374  
 9 3.08938 +/- 0.0723366  
10 3.41494 +/- 0.0815341  
11 3.73343 +/- 0.0913127  
12 4.05231 +/- 0.101816   
13 4.3622 +/- 0.1136      
14 4.67005 +/- 0.125025   
15 4.97485 +/- 0.136939   
16 5.27474 +/- 0.149206   
17 5.57395 +/- 0.162289   
18 5.87105 +/- 0.176265   
19 6.16754 +/- 0.190902   
20 6.46747 +/- 0.206293   
21 6.76321 +/- 0.22133    
22 7.05807 +/- 0.236532   
23 7.34235 +/- 0.249865   
24 7.62353 +/- 0.262916   
25 7.90128 +/- 0.275494   
26 8.1762 +/- 0.287998    
27 8.44252 +/- 0.299921   
28 8.70592 +/- 0.31403    
29 8.96627 +/- 0.327733   
30 9.22837 +/- 0.342265   
31 9.48747 +/- 0.357657   
32 9.74433 +/- 0.372534   
33 9.99546 +/- 0.387288   
34 10.246 +/- 0.402889    
35 10.5016 +/- 0.418669   
36 10.7518 +/- 0.435479   
37 10.9999 +/- 0.452886   
38 11.2409 +/- 0.470474   
39 11.4779 +/- 0.487391   
40 11.7114 +/- 0.502756   
41 11.9441 +/- 0.518353   
42 12.1664 +/- 0.533397   
43 12.3847 +/- 0.54897    
44 12.6069 +/- 0.564568   
45 12.8292 +/- 0.57861    
46 13.0519 +/- 0.590959   
47 13.2737 +/- 0.60377    
48 13.5044 +/- 0.618468   
49 13.7363 +/- 0.633956   
50 13.9656 +/- 0.649198   
51 14.1885 +/- 0.666082   
52 14.4085 +/- 0.683498   
53 14.6357 +/- 0.700995   
54 14.8615 +/- 0.719495   
55 15.0902 +/- 0.736946   
56 15.3145 +/- 0.755195   
57 15.5378 +/- 0.774284   
58 15.7645 +/- 0.794349   
59 15.985 +/- 0.814846    
60 16.2131 +/- 0.835797   
61 16.4347 +/- 0.857569   
62 16.6524 +/- 0.880278   
63 16.8647 +/- 0.902478   
END dQ2
beta: 7
nconf:  1024
nbatch:   32
BEGIN dQ2
 0 0 +/- 0                 
 1 0.0558407 +/- 0.00195195
 2 0.110598 +/- 0.00384611 
 3 0.165249 +/- 0.00580944 
 4 0.219485 +/- 0.00771557 
 5 0.273675 +/- 0.00954858 
 6 0.328033 +/- 0.0112995  
 7 0.38216 +/- 0.0131142   
 8 0.436547 +/- 0.0148944  
 9 0.490209 +/- 0.0168232  
10 0.543855 +/- 0.0187849  
11 0.598223 +/- 0.0208849  
12 0.653131 +/- 0.0230867  
13 0.707901 +/- 0.0252851  
14 0.762778 +/- 0.0275013  
15 0.818508 +/- 0.0299443  
16 0.875744 +/- 0.0326259  
17 0.932752 +/- 0.0355244  
18 0.989469 +/- 0.0384681  
19 1.04614 +/- 0.0411401   
20 1.10299 +/- 0.0439167   
21 1.15971 +/- 0.0468097   
22 1.21591 +/- 0.0498041   
23 1.27067 +/- 0.0527189   
24 1.32581 +/- 0.0556046   
25 1.38097 +/- 0.0585913   
26 1.43609 +/- 0.0616897   
27 1.49122 +/- 0.0648323   
28 1.54647 +/- 0.068038    
29 1.60148 +/- 0.0712773   
30 1.65675 +/- 0.0748607   
31 1.71211 +/- 0.0784719   
32 1.76789 +/- 0.0821463   
33 1.82287 +/- 0.0857146   
34 1.87753 +/- 0.0892171   
35 1.9321 +/- 0.0927379    
36 1.98697 +/- 0.0961221   
37 2.04145 +/- 0.0995227   
38 2.09587 +/- 0.103009    
39 2.15076 +/- 0.106551    
40 2.20592 +/- 0.110235    
41 2.26129 +/- 0.113941    
42 2.31689 +/- 0.117581    
43 2.37258 +/- 0.121091    
44 2.42733 +/- 0.1244      
45 2.48212 +/- 0.127625    
46 2.53697 +/- 0.130957    
47 2.59186 +/- 0.134088    
48 2.64812 +/- 0.137286    
49 2.70407 +/- 0.140704    
50 2.7603 +/- 0.144273     
51 2.81578 +/- 0.147794    
52 2.87188 +/- 0.151456    
53 2.92791 +/- 0.155195    
54 2.98425 +/- 0.158954    
55 3.04092 +/- 0.162806    
56 3.0972 +/- 0.166841     
57 3.1516 +/- 0.170834     
58 3.2062 +/- 0.174941     
59 3.25968 +/- 0.178975    
60 3.31344 +/- 0.183088    
61 3.3666 +/- 0.187265     
62 3.41986 +/- 0.191509    
63 3.47324 +/- 0.195883    
END dQ2
