
# File: ../s_nthmc_l76_fixBV_l64_b5.log
beta: 7.05078125
nconf:  1024
nbatch:   32
BEGIN dQ2
 0 0 +/- 0                
 1 0.0667766 +/- 0.0018374
 2 0.131635 +/- 0.0034094 
 3 0.196835 +/- 0.00507281
 4 0.261397 +/- 0.00670662
 5 0.324859 +/- 0.00829512
 6 0.388046 +/- 0.00989653
 7 0.450897 +/- 0.011696  
 8 0.514333 +/- 0.0135624 
 9 0.578602 +/- 0.0155628 
10 0.64306 +/- 0.0177995  
11 0.707675 +/- 0.0200103 
12 0.770658 +/- 0.0221287 
13 0.833457 +/- 0.0243043 
14 0.89573 +/- 0.026678   
15 0.957941 +/- 0.0290101 
16 1.01962 +/- 0.0313781  
17 1.08342 +/- 0.0337608  
18 1.14625 +/- 0.0358558  
19 1.20752 +/- 0.0383232  
20 1.26914 +/- 0.0409355  
21 1.33073 +/- 0.0434748  
22 1.39278 +/- 0.0460907  
23 1.45498 +/- 0.0488932  
24 1.5165 +/- 0.0516466   
25 1.57698 +/- 0.054521   
26 1.63834 +/- 0.0575329  
27 1.70035 +/- 0.0606356  
28 1.76249 +/- 0.0637476  
29 1.82437 +/- 0.0669654  
30 1.88572 +/- 0.0701904  
31 1.94556 +/- 0.0732092  
32 2.00491 +/- 0.0764221  
33 2.06496 +/- 0.0796115  
34 2.1261 +/- 0.083018    
35 2.18658 +/- 0.0865283  
36 2.24674 +/- 0.0900362  
37 2.3069 +/- 0.0936668   
38 2.36736 +/- 0.0974556  
39 2.42652 +/- 0.10106    
40 2.48371 +/- 0.104554   
41 2.5406 +/- 0.108042    
42 2.59967 +/- 0.11164    
43 2.65873 +/- 0.115167   
44 2.71859 +/- 0.118709   
45 2.77716 +/- 0.122288   
46 2.8349 +/- 0.125587    
47 2.89186 +/- 0.129136   
48 2.94787 +/- 0.132793   
49 3.00468 +/- 0.136586   
50 3.0624 +/- 0.140537    
51 3.12018 +/- 0.144471   
52 3.17731 +/- 0.148389   
53 3.23326 +/- 0.152298   
54 3.28872 +/- 0.156556   
55 3.34314 +/- 0.160998   
56 3.39673 +/- 0.165516   
57 3.45111 +/- 0.169948   
58 3.50563 +/- 0.174153   
59 3.56082 +/- 0.178422   
60 3.61443 +/- 0.182468   
61 3.66852 +/- 0.186757   
62 3.72343 +/- 0.191179   
63 3.77793 +/- 0.195669   
END dQ2
