
# File: ../t_force_b25_0.log
beta: 3
nconf:  1024
nbatch:   64
BEGIN dQ2
 0 0 +/- 0                
 1 0.684384 +/- 0.00495364
 2 1.17713 +/- 0.00971513 
 3 1.60924 +/- 0.0150294  
 4 2.00348 +/- 0.0209081  
 5 2.36261 +/- 0.0254029  
 6 2.69694 +/- 0.030568   
 7 2.99863 +/- 0.0371125  
 8 3.27308 +/- 0.0435716  
 9 3.52129 +/- 0.0496216  
10 3.74072 +/- 0.0534664  
11 3.93631 +/- 0.0577054  
12 4.10954 +/- 0.0626007  
13 4.26632 +/- 0.0664338  
14 4.41761 +/- 0.0701255  
15 4.55547 +/- 0.0738024  
16 4.6808 +/- 0.0781739   
17 4.78961 +/- 0.0820583  
18 4.88688 +/- 0.0855206  
19 4.97142 +/- 0.0894058  
20 5.04781 +/- 0.0930641  
21 5.12305 +/- 0.095338   
22 5.18607 +/- 0.0985786  
23 5.24276 +/- 0.102479   
24 5.29008 +/- 0.105937   
25 5.33222 +/- 0.108911   
26 5.37469 +/- 0.110835   
27 5.41214 +/- 0.112583   
28 5.44589 +/- 0.112843   
29 5.47018 +/- 0.11333    
30 5.49057 +/- 0.114347   
31 5.51164 +/- 0.114097   
32 5.54089 +/- 0.114369   
33 5.56305 +/- 0.116085   
34 5.58595 +/- 0.117142   
35 5.60219 +/- 0.118135   
36 5.62432 +/- 0.118164   
37 5.64007 +/- 0.118986   
38 5.65392 +/- 0.119748   
39 5.67674 +/- 0.119617   
40 5.68975 +/- 0.118909   
41 5.6975 +/- 0.118751    
42 5.70034 +/- 0.118611   
43 5.70061 +/- 0.117876   
44 5.70829 +/- 0.117581   
45 5.71481 +/- 0.118048   
46 5.72145 +/- 0.119271   
47 5.72147 +/- 0.120575   
48 5.72954 +/- 0.1219     
49 5.73505 +/- 0.122443   
50 5.73972 +/- 0.122729   
51 5.74854 +/- 0.123268   
52 5.75817 +/- 0.123587   
53 5.7617 +/- 0.124263    
54 5.76308 +/- 0.125838   
55 5.76559 +/- 0.127389   
56 5.76603 +/- 0.127999   
57 5.76724 +/- 0.129068   
58 5.76782 +/- 0.130335   
59 5.76467 +/- 0.131845   
60 5.76964 +/- 0.133186   
61 5.77155 +/- 0.134317   
62 5.7711 +/- 0.135113    
63 5.76699 +/- 0.136761   
END dQ2
beta: 4
nconf:  1024
nbatch:   64
BEGIN dQ2
 0 0 +/- 0                
 1 0.155013 +/- 0.00178507
 2 0.28495 +/- 0.00334052 
 3 0.40778 +/- 0.0050192  
 4 0.525797 +/- 0.00674102
 5 0.639521 +/- 0.00848964
 6 0.74891 +/- 0.0106186  
 7 0.85558 +/- 0.0124743  
 8 0.957047 +/- 0.0142963 
 9 1.0559 +/- 0.0163061   
10 1.15169 +/- 0.0182069  
11 1.24283 +/- 0.02031    
12 1.33127 +/- 0.0222022  
13 1.4177 +/- 0.0241086   
14 1.49986 +/- 0.0258296  
15 1.57675 +/- 0.0277104  
16 1.65034 +/- 0.0297197  
17 1.72043 +/- 0.0320255  
18 1.78944 +/- 0.0342623  
19 1.85446 +/- 0.0362013  
20 1.9173 +/- 0.0380962   
21 1.98025 +/- 0.0399391  
22 2.04204 +/- 0.0417271  
23 2.10027 +/- 0.0436728  
24 2.15733 +/- 0.0455863  
25 2.21141 +/- 0.0476459  
26 2.26298 +/- 0.0495215  
27 2.31471 +/- 0.051278   
28 2.36493 +/- 0.0533823  
29 2.41575 +/- 0.0553407  
30 2.46462 +/- 0.0574164  
31 2.51227 +/- 0.0595165  
32 2.55708 +/- 0.0614908  
33 2.60204 +/- 0.0633394  
34 2.64612 +/- 0.0652471  
35 2.68758 +/- 0.0668032  
36 2.72829 +/- 0.0683239  
37 2.76613 +/- 0.0699203  
38 2.80302 +/- 0.0716843  
39 2.83872 +/- 0.073341   
40 2.87405 +/- 0.0750471  
41 2.90881 +/- 0.0767167  
42 2.94211 +/- 0.0784204  
43 2.97343 +/- 0.0798849  
44 3.00536 +/- 0.0815138  
45 3.03653 +/- 0.0829053  
46 3.06648 +/- 0.0840923  
47 3.09535 +/- 0.0853884  
48 3.12305 +/- 0.0865052  
49 3.14984 +/- 0.0875432  
50 3.17396 +/- 0.0885866  
51 3.19717 +/- 0.0896538  
52 3.21923 +/- 0.0907516  
53 3.24036 +/- 0.0917006  
54 3.26074 +/- 0.0924142  
55 3.27991 +/- 0.0932694  
56 3.29876 +/- 0.0940112  
57 3.31584 +/- 0.0946236  
58 3.33277 +/- 0.095301   
59 3.34859 +/- 0.0961253  
60 3.36536 +/- 0.0969812  
61 3.38151 +/- 0.0978298  
62 3.39766 +/- 0.0988981  
63 3.41384 +/- 0.0999748  
END dQ2
beta: 5
nconf:  1024
nbatch:   64
BEGIN dQ2
 0 0 +/- 0                  
 1 0.0317082 +/- 0.000945694
 2 0.0595799 +/- 0.00176654 
 3 0.0864808 +/- 0.00259286 
 4 0.112929 +/- 0.00339188  
 5 0.138892 +/- 0.00419012  
 6 0.164508 +/- 0.00499628  
 7 0.189528 +/- 0.00577457  
 8 0.213998 +/- 0.0064726   
 9 0.238162 +/- 0.00716971  
10 0.262312 +/- 0.00791435  
11 0.285954 +/- 0.00866654  
12 0.309705 +/- 0.00947762  
13 0.333673 +/- 0.0103239   
14 0.357488 +/- 0.0111849   
15 0.381318 +/- 0.0120945   
16 0.40501 +/- 0.0130218    
17 0.428594 +/- 0.0139848   
18 0.451991 +/- 0.014936    
19 0.475218 +/- 0.0158886   
20 0.498132 +/- 0.0168466   
21 0.521358 +/- 0.0178158   
22 0.544848 +/- 0.0188391   
23 0.568041 +/- 0.0198841   
24 0.590891 +/- 0.0209334   
25 0.613661 +/- 0.021954    
26 0.636006 +/- 0.0229211   
27 0.658381 +/- 0.0238976   
28 0.680503 +/- 0.024851    
29 0.702371 +/- 0.0258155   
30 0.723827 +/- 0.0268394   
31 0.744918 +/- 0.0278643   
32 0.766192 +/- 0.02888     
33 0.78732 +/- 0.0298594    
34 0.808349 +/- 0.0308108   
35 0.828662 +/- 0.0318115   
36 0.848874 +/- 0.0328636   
37 0.868858 +/- 0.033888    
38 0.888533 +/- 0.034915    
39 0.908185 +/- 0.0359595   
40 0.927671 +/- 0.0369954   
41 0.947148 +/- 0.0380559   
42 0.966729 +/- 0.0391458   
43 0.986175 +/- 0.0402402   
44 1.00539 +/- 0.0412651    
45 1.0245 +/- 0.0423043     
46 1.04365 +/- 0.0433521    
47 1.0629 +/- 0.0443907     
48 1.08182 +/- 0.0454084    
49 1.10035 +/- 0.0463993    
50 1.11895 +/- 0.0473893    
51 1.13754 +/- 0.0483778    
52 1.15602 +/- 0.0494133    
53 1.17432 +/- 0.0504559    
54 1.19259 +/- 0.051516     
55 1.21072 +/- 0.0525964    
56 1.22884 +/- 0.0536767    
57 1.24667 +/- 0.0547369    
58 1.26477 +/- 0.055779     
59 1.28298 +/- 0.0568575    
60 1.30047 +/- 0.0579116    
61 1.31785 +/- 0.0589203    
62 1.33426 +/- 0.0599315    
63 1.35071 +/- 0.0609446    
END dQ2
beta: 6
nconf:  1024
nbatch:   64
BEGIN dQ2
 0 0 +/- 0                   
 1 0.00462793 +/- 0.000273001
 2 0.00908146 +/- 0.000529096
 3 0.0135437 +/- 0.000794795 
 4 0.0179228 +/- 0.00104523  
 5 0.0222491 +/- 0.00129213  
 6 0.0265686 +/- 0.00153854  
 7 0.0308659 +/- 0.00178741  
 8 0.0351562 +/- 0.00204565  
 9 0.0393627 +/- 0.00229292  
10 0.0435774 +/- 0.00254273  
11 0.0478622 +/- 0.0028025   
12 0.0522017 +/- 0.00307396  
13 0.0565344 +/- 0.00333419  
14 0.0608137 +/- 0.00359556  
15 0.0651016 +/- 0.00386001  
16 0.0694289 +/- 0.00413569  
17 0.0737959 +/- 0.0044158   
18 0.0781716 +/- 0.00469754  
19 0.0825093 +/- 0.00497914  
20 0.0868401 +/- 0.00525887  
21 0.0911329 +/- 0.0055374   
22 0.0954341 +/- 0.00581742  
23 0.0997752 +/- 0.00610702  
24 0.104125 +/- 0.00639791   
25 0.108515 +/- 0.00668665   
26 0.112866 +/- 0.00696727   
27 0.117164 +/- 0.00724493   
28 0.121502 +/- 0.00752346   
29 0.125785 +/- 0.00779744   
30 0.130062 +/- 0.00807235   
31 0.134284 +/- 0.00833853   
32 0.138483 +/- 0.00860449   
33 0.142643 +/- 0.00887671   
34 0.146812 +/- 0.0091496    
35 0.150957 +/- 0.00942697   
36 0.155048 +/- 0.00969967   
37 0.159084 +/- 0.00997109   
38 0.163128 +/- 0.0102465    
39 0.16718 +/- 0.0105241     
40 0.171256 +/- 0.0108134    
41 0.175404 +/- 0.0111129    
42 0.179592 +/- 0.0114103    
43 0.183789 +/- 0.0117097    
44 0.187899 +/- 0.01199      
45 0.192001 +/- 0.0122687    
46 0.196095 +/- 0.0125451    
47 0.200182 +/- 0.0128204    
48 0.204278 +/- 0.0130975    
49 0.208269 +/- 0.0133457    
50 0.212301 +/- 0.0135995    
51 0.216373 +/- 0.0138639    
52 0.220518 +/- 0.0141436    
53 0.224672 +/- 0.014428     
54 0.228866 +/- 0.0147212    
55 0.233085 +/- 0.0150236    
56 0.237297 +/- 0.0153271    
57 0.241501 +/- 0.0156275    
58 0.245681 +/- 0.0159311    
59 0.24979 +/- 0.0162325     
60 0.253922 +/- 0.0165314    
61 0.258032 +/- 0.0168301    
62 0.262133 +/- 0.0171267    
63 0.266275 +/- 0.0174286    
END dQ2
beta: 7
nconf:  1024
nbatch:   64
BEGIN dQ2
 0 0 +/- 0                   
 1 0.000687317 +/- 8.89146e-5
 2 0.0013454 +/- 0.000173656 
 3 0.00200477 +/- 0.000260333
 4 0.00266544 +/- 0.00034763 
 5 0.0033274 +/- 0.000435278 
 6 0.00399067 +/- 0.000523188
 7 0.00465524 +/- 0.000611322
 8 0.00532111 +/- 0.000699662
 9 0.0059883 +/- 0.000788197 
10 0.0066568 +/- 0.000876922 
11 0.00732663 +/- 0.000965833
12 0.00799778 +/- 0.00105493 
13 0.00867025 +/- 0.0011442  
14 0.00934406 +/- 0.00123366 
15 0.0100192 +/- 0.0013233   
16 0.0106957 +/- 0.00141313  
17 0.0113735 +/- 0.00150313  
18 0.0120527 +/- 0.00159331  
19 0.0127021 +/- 0.0016766   
20 0.0133528 +/- 0.00176055  
21 0.0140049 +/- 0.00184509  
22 0.0146582 +/- 0.00193018  
23 0.0153128 +/- 0.00201577  
24 0.0159688 +/- 0.00210182  
25 0.016626 +/- 0.0021883    
26 0.0172846 +/- 0.00227518  
27 0.0179445 +/- 0.00236244  
28 0.0186057 +/- 0.00245006  
29 0.0192682 +/- 0.00253801  
30 0.0199321 +/- 0.0026263   
31 0.0205973 +/- 0.00271489  
32 0.0212639 +/- 0.00280379  
33 0.0219318 +/- 0.00289298  
34 0.0225852 +/- 0.00298151  
35 0.02324 +/- 0.00307038    
36 0.0238803 +/- 0.00315863  
37 0.0245536 +/- 0.00325523  
38 0.0252282 +/- 0.00335251  
39 0.0259042 +/- 0.00345045  
40 0.0265816 +/- 0.003549    
41 0.0272603 +/- 0.00364813  
42 0.0279404 +/- 0.00374782  
43 0.0286219 +/- 0.00384805  
44 0.0293048 +/- 0.00394879  
45 0.0299891 +/- 0.00405001  
46 0.0306748 +/- 0.00415171  
47 0.0313619 +/- 0.00425386  
48 0.0320345 +/- 0.00435548  
49 0.0327083 +/- 0.00445758  
50 0.0333836 +/- 0.00456015  
51 0.0340603 +/- 0.00466317  
52 0.0347383 +/- 0.00476662  
53 0.0354177 +/- 0.0048705   
54 0.0360986 +/- 0.0049748   
55 0.0367808 +/- 0.00507949  
56 0.0374645 +/- 0.00518458  
57 0.0381334 +/- 0.00528908  
58 0.0388037 +/- 0.00539399  
59 0.0394754 +/- 0.00549932  
60 0.0401485 +/- 0.00560505  
61 0.0408067 +/- 0.00570498  
62 0.0414663 +/- 0.00580523  
63 0.0421273 +/- 0.00590578  
END dQ2
