
# File: ../t_force_b25_0s6ac.log
beta: 3
nconf:  1024
nbatch:    2
BEGIN dQ2
 0 0 +/- 0              
 1 5.67546 +/- 0.112414 
 2 7.91536 +/- 0.230431 
 3 9.74829 +/- 0.334966 
 4 11.2794 +/- 0.0362745
 5 12.5535 +/- 0.228656 
 6 13.8158 +/- 0.233301 
 7 15.1037 +/- 0.323992 
 8 16.4154 +/- 0.445866 
 9 17.3369 +/- 0.559606 
10 18.4162 +/- 0.207101 
11 19.0977 +/- 0.299112 
12 20.1403 +/- 0.571146 
13 21.5994 +/- 0.718101 
14 22.5099 +/- 1.10594  
15 23.6056 +/- 1.23786  
16 24.4097 +/- 1.33433  
17 25.7711 +/- 1.61917  
18 26.5432 +/- 1.72316  
19 27.4886 +/- 2.23781  
20 28.5035 +/- 2.60209  
21 29.0748 +/- 2.6341   
22 30.0993 +/- 2.78393  
23 30.9206 +/- 2.71878  
24 31.4945 +/- 2.6385   
25 32.0465 +/- 2.45295  
26 33.011 +/- 2.42986   
27 33.6555 +/- 2.09077  
28 34.371 +/- 1.64608   
29 34.993 +/- 1.42814   
30 35.8768 +/- 1.57897  
31 36.2638 +/- 1.53575  
32 37.0237 +/- 1.51462  
33 37.6403 +/- 1.78759  
34 38.7015 +/- 1.68737  
35 39.4747 +/- 1.8458   
36 40.3649 +/- 1.77176  
37 40.7391 +/- 1.64184  
38 41.8438 +/- 1.55781  
39 43.1112 +/- 0.859391 
40 44.03 +/- 0.82063    
41 45.1043 +/- 0.425738 
42 45.9262 +/- 0.571792 
43 47.0596 +/- 0.546891 
44 48.1944 +/- 0.630102 
45 49.6093 +/- 0.251788 
46 50.888 +/- 0.392127  
47 52.0036 +/- 0.339304 
48 52.814 +/- 0.155225  
49 53.9 +/- 0.287692    
50 54.9615 +/- 0.536448 
51 55.9332 +/- 0.522097 
52 56.7299 +/- 0.724794 
53 57.6468 +/- 0.895984 
54 58.2825 +/- 1.15155  
55 58.871 +/- 1.29102   
56 59.6116 +/- 1.08264  
57 60.3273 +/- 1.05739  
58 61.2899 +/- 0.953416 
59 62.3041 +/- 0.955959 
60 63.4113 +/- 1.06068  
61 64.2009 +/- 1.06179  
62 65.2594 +/- 1.15748  
63 66.0978 +/- 1.27992  
END dQ2
beta: 4
nconf:  1024
nbatch:    2
BEGIN dQ2
 0 0 +/- 0               
 1 1.0738 +/- 0.0640274  
 2 1.57779 +/- 0.0738748 
 3 1.95054 +/- 0.0445642 
 4 2.35735 +/- 0.0485294 
 5 2.6894 +/- 0.095682   
 6 2.98723 +/- 0.134578  
 7 3.25369 +/- 0.117994  
 8 3.51476 +/- 0.167323  
 9 3.79212 +/- 0.169458  
10 4.03057 +/- 0.16568   
11 4.3307 +/- 0.278381   
12 4.59783 +/- 0.26087   
13 4.87834 +/- 0.283877  
14 5.15 +/- 0.320297     
15 5.39247 +/- 0.338949  
16 5.68006 +/- 0.340774  
17 5.95879 +/- 0.389772  
18 6.23111 +/- 0.430915  
19 6.51244 +/- 0.400995  
20 6.78137 +/- 0.362052  
21 7.03091 +/- 0.337986  
22 7.29341 +/- 0.325349  
23 7.50999 +/- 0.256244  
24 7.7385 +/- 0.2115     
25 7.93093 +/- 0.173173  
26 8.11222 +/- 0.186373  
27 8.28536 +/- 0.147944  
28 8.51456 +/- 0.0245984 
29 8.78492 +/- 0.0281407 
30 9.04225 +/- 0.00100604
31 9.32528 +/- 0.0654582 
32 9.61744 +/- 0.0357863 
33 9.91423 +/- 0.0110999 
34 10.1783 +/- 0.0328283 
35 10.4818 +/- 0.118807  
36 10.7799 +/- 0.128036  
37 11.0881 +/- 0.133739  
38 11.3149 +/- 0.157708  
39 11.5538 +/- 0.162944  
40 11.8476 +/- 0.212398  
41 12.0595 +/- 0.318922  
42 12.2958 +/- 0.368126  
43 12.4959 +/- 0.443935  
44 12.7291 +/- 0.409694  
45 13.0409 +/- 0.416752  
46 13.3369 +/- 0.437117  
47 13.6817 +/- 0.365404  
48 13.9616 +/- 0.371414  
49 14.2703 +/- 0.361538  
50 14.5041 +/- 0.443532  
51 14.7734 +/- 0.469168  
52 15.0545 +/- 0.410494  
53 15.378 +/- 0.38826    
54 15.7531 +/- 0.342784  
55 16.0413 +/- 0.429309  
56 16.3621 +/- 0.522211  
57 16.7146 +/- 0.571872  
58 17.117 +/- 0.637681   
59 17.4948 +/- 0.705181  
60 17.9103 +/- 0.730809  
61 18.3489 +/- 0.695742  
62 18.7147 +/- 0.743763  
63 19.115 +/- 0.663371   
END dQ2
beta: 5
nconf:  1024
nbatch:    2
BEGIN dQ2
 0 0 +/- 0                 
 1 0.156891 +/- 0.000488759
 2 0.228963 +/- 0.00391389 
 3 0.302155 +/- 0.000489716
 4 0.371569 +/- 0.000980392
 5 0.428361 +/- 0.00245339 
 6 0.484283 +/- 0.0108055  
 7 0.536382 +/- 0.00245821 
 8 0.580709 +/- 0.00393701 
 9 0.625123 +/- 0.0044335  
10 0.658284 +/- 0.00739645 
11 0.69151 +/- 0.00444225  
12 0.734684 +/- 0.00543478 
13 0.772997 +/- 0.0133531  
14 0.815347 +/- 0.0113861  
15 0.869673 +/- 0.0133796  
16 0.918651 +/- 0.0208333  
17 0.968222 +/- 0.0238332  
18 1.01789 +/- 0.0168986   
19 1.06667 +/- 0.0169154   
20 1.10408 +/- 0.0114542   
21 1.15005 +/- 0.000498504 
22 1.19511 +/- 0.00149701  
23 1.23676 +/- 0.016983    
24 1.276 +/- 0.01          
25 1.31732 +/- 0.011011    
26 1.3502 +/- 0.00751503   
27 1.38917 +/- 0.00501505  
28 1.43323 +/- 0.00251004  
29 1.48241 +/- 0.00100503  
30 1.52867 +/- 0.00352113  
31 1.56798 +/- 0.0110775   
32 1.62046 +/- 0.00957661  
33 1.6559 +/- 0.00908174   
34 1.69444 +/- 0.0116162   
35 1.74014 +/- 0.0171891   
36 1.78543 +/- 0.0151822   
37 1.83181 +/- 0.0182371   
38 1.86511 +/- 0.0243408   
39 1.90305 +/- 0.0228426   
40 1.93801 +/- 0.0325203   
41 1.97253 +/- 0.0376399   
42 2.00204 +/- 0.0274949   
43 2.03211 +/- 0.0259939   
44 2.06939 +/- 0.0153061   
45 2.10317 +/- 0.0214505   
46 2.14008 +/- 0.0224949   
47 2.16888 +/- 0.0276356   
48 2.20389 +/- 0.0307377   
49 2.24513 +/- 0.0420513   
50 2.27156 +/- 0.0436345   
51 2.29856 +/- 0.0457348   
52 2.32665 +/- 0.0468107   
53 2.36663 +/- 0.0514933   
54 2.39227 +/- 0.0541237   
55 2.42621 +/- 0.0464396   
56 2.45403 +/- 0.0428719   
57 2.48397 +/- 0.0392968   
58 2.51553 +/- 0.0362319   
59 2.54508 +/- 0.0331606   
60 2.57002 +/- 0.0243776   
61 2.59398 +/- 0.0332295   
62 2.62474 +/- 0.029106    
63 2.67014 +/- 0.0332986   
END dQ2
beta: 6
nconf:  1024
nbatch:    2
BEGIN dQ2
 0 0 +/- 0                 
 1 0.0356794 +/- 0.00342131
 2 0.0528376 +/- 0.00391389
 3 0.0710088 +/- 0.0093046 
 4 0.0882353 +/- 0.0137255 
 5 0.103533 +/- 0.0201178  
 6 0.119843 +/- 0.0275049  
 7 0.137168 +/- 0.0358899  
 8 0.155512 +/- 0.0433071  
 9 0.172906 +/- 0.0497537  
10 0.189349 +/- 0.0552268  
11 0.205824 +/- 0.0607108  
12 0.22332 +/- 0.0671937   
13 0.240851 +/- 0.0776459  
14 0.258416 +/- 0.0841584  
15 0.275025 +/- 0.0916749  
16 0.291667 +/- 0.0992063  
17 0.307349 +/- 0.10576    
18 0.324056 +/- 0.11332    
19 0.338806 +/- 0.118905   
20 0.354582 +/- 0.125498   
21 0.371386 +/- 0.131107   
22 0.387226 +/- 0.137725   
23 0.402098 +/- 0.145355   
24 0.418 +/- 0.152         
25 0.433934 +/- 0.158659   
26 0.449399 +/- 0.162826   
27 0.464393 +/- 0.166499   
28 0.480422 +/- 0.171185   
29 0.494975 +/- 0.179397   
30 0.509557 +/- 0.185614   
31 0.523162 +/- 0.19285    
32 0.534778 +/- 0.202117   
33 0.550454 +/- 0.207366   
34 0.564141 +/- 0.214646   
35 0.58089 +/- 0.222952    
36 0.59413 +/- 0.229757    
37 0.606383 +/- 0.237589   
38 0.619675 +/- 0.244422   
39 0.629949 +/- 0.250254   
40 0.643801 +/- 0.258638   
41 0.656663 +/- 0.263988   
42 0.671589 +/- 0.271385   
43 0.686544 +/- 0.278797   
44 0.704592 +/- 0.287245   
45 0.717569 +/- 0.298774   
46 0.730573 +/- 0.306237   
47 0.744626 +/- 0.316786   
48 0.759734 +/- 0.324283   
49 0.775897 +/- 0.334872   
50 0.790041 +/- 0.343429   
51 0.806269 +/- 0.349949   
52 0.821502 +/- 0.35751    
53 0.835736 +/- 0.364058   
54 0.852062 +/- 0.37268    
55 0.868421 +/- 0.381321   
56 0.885847 +/- 0.391012   
57 0.902275 +/- 0.39969    
58 0.917702 +/- 0.40735    
59 0.934197 +/- 0.416062   
60 0.951763 +/- 0.42583    
61 0.967809 +/- 0.436137   
62 0.985967 +/- 0.446466   
63 1.00416 +/- 0.456816    
END dQ2
