
# File: ../t_force_b25_3.log
beta: 3
nconf:  1024
nbatch:   64
BEGIN dQ2
 0 0 +/- 0                
 1 0.626069 +/- 0.00456486
 2 1.06372 +/- 0.0091017  
 3 1.45729 +/- 0.0143427  
 4 1.81771 +/- 0.0202226  
 5 2.15068 +/- 0.0254514  
 6 2.44964 +/- 0.0309592  
 7 2.71858 +/- 0.0357119  
 8 2.96706 +/- 0.0405794  
 9 3.20038 +/- 0.0457689  
10 3.40933 +/- 0.0513049  
11 3.59228 +/- 0.0569414  
12 3.76055 +/- 0.0628192  
13 3.91563 +/- 0.0686917  
14 4.05696 +/- 0.0729061  
15 4.18522 +/- 0.0763349  
16 4.30542 +/- 0.0796887  
17 4.41266 +/- 0.0827087  
18 4.5061 +/- 0.0852957   
19 4.59849 +/- 0.0872305  
20 4.67866 +/- 0.0904702  
21 4.75742 +/- 0.09365    
22 4.83466 +/- 0.0961634  
23 4.90792 +/- 0.099706   
24 4.97205 +/- 0.102952   
25 5.02904 +/- 0.104997   
26 5.07457 +/- 0.106912   
27 5.1172 +/- 0.108468    
28 5.15639 +/- 0.109469   
29 5.18205 +/- 0.1105     
30 5.20539 +/- 0.111651   
31 5.228 +/- 0.112833     
32 5.24453 +/- 0.113525   
33 5.25698 +/- 0.113841   
34 5.27358 +/- 0.114203   
35 5.29277 +/- 0.114348   
36 5.31944 +/- 0.114363   
37 5.33455 +/- 0.115041   
38 5.34893 +/- 0.115207   
39 5.3713 +/- 0.115219    
40 5.39074 +/- 0.115794   
41 5.4127 +/- 0.116721    
42 5.43468 +/- 0.118416   
43 5.44902 +/- 0.120264   
44 5.46266 +/- 0.119915   
45 5.46859 +/- 0.120325   
46 5.47955 +/- 0.120057   
47 5.48834 +/- 0.119959   
48 5.50227 +/- 0.120063   
49 5.51936 +/- 0.119851   
50 5.53019 +/- 0.120062   
51 5.54138 +/- 0.120144   
52 5.54196 +/- 0.120226   
53 5.54224 +/- 0.120659   
54 5.54855 +/- 0.122058   
55 5.54418 +/- 0.123354   
56 5.53885 +/- 0.12369    
57 5.53374 +/- 0.12334    
58 5.52451 +/- 0.124346   
59 5.52003 +/- 0.124446   
60 5.51332 +/- 0.124706   
61 5.50704 +/- 0.1248     
62 5.50846 +/- 0.125479   
63 5.50841 +/- 0.126021   
END dQ2
beta: 4
nconf:  1024
nbatch:   64
BEGIN dQ2
 0 0 +/- 0                
 1 0.115912 +/- 0.00157743
 2 0.207727 +/- 0.00262086
 3 0.293646 +/- 0.00383287
 4 0.376425 +/- 0.00509476
 5 0.456253 +/- 0.00631283
 6 0.534258 +/- 0.00782068
 7 0.60979 +/- 0.00916789 
 8 0.68284 +/- 0.0104003  
 9 0.754449 +/- 0.011753  
10 0.82398 +/- 0.0132099  
11 0.894327 +/- 0.0147772 
12 0.962543 +/- 0.016354  
13 1.02916 +/- 0.0176607  
14 1.09503 +/- 0.0192774  
15 1.15879 +/- 0.0206204  
16 1.22078 +/- 0.0222606  
17 1.27984 +/- 0.0237856  
18 1.33602 +/- 0.0252171  
19 1.39154 +/- 0.0266282  
20 1.44673 +/- 0.0279722  
21 1.49995 +/- 0.0293871  
22 1.55261 +/- 0.0307412  
23 1.60337 +/- 0.0318992  
24 1.65145 +/- 0.0331687  
25 1.69947 +/- 0.0342442  
26 1.74616 +/- 0.0353775  
27 1.79042 +/- 0.0363608  
28 1.83325 +/- 0.0373514  
29 1.87378 +/- 0.0382402  
30 1.9142 +/- 0.0388941   
31 1.95265 +/- 0.0397058  
32 1.98989 +/- 0.0404562  
33 2.0272 +/- 0.0412873   
34 2.06334 +/- 0.0422764  
35 2.09876 +/- 0.0432919  
36 2.13363 +/- 0.0445968  
37 2.16602 +/- 0.0458612  
38 2.19693 +/- 0.047326   
39 2.22705 +/- 0.0488636  
40 2.25711 +/- 0.0505298  
41 2.28611 +/- 0.0521078  
42 2.31503 +/- 0.0537425  
43 2.34364 +/- 0.0552911  
44 2.37216 +/- 0.0568398  
45 2.40073 +/- 0.0582134  
46 2.42996 +/- 0.0597236  
47 2.4576 +/- 0.0613871   
48 2.48463 +/- 0.0631337  
49 2.51035 +/- 0.064758   
50 2.53693 +/- 0.0664396  
51 2.56141 +/- 0.0680742  
52 2.58767 +/- 0.0695256  
53 2.61351 +/- 0.070899   
54 2.63929 +/- 0.0722514  
55 2.66491 +/- 0.0736745  
56 2.69049 +/- 0.0750213  
57 2.71563 +/- 0.0763442  
58 2.73947 +/- 0.0776805  
59 2.76198 +/- 0.0789862  
60 2.78616 +/- 0.0804204  
61 2.81049 +/- 0.0820118  
62 2.83482 +/- 0.0834223  
63 2.85825 +/- 0.0849557  
END dQ2
beta: 5
nconf:  1024
nbatch:   64
BEGIN dQ2
 0 0 +/- 0                  
 1 0.0206348 +/- 0.000712853
 2 0.0388637 +/- 0.00128713 
 3 0.0567458 +/- 0.00189652 
 4 0.0743566 +/- 0.00251219 
 5 0.0916493 +/- 0.00310521 
 6 0.108654 +/- 0.00371504  
 7 0.125277 +/- 0.00432418  
 8 0.141348 +/- 0.00488827  
 9 0.157204 +/- 0.00544385  
10 0.172753 +/- 0.00602596  
11 0.187747 +/- 0.00659842  
12 0.202739 +/- 0.00717844  
13 0.217792 +/- 0.00777049  
14 0.232859 +/- 0.00836455  
15 0.24808 +/- 0.00898473   
16 0.263532 +/- 0.0096059   
17 0.278752 +/- 0.0102331   
18 0.293707 +/- 0.0108367   
19 0.308784 +/- 0.0114408   
20 0.32383 +/- 0.012027     
21 0.338827 +/- 0.0126269   
22 0.353574 +/- 0.0131848   
23 0.368023 +/- 0.0137334   
24 0.382422 +/- 0.0142537   
25 0.396866 +/- 0.0147951   
26 0.411119 +/- 0.0153678   
27 0.425229 +/- 0.0159689   
28 0.439163 +/- 0.0165696   
29 0.453141 +/- 0.0172101   
30 0.467304 +/- 0.0178968   
31 0.48148 +/- 0.0186007    
32 0.495385 +/- 0.0192821   
33 0.509318 +/- 0.0199834   
34 0.523122 +/- 0.0206383   
35 0.53689 +/- 0.0212866    
36 0.550671 +/- 0.0219338   
37 0.564305 +/- 0.022584    
38 0.577555 +/- 0.0232078   
39 0.590403 +/- 0.0238682   
40 0.603373 +/- 0.0245633   
41 0.616115 +/- 0.0252823   
42 0.628723 +/- 0.0259815   
43 0.641358 +/- 0.0266726   
44 0.653858 +/- 0.0273828   
45 0.666465 +/- 0.0280964   
46 0.67924 +/- 0.0288318    
47 0.691866 +/- 0.0295841   
48 0.704502 +/- 0.0303413   
49 0.717147 +/- 0.0310667   
50 0.729819 +/- 0.0317977   
51 0.742581 +/- 0.0325372   
52 0.755128 +/- 0.0332303   
53 0.767733 +/- 0.0339381   
54 0.780284 +/- 0.0346529   
55 0.792441 +/- 0.0353569   
56 0.804397 +/- 0.0360461   
57 0.816572 +/- 0.0367578   
58 0.82874 +/- 0.0374896    
59 0.840706 +/- 0.0382665   
60 0.852616 +/- 0.0390376   
61 0.864324 +/- 0.0397972   
62 0.875682 +/- 0.040559    
63 0.887162 +/- 0.0413386   
END dQ2
beta: 6
nconf:  1024
nbatch:   64
BEGIN dQ2
 0 0 +/- 0                   
 1 0.0035435 +/- 0.000241943 
 2 0.00669643 +/- 0.000448318
 3 0.00976371 +/- 0.000663067
 4 0.0128523 +/- 0.000888319 
 5 0.0159623 +/- 0.001129    
 6 0.0190785 +/- 0.00137288  
 7 0.0222468 +/- 0.00161916  
 8 0.0253906 +/- 0.0018664   
 9 0.0285406 +/- 0.00211482  
10 0.0316969 +/- 0.00236418  
11 0.0348902 +/- 0.00261043  
12 0.0380589 +/- 0.0028549   
13 0.0412339 +/- 0.00310106  
14 0.0444152 +/- 0.00334866  
15 0.0476183 +/- 0.00359754  
16 0.0508278 +/- 0.00384769  
17 0.0540436 +/- 0.00408834  
18 0.0572502 +/- 0.00433175  
19 0.0604167 +/- 0.00457196  
20 0.0635583 +/- 0.00481652  
21 0.066675 +/- 0.00505803   
22 0.0697823 +/- 0.00530117  
23 0.0728959 +/- 0.00554656  
24 0.076 +/- 0.00579195      
25 0.0791416 +/- 0.00603675  
26 0.0822896 +/- 0.00628315  
27 0.0854438 +/- 0.00653103  
28 0.0886201 +/- 0.00678921  
29 0.0918028 +/- 0.00704888  
30 0.0949447 +/- 0.00730224  
31 0.0980772 +/- 0.00755302  
32 0.101169 +/- 0.0078057    
33 0.104203 +/- 0.00805246   
34 0.107244 +/- 0.00830086   
35 0.11026 +/- 0.00854012    
36 0.113313 +/- 0.00879141   
37 0.116356 +/- 0.00904206   
38 0.119374 +/- 0.00929138   
39 0.122367 +/- 0.00954026   
40 0.125333 +/- 0.00978566   
41 0.128274 +/- 0.0100332    
42 0.131174 +/- 0.0102707    
43 0.134095 +/- 0.0105118    
44 0.137022 +/- 0.0107545    
45 0.139987 +/- 0.0110028    
46 0.142926 +/- 0.0112519    
47 0.145871 +/- 0.0115027    
48 0.148822 +/- 0.0117549    
49 0.151731 +/- 0.0120063    
50 0.154646 +/- 0.0122593    
51 0.157567 +/- 0.0125137    
52 0.160462 +/- 0.0127592    
53 0.163282 +/- 0.0130052    
54 0.166173 +/- 0.0132378    
55 0.169069 +/- 0.013472     
56 0.171972 +/- 0.0137094    
57 0.17488 +/- 0.0139519     
58 0.177779 +/- 0.0141944    
59 0.180651 +/- 0.0144358    
60 0.183529 +/- 0.0146788    
61 0.18638 +/- 0.0149233     
62 0.189238 +/- 0.015174     
63 0.192085 +/- 0.015417     
END dQ2
beta: 7
nconf:  1024
nbatch:   64
BEGIN dQ2
 0 0 +/- 0                   
 1 0.00053458 +/- 8.95785e-5 
 2 0.00103963 +/- 0.000174168
 3 0.00154567 +/- 0.000260676
 4 0.00202206 +/- 0.000335348
 5 0.00249939 +/- 0.000411767
 6 0.00297765 +/- 0.000489191
 7 0.00345686 +/- 0.000567274
 8 0.00393701 +/- 0.000645834
 9 0.0044181 +/- 0.000724769 
10 0.00490015 +/- 0.000804015
11 0.00538314 +/- 0.000883532
12 0.00586709 +/- 0.000963292
13 0.006352 +/- 0.00104328   
14 0.00683787 +/- 0.00112347 
15 0.0073247 +/- 0.00120387  
16 0.0078125 +/- 0.00128446  
17 0.00830127 +/- 0.00136524 
18 0.00877547 +/- 0.00144473 
19 0.00925062 +/- 0.00152455 
20 0.00972672 +/- 0.00160467 
21 0.0102038 +/- 0.00168507  
22 0.0106818 +/- 0.00176573  
23 0.0111607 +/- 0.00184665  
24 0.0116406 +/- 0.00192781  
25 0.0121059 +/- 0.00200767  
26 0.012572 +/- 0.00208786   
27 0.0130391 +/- 0.00216836  
28 0.0135072 +/- 0.00224916  
29 0.0139761 +/- 0.00233024  
30 0.0144461 +/- 0.0024116   
31 0.0149169 +/- 0.00249322  
32 0.0153887 +/- 0.00257509  
33 0.0158615 +/- 0.00265721  
34 0.0163352 +/- 0.00273958  
35 0.0168099 +/- 0.00282218  
36 0.0172697 +/- 0.0029034   
37 0.0177305 +/- 0.00298491  
38 0.0181922 +/- 0.00306672  
39 0.0186548 +/- 0.00314881  
40 0.0191184 +/- 0.00323117  
41 0.0195829 +/- 0.0033138   
42 0.0200484 +/- 0.0033967   
43 0.0205148 +/- 0.00347984  
44 0.0209821 +/- 0.00356324  
45 0.0214505 +/- 0.00364688  
46 0.0219197 +/- 0.00373077  
47 0.02239 +/- 0.00381489    
48 0.0228612 +/- 0.00389925  
49 0.0233333 +/- 0.00398383  
50 0.0237904 +/- 0.00406696  
51 0.0242485 +/- 0.00415036  
52 0.0247074 +/- 0.00423404  
53 0.0251674 +/- 0.00431799  
54 0.0256282 +/- 0.0044022   
55 0.02609 +/- 0.00448668    
56 0.0265528 +/- 0.0045714   
57 0.0270004 +/- 0.00464816  
58 0.0274489 +/- 0.00472517  
59 0.0278983 +/- 0.00480245  
60 0.0283487 +/- 0.00487998  
61 0.0287837 +/- 0.004956    
62 0.0292197 +/- 0.00503231  
63 0.0296566 +/- 0.0051089   
END dQ2
