
# File: ../t_force_b25_0_bs1.log
betaMap: 4.5
nconf:  1024
nbatch:   64
BEGIN dQ2
 0 0 +/- 0                  
 1 0.0139907 +/- 0.000517434
 2 0.0256238 +/- 0.000910825
 3 0.0369429 +/- 0.00132031 
 4 0.0480852 +/- 0.00174126 
 5 0.0590653 +/- 0.00214938 
 6 0.0699595 +/- 0.00258081 
 7 0.0808137 +/- 0.0030074  
 8 0.0915354 +/- 0.00344809 
 9 0.102294 +/- 0.00389558  
10 0.11295 +/- 0.00434282   
11 0.123365 +/- 0.00479848  
12 0.133538 +/- 0.00524383  
13 0.143592 +/- 0.00567854  
14 0.153682 +/- 0.00612344  
15 0.163528 +/- 0.00656581  
16 0.173425 +/- 0.00703093  
17 0.183559 +/- 0.00750401  
18 0.193666 +/- 0.00797074  
19 0.203856 +/- 0.00845598  
20 0.214112 +/- 0.00893544  
21 0.224436 +/- 0.00941137  
22 0.234812 +/- 0.00988887  
23 0.245099 +/- 0.0104021   
24 0.255281 +/- 0.0109104   
25 0.265688 +/- 0.0114505   
26 0.276036 +/- 0.0119785   
27 0.286265 +/- 0.0125117   
28 0.296342 +/- 0.0130482   
29 0.306423 +/- 0.0136003   
30 0.316383 +/- 0.0141593   
31 0.326441 +/- 0.0147483   
32 0.336268 +/- 0.0153504   
33 0.34602 +/- 0.015955     
34 0.355871 +/- 0.0165559   
35 0.3656 +/- 0.0171645     
36 0.3753 +/- 0.0177767     
37 0.385037 +/- 0.0184057   
38 0.394888 +/- 0.0190147   
39 0.404743 +/- 0.0196811   
40 0.414412 +/- 0.0203086   
41 0.424037 +/- 0.0209484   
42 0.43357 +/- 0.021583     
43 0.442931 +/- 0.02223     
44 0.452136 +/- 0.0228791   
45 0.461217 +/- 0.0235061   
46 0.47022 +/- 0.0241226    
47 0.479193 +/- 0.0247437   
48 0.488121 +/- 0.0253507   
49 0.496955 +/- 0.0259462   
50 0.505871 +/- 0.0265364   
51 0.514694 +/- 0.027133    
52 0.523502 +/- 0.0277487   
53 0.532328 +/- 0.0283759   
54 0.541253 +/- 0.0290338   
55 0.550003 +/- 0.0296504   
56 0.558723 +/- 0.0302501   
57 0.56759 +/- 0.030845     
58 0.576475 +/- 0.0314384   
59 0.58533 +/- 0.0320342    
60 0.594123 +/- 0.0326431   
61 0.602593 +/- 0.0332296   
62 0.61108 +/- 0.0337868    
63 0.619683 +/- 0.0343595   
END dQ2
betaMap: 4
nconf:  1024
nbatch:   64
BEGIN dQ2
 0 0 +/- 0                  
 1 0.0182215 +/- 0.000632248
 2 0.0339408 +/- 0.00114028 
 3 0.0491858 +/- 0.00165662 
 4 0.0643382 +/- 0.00219206 
 5 0.0793517 +/- 0.00273895 
 6 0.0944714 +/- 0.00327612 
 7 0.109544 +/- 0.00383446  
 8 0.124677 +/- 0.00438892  
 9 0.139532 +/- 0.0049379   
10 0.154493 +/- 0.00547352  
11 0.169284 +/- 0.00600804  
12 0.184026 +/- 0.00654911  
13 0.19872 +/- 0.00711496   
14 0.213335 +/- 0.00769576  
15 0.227685 +/- 0.00825532  
16 0.241815 +/- 0.00878137  
17 0.255896 +/- 0.00931838  
18 0.269896 +/- 0.00984501  
19 0.2838 +/- 0.0103638     
20 0.297871 +/- 0.0109083   
21 0.311939 +/- 0.0114398   
22 0.326035 +/- 0.0119834   
23 0.340238 +/- 0.0125263   
24 0.354219 +/- 0.0130914   
25 0.368087 +/- 0.0136457   
26 0.382045 +/- 0.0141971   
27 0.395734 +/- 0.0146897   
28 0.409215 +/- 0.0151213   
29 0.422644 +/- 0.0155549   
30 0.435928 +/- 0.0159812   
31 0.449254 +/- 0.0163799   
32 0.462591 +/- 0.0167986   
33 0.475798 +/- 0.0172067   
34 0.488763 +/- 0.0176031   
35 0.501359 +/- 0.018003    
36 0.51417 +/- 0.0184254    
37 0.526691 +/- 0.0188482   
38 0.539078 +/- 0.0192781   
39 0.551444 +/- 0.0196871   
40 0.563754 +/- 0.0201298   
41 0.576122 +/- 0.0205825   
42 0.588165 +/- 0.0210035   
43 0.600185 +/- 0.0214286   
44 0.612229 +/- 0.0218478   
45 0.62425 +/- 0.0222604    
46 0.6362 +/- 0.0226186     
47 0.648062 +/- 0.0230144   
48 0.659836 +/- 0.0234212   
49 0.67133 +/- 0.023839     
50 0.682607 +/- 0.0242181   
51 0.693875 +/- 0.0246039   
52 0.705038 +/- 0.025003    
53 0.716224 +/- 0.0254319   
54 0.727287 +/- 0.0258828   
55 0.738277 +/- 0.0263499   
56 0.749419 +/- 0.026836    
57 0.760406 +/- 0.0273318   
58 0.771351 +/- 0.0278165   
59 0.782141 +/- 0.0282712   
60 0.792969 +/- 0.0287649   
61 0.803706 +/- 0.0292528   
62 0.814352 +/- 0.0297245   
63 0.824792 +/- 0.0301688   
END dQ2
betaMap: 3.5
nconf:  1024
nbatch:   64
BEGIN dQ2
 0 0 +/- 0                 
 1 0.022712 +/- 0.000684228
 2 0.0428541 +/- 0.00117258
 3 0.0623929 +/- 0.00165808
 4 0.0818015 +/- 0.00218873
 5 0.101263 +/- 0.00273109 
 6 0.120626 +/- 0.00327901 
 7 0.139872 +/- 0.0038449  
 8 0.15868 +/- 0.00435994  
 9 0.177171 +/- 0.00487895 
10 0.195652 +/- 0.00541666 
11 0.2144 +/- 0.00599015   
12 0.233124 +/- 0.0065317  
13 0.251855 +/- 0.0070987  
14 0.270235 +/- 0.00767212 
15 0.288404 +/- 0.0082283  
16 0.306315 +/- 0.00881812 
17 0.324246 +/- 0.0094048  
18 0.342135 +/- 0.0100102  
19 0.360183 +/- 0.0105962  
20 0.377988 +/- 0.0111709  
21 0.395517 +/- 0.0117437  
22 0.41294 +/- 0.012281    
23 0.430195 +/- 0.0129044  
24 0.447281 +/- 0.0135549  
25 0.464199 +/- 0.014164   
26 0.480899 +/- 0.0147756  
27 0.497728 +/- 0.0154033  
28 0.514715 +/- 0.0160196  
29 0.531595 +/- 0.0166467  
30 0.548494 +/- 0.0172625  
31 0.565033 +/- 0.0178656  
32 0.581527 +/- 0.0184983  
33 0.598165 +/- 0.0191388  
34 0.614646 +/- 0.0198204  
35 0.630798 +/- 0.0205012  
36 0.647157 +/- 0.0212045  
37 0.663516 +/- 0.0219243  
38 0.679846 +/- 0.0226753  
39 0.695876 +/- 0.0233619  
40 0.711843 +/- 0.0240528  
41 0.727445 +/- 0.0247078  
42 0.742967 +/- 0.0253975  
43 0.758378 +/- 0.0260773  
44 0.774043 +/- 0.0267875  
45 0.789868 +/- 0.0274837  
46 0.805438 +/- 0.028188   
47 0.821056 +/- 0.0289382  
48 0.836466 +/- 0.0296603  
49 0.851987 +/- 0.0304237  
50 0.867621 +/- 0.0312138  
51 0.883543 +/- 0.0320456  
52 0.899064 +/- 0.0328607  
53 0.914392 +/- 0.0337158  
54 0.92943 +/- 0.0345458   
55 0.944337 +/- 0.0354053  
56 0.959097 +/- 0.0363052  
57 0.973743 +/- 0.037251   
58 0.988435 +/- 0.0381772  
59 1.00277 +/- 0.0391215   
60 1.01733 +/- 0.0401023   
61 1.03185 +/- 0.0411122   
62 1.0461 +/- 0.0421176    
63 1.06031 +/- 0.0431465   
END dQ2
betaMap: 3
nconf:  1024
nbatch:   64
BEGIN dQ2
 0 0 +/- 0                  
 1 0.0269275 +/- 0.000661399
 2 0.0509112 +/- 0.00119361 
 3 0.0746664 +/- 0.00175498 
 4 0.0986213 +/- 0.00237619 
 5 0.122271 +/- 0.0030176   
 6 0.14592 +/- 0.00369225   
 7 0.169186 +/- 0.00434167  
 8 0.192283 +/- 0.00502988  
 9 0.215086 +/- 0.00572488  
10 0.237657 +/- 0.0063986   
11 0.259995 +/- 0.00706904  
12 0.281976 +/- 0.00776486  
13 0.303752 +/- 0.00852445  
14 0.325619 +/- 0.00931525  
15 0.347095 +/- 0.0100922   
16 0.36849 +/- 0.0108814    
17 0.389942 +/- 0.0117126   
18 0.411158 +/- 0.0125486   
19 0.431887 +/- 0.013391    
20 0.452456 +/- 0.0142252   
21 0.472598 +/- 0.0150829   
22 0.492764 +/- 0.0159494   
23 0.512893 +/- 0.0167897   
24 0.532531 +/- 0.0176125   
25 0.552005 +/- 0.0185103   
26 0.571361 +/- 0.0194344   
27 0.590631 +/- 0.0203684   
28 0.609297 +/- 0.0212693   
29 0.628376 +/- 0.022174    
30 0.647652 +/- 0.0230824   
31 0.666745 +/- 0.0239458   
32 0.685689 +/- 0.0248046   
33 0.70426 +/- 0.0256157    
34 0.722648 +/- 0.0264182   
35 0.741137 +/- 0.0272683   
36 0.759726 +/- 0.0281408   
37 0.777989 +/- 0.0290505   
38 0.795845 +/- 0.0299274   
39 0.813721 +/- 0.0308406   
40 0.83111 +/- 0.0317055    
41 0.848598 +/- 0.0325655   
42 0.865819 +/- 0.0334345   
43 0.883043 +/- 0.0343332   
44 0.900271 +/- 0.0352368   
45 0.917326 +/- 0.0361197   
46 0.933793 +/- 0.0369615   
47 0.949974 +/- 0.0378632   
48 0.9659 +/- 0.0387439     
49 0.98141 +/- 0.0395943    
50 0.996904 +/- 0.0404195   
51 1.01232 +/- 0.0412681    
52 1.02763 +/- 0.0420797    
53 1.04325 +/- 0.0428987    
54 1.05912 +/- 0.0437323    
55 1.07458 +/- 0.044578     
56 1.08988 +/- 0.0454101    
57 1.1054 +/- 0.0462622     
58 1.12084 +/- 0.0471006    
59 1.13614 +/- 0.0479803    
60 1.15114 +/- 0.048848     
61 1.16599 +/- 0.04971      
62 1.18076 +/- 0.0506084    
63 1.19526 +/- 0.051499     
END dQ2
betaMap: 2.5
nconf:  1024
nbatch:   64
BEGIN dQ2
 0 0 +/- 0                 
 1 0.0320442 +/- 0.00065908
 2 0.0609253 +/- 0.00127671
 3 0.0890518 +/- 0.00192063
 4 0.116942 +/- 0.00265585 
 5 0.144658 +/- 0.00334545 
 6 0.172243 +/- 0.00399752 
 7 0.199576 +/- 0.00468925 
 8 0.226316 +/- 0.0053952  
 9 0.253033 +/- 0.00613494 
10 0.279293 +/- 0.00690165 
11 0.305266 +/- 0.00770434 
12 0.33092 +/- 0.00850477  
13 0.356454 +/- 0.00935698 
14 0.381544 +/- 0.0102809  
15 0.406792 +/- 0.0112013  
16 0.431656 +/- 0.0121229  
17 0.456477 +/- 0.0130606  
18 0.480989 +/- 0.0140231  
19 0.505037 +/- 0.0149676  
20 0.529071 +/- 0.0159206  
21 0.552639 +/- 0.0168473  
22 0.575614 +/- 0.0177368  
23 0.597949 +/- 0.0186411  
24 0.620063 +/- 0.0195282  
25 0.641657 +/- 0.0203998  
26 0.663327 +/- 0.0213336  
27 0.68446 +/- 0.0222286   
28 0.705588 +/- 0.0231563  
29 0.726633 +/- 0.0240125  
30 0.748019 +/- 0.0248822  
31 0.769181 +/- 0.0257312  
32 0.790149 +/- 0.0265532  
33 0.810734 +/- 0.0273743  
34 0.830855 +/- 0.0281763  
35 0.850401 +/- 0.0289723  
36 0.870256 +/- 0.0298102  
37 0.889928 +/- 0.0306416  
38 0.909055 +/- 0.0314585  
39 0.928157 +/- 0.0322603  
40 0.947075 +/- 0.0330363  
41 0.965174 +/- 0.033842   
42 0.983134 +/- 0.0346767  
43 1.00123 +/- 0.0355208   
44 1.0191 +/- 0.0363612    
45 1.03639 +/- 0.0372059   
46 1.05323 +/- 0.0379951   
47 1.07006 +/- 0.0387565   
48 1.08683 +/- 0.039528    
49 1.10361 +/- 0.0403331   
50 1.12025 +/- 0.0411388   
51 1.13692 +/- 0.0419415   
52 1.1531 +/- 0.0426605    
53 1.16912 +/- 0.0433564   
54 1.18487 +/- 0.0441126   
55 1.20045 +/- 0.0448479   
56 1.21575 +/- 0.04554     
57 1.23126 +/- 0.0463057   
58 1.24591 +/- 0.0469447   
59 1.26023 +/- 0.0475861   
60 1.27413 +/- 0.0481921   
61 1.28795 +/- 0.0488264   
62 1.30136 +/- 0.0494603   
63 1.31483 +/- 0.0500435   
END dQ2
betaMap: 2
nconf:  1024
nbatch:   64
BEGIN dQ2
 0 0 +/- 0                  
 1 0.0344575 +/- 0.000874643
 2 0.0656342 +/- 0.00164576 
 3 0.0963363 +/- 0.00248392 
 4 0.126241 +/- 0.00328607  
 5 0.155698 +/- 0.00415269  
 6 0.184921 +/- 0.00506308  
 7 0.213987 +/- 0.00594374  
 8 0.242803 +/- 0.00682128  
 9 0.270767 +/- 0.00768176  
10 0.298262 +/- 0.0085272   
11 0.325056 +/- 0.00942686  
12 0.351331 +/- 0.0103079   
13 0.377596 +/- 0.0112266   
14 0.403744 +/- 0.0121398   
15 0.429633 +/- 0.0131093   
16 0.455094 +/- 0.0140429   
17 0.480046 +/- 0.0149423   
18 0.504566 +/- 0.0158563   
19 0.529338 +/- 0.0168417   
20 0.554096 +/- 0.0178837   
21 0.578405 +/- 0.0188804   
22 0.602576 +/- 0.0198703   
23 0.626436 +/- 0.0208309   
24 0.650016 +/- 0.0217783   
25 0.67347 +/- 0.0227673    
26 0.696659 +/- 0.0238123   
27 0.719236 +/- 0.0248355   
28 0.742297 +/- 0.0259371   
29 0.765437 +/- 0.0270663   
30 0.788544 +/- 0.0282439   
31 0.81121 +/- 0.0294891    
32 0.833638 +/- 0.0307061   
33 0.855875 +/- 0.0318907   
34 0.877557 +/- 0.0331176   
35 0.899283 +/- 0.0342894   
36 0.921005 +/- 0.0354457   
37 0.942328 +/- 0.0366044   
38 0.963235 +/- 0.0377743   
39 0.983756 +/- 0.0389246   
40 1.00397 +/- 0.0400761    
41 1.02449 +/- 0.0412041    
42 1.04465 +/- 0.0422642    
43 1.06508 +/- 0.0433031    
44 1.08557 +/- 0.0443698    
45 1.10556 +/- 0.0454567    
46 1.12498 +/- 0.0465603    
47 1.1444 +/- 0.0476499     
48 1.16398 +/- 0.0487261    
49 1.18296 +/- 0.0497575    
50 1.20168 +/- 0.0507984    
51 1.22007 +/- 0.0518157    
52 1.23865 +/- 0.0527814    
53 1.25703 +/- 0.0537396    
54 1.27548 +/- 0.0546832    
55 1.29383 +/- 0.0556725    
56 1.31161 +/- 0.0567063    
57 1.32977 +/- 0.0577528    
58 1.34742 +/- 0.0587177    
59 1.36595 +/- 0.0597345    
60 1.38417 +/- 0.06069      
61 1.40286 +/- 0.0616473    
62 1.4216 +/- 0.0626399     
63 1.44028 +/- 0.0636653    
END dQ2
betaMap: 1.5
nconf:  1024
nbatch:   64
BEGIN dQ2
 0 0 +/- 0                  
 1 0.0340756 +/- 0.000687037
 2 0.0653437 +/- 0.0013678  
 3 0.0959384 +/- 0.00216906 
 4 0.125888 +/- 0.00296786  
 5 0.155054 +/- 0.00377839  
 6 0.184369 +/- 0.00458435  
 7 0.213142 +/- 0.00536697  
 8 0.241542 +/- 0.00612397  
 9 0.269858 +/- 0.00695307  
10 0.29743 +/- 0.00778966   
11 0.324886 +/- 0.00865359  
12 0.352304 +/- 0.00951228  
13 0.37976 +/- 0.0103483    
14 0.40673 +/- 0.0111913    
15 0.433118 +/- 0.0120175   
16 0.459155 +/- 0.0128484   
17 0.484778 +/- 0.0136944   
18 0.510018 +/- 0.0145634   
19 0.535308 +/- 0.0154623   
20 0.56057 +/- 0.0163956    
21 0.585603 +/- 0.0173691   
22 0.610124 +/- 0.018377    
23 0.634366 +/- 0.0193309   
24 0.658828 +/- 0.0202931   
25 0.682808 +/- 0.0212278   
26 0.706382 +/- 0.022208    
27 0.729752 +/- 0.023248    
28 0.753012 +/- 0.024257    
29 0.776162 +/- 0.0253337   
30 0.799139 +/- 0.026417    
31 0.821831 +/- 0.0275445   
32 0.844427 +/- 0.0287345   
33 0.866975 +/- 0.0298801   
34 0.889031 +/- 0.0310619   
35 0.910563 +/- 0.0322338   
36 0.93217 +/- 0.03339      
37 0.95417 +/- 0.0345932    
38 0.975564 +/- 0.0357521   
39 0.997224 +/- 0.0368901   
40 1.01878 +/- 0.0380213    
41 1.0405 +/- 0.0392033     
42 1.06213 +/- 0.0403878    
43 1.08373 +/- 0.0416207    
44 1.1052 +/- 0.0429078     
45 1.12653 +/- 0.0441885    
46 1.14765 +/- 0.0455378    
47 1.16816 +/- 0.0469372    
48 1.18868 +/- 0.0482976    
49 1.20949 +/- 0.0496195    
50 1.22993 +/- 0.0509433    
51 1.25018 +/- 0.0522468    
52 1.27009 +/- 0.053543     
53 1.28957 +/- 0.0548399    
54 1.30909 +/- 0.0561357    
55 1.32853 +/- 0.0574275    
56 1.34753 +/- 0.0587355    
57 1.36621 +/- 0.0599922    
58 1.38466 +/- 0.0612984    
59 1.40304 +/- 0.062616     
60 1.42142 +/- 0.063866     
61 1.43956 +/- 0.0650564    
62 1.4578 +/- 0.066277      
63 1.47573 +/- 0.0674874    
END dQ2
betaMap: 1
nconf:  1024
nbatch:   64
BEGIN dQ2
 0 0 +/- 0                   
 1 0.00433773 +/- 0.000353654
 2 0.00856164 +/- 0.000704469
 3 0.0127326 +/- 0.00105023  
 4 0.0168199 +/- 0.00138446  
 5 0.0207618 +/- 0.00170582  
 6 0.0246194 +/- 0.00203016  
 7 0.0284231 +/- 0.00235353  
 8 0.0321727 +/- 0.00267094  
 9 0.0359298 +/- 0.00298718  
10 0.0396943 +/- 0.00330466  
11 0.0433736 +/- 0.00361439  
12 0.0470603 +/- 0.00392777  
13 0.050646 +/- 0.00423878   
14 0.0542079 +/- 0.0045439   
15 0.0576995 +/- 0.00483741  
16 0.0612444 +/- 0.00513752  
17 0.0648119 +/- 0.00544963  
18 0.0683244 +/- 0.0057683   
19 0.0718128 +/- 0.00608808  
20 0.0752615 +/- 0.00641093  
21 0.0786858 +/- 0.00673242  
22 0.0820702 +/- 0.00704339  
23 0.0854614 +/- 0.00735046  
24 0.0888281 +/- 0.00765458  
25 0.0920608 +/- 0.00793816  
26 0.095206 +/- 0.00820939   
27 0.0982949 +/- 0.00848112  
28 0.101311 +/- 0.0087556    
29 0.104334 +/- 0.00903314   
30 0.107394 +/- 0.00931619   
31 0.110461 +/- 0.00959592   
32 0.113502 +/- 0.00987613   
33 0.116612 +/- 0.0101564    
34 0.119729 +/- 0.0104391    
35 0.12282 +/- 0.0107186     
36 0.125949 +/- 0.0110101    
37 0.129116 +/- 0.0113078    
38 0.132321 +/- 0.0116122    
39 0.135565 +/- 0.0119222    
40 0.138799 +/- 0.0122348    
41 0.14204 +/- 0.012549      
42 0.145176 +/- 0.0128532    
43 0.148334 +/- 0.0131513    
44 0.151499 +/- 0.013444     
45 0.154638 +/- 0.0137348    
46 0.157832 +/- 0.0140232    
47 0.161032 +/- 0.0143131    
48 0.164175 +/- 0.0145973    
49 0.167324 +/- 0.0148829    
50 0.170511 +/- 0.0151819    
51 0.173722 +/- 0.0154793    
52 0.176939 +/- 0.015778     
53 0.180194 +/- 0.0160819    
54 0.183425 +/- 0.0163827    
55 0.186565 +/- 0.0166708    
56 0.189728 +/- 0.016971     
57 0.192881 +/- 0.0172744    
58 0.196008 +/- 0.0175831    
59 0.199126 +/- 0.0178925    
60 0.20225 +/- 0.0181995     
61 0.205348 +/- 0.0185051    
62 0.208436 +/- 0.0188092    
63 0.211531 +/- 0.0191228    
END dQ2
betaMap: 0.5
nconf:  1024
nbatch:   64
BEGIN dQ2
 0 0 +/- 0                 
 1 0.0184354 +/- 0.00060837
 2 0.0342772 +/- 0.00112542
 3 0.0495684 +/- 0.0016171 
 4 0.0644148 +/- 0.00210079
 5 0.0792904 +/- 0.00258547
 6 0.0942412 +/- 0.0031042 
 7 0.109098 +/- 0.00359261 
 8 0.123785 +/- 0.00406833 
 9 0.138393 +/- 0.00454133 
10 0.153168 +/- 0.00502933 
11 0.16768 +/- 0.0055291   
12 0.182112 +/- 0.00601807 
13 0.196464 +/- 0.00650053 
14 0.210752 +/- 0.00700841 
15 0.22496 +/- 0.00750416  
16 0.239165 +/- 0.00801888 
17 0.253212 +/- 0.00853819 
18 0.26724 +/- 0.00909248  
19 0.281297 +/- 0.00966464 
20 0.295381 +/- 0.0102453  
21 0.309493 +/- 0.0108248  
22 0.323696 +/- 0.011411   
23 0.337881 +/- 0.0119976  
24 0.351859 +/- 0.0125778  
25 0.365788 +/- 0.0131428  
26 0.379431 +/- 0.0136929  
27 0.393195 +/- 0.0142313  
28 0.406846 +/- 0.01478    
29 0.420305 +/- 0.0152883  
30 0.433539 +/- 0.0157664  
31 0.446485 +/- 0.0162609  
32 0.45941 +/- 0.0167751   
33 0.472234 +/- 0.0173184  
34 0.485117 +/- 0.0178575  
35 0.49782 +/- 0.0184191   
36 0.510548 +/- 0.0190022  
37 0.523493 +/- 0.0196187  
38 0.536353 +/- 0.02025    
39 0.549032 +/- 0.0208556  
40 0.561627 +/- 0.0214447  
41 0.574342 +/- 0.0220506  
42 0.587051 +/- 0.0226883  
43 0.599627 +/- 0.0233407  
44 0.612436 +/- 0.0239982  
45 0.625319 +/- 0.0246252  
46 0.638101 +/- 0.0252551  
47 0.650876 +/- 0.0258858  
48 0.66347 +/- 0.0265034   
49 0.676122 +/- 0.0271249  
50 0.688735 +/- 0.0277479  
51 0.701118 +/- 0.028359   
52 0.713461 +/- 0.0290061  
53 0.726168 +/- 0.0296535  
54 0.73866 +/- 0.0303033   
55 0.751064 +/- 0.0309686  
56 0.763607 +/- 0.0316421  
57 0.776289 +/- 0.0323156  
58 0.788836 +/- 0.032973   
59 0.801295 +/- 0.0336286  
60 0.813862 +/- 0.0343248  
61 0.826194 +/- 0.0350017  
62 0.838536 +/- 0.0356807  
63 0.850823 +/- 0.0363803  
END dQ2
