
# File: ../t_force_b25_0s2.log
beta: 3
nconf:  1024
nbatch:   32
BEGIN dQ2
 0 0 +/- 0              
 1 2.1275 +/- 0.0153063 
 2 3.65099 +/- 0.0315021
 3 5.01745 +/- 0.0540644
 4 6.29807 +/- 0.0862116
 5 7.50469 +/- 0.120199 
 6 8.63289 +/- 0.154949 
 7 9.70861 +/- 0.179241 
 8 10.6856 +/- 0.206555 
 9 11.6151 +/- 0.23918  
10 12.4674 +/- 0.266187 
11 13.2217 +/- 0.290426 
12 13.9246 +/- 0.315399 
13 14.6046 +/- 0.334684 
14 15.1883 +/- 0.355429 
15 15.7318 +/- 0.379838 
16 16.2783 +/- 0.40088  
17 16.7811 +/- 0.426407 
18 17.2485 +/- 0.455382 
19 17.7038 +/- 0.483441 
20 18.1425 +/- 0.506467 
21 18.5578 +/- 0.54257  
22 18.9097 +/- 0.571307 
23 19.2678 +/- 0.599805 
24 19.5792 +/- 0.628484 
25 19.8349 +/- 0.656702 
26 20.1433 +/- 0.686501 
27 20.3543 +/- 0.716062 
28 20.5392 +/- 0.747302 
29 20.7421 +/- 0.768759 
30 20.9287 +/- 0.787725 
31 21.0972 +/- 0.803846 
32 21.2771 +/- 0.817073 
33 21.3797 +/- 0.827826 
34 21.5014 +/- 0.835085 
35 21.6795 +/- 0.851194 
36 21.8438 +/- 0.8661   
37 21.9976 +/- 0.889833 
38 22.1686 +/- 0.907653 
39 22.3339 +/- 0.921732 
40 22.4794 +/- 0.9339   
41 22.5989 +/- 0.944964 
42 22.6855 +/- 0.962407 
43 22.7801 +/- 0.974102 
44 22.8662 +/- 0.986625 
45 22.9072 +/- 0.990852 
46 22.9765 +/- 1.00461  
47 23.0011 +/- 1.01558  
48 23.0324 +/- 1.02971  
49 23.0817 +/- 1.04398  
50 23.1139 +/- 1.05841  
51 23.1135 +/- 1.06531  
52 23.1351 +/- 1.0705   
53 23.1455 +/- 1.07466  
54 23.1756 +/- 1.0759   
55 23.1976 +/- 1.07449  
56 23.2476 +/- 1.06782  
57 23.3182 +/- 1.07166  
58 23.3856 +/- 1.0709   
59 23.4707 +/- 1.0668   
60 23.5667 +/- 1.05757  
61 23.6465 +/- 1.0479   
62 23.6714 +/- 1.03416  
63 23.724 +/- 1.02401   
END dQ2
beta: 4
nconf:  1024
nbatch:   32
BEGIN dQ2
 0 0 +/- 0                
 1 0.209555 +/- 0.00343697
 2 0.344728 +/- 0.00566868
 3 0.47077 +/- 0.00799412 
 4 0.595404 +/- 0.0104843 
 5 0.720437 +/- 0.01312   
 6 0.846175 +/- 0.0157303 
 7 0.969549 +/- 0.0187579 
 8 1.08692 +/- 0.0216784  
 9 1.20055 +/- 0.0249311  
10 1.31158 +/- 0.0282725  
11 1.42322 +/- 0.0315886  
12 1.53307 +/- 0.0342852  
13 1.64203 +/- 0.0373389  
14 1.75408 +/- 0.0404516  
15 1.86298 +/- 0.0436846  
16 1.97551 +/- 0.0462243  
17 2.08335 +/- 0.0487417  
18 2.19011 +/- 0.0517707  
19 2.29698 +/- 0.0552629  
20 2.40364 +/- 0.0588391  
21 2.50698 +/- 0.0623046  
22 2.61287 +/- 0.0668322  
23 2.71678 +/- 0.0714799  
24 2.81809 +/- 0.07641    
25 2.91657 +/- 0.0814047  
26 3.01422 +/- 0.0863155  
27 3.11005 +/- 0.0909505  
28 3.20447 +/- 0.0952913  
29 3.29639 +/- 0.100412   
30 3.38968 +/- 0.10551    
31 3.4808 +/- 0.109678    
32 3.57148 +/- 0.113935   
33 3.66227 +/- 0.117906   
34 3.75035 +/- 0.122927   
35 3.83111 +/- 0.126888   
36 3.91273 +/- 0.130928   
37 3.9925 +/- 0.134944    
38 4.07226 +/- 0.138767   
39 4.1559 +/- 0.142436    
40 4.23898 +/- 0.146668   
41 4.32112 +/- 0.150556   
42 4.39957 +/- 0.154314   
43 4.47761 +/- 0.157347   
44 4.56027 +/- 0.161508   
45 4.63809 +/- 0.165281   
46 4.71754 +/- 0.169213   
47 4.79616 +/- 0.173558   
48 4.87481 +/- 0.177827   
49 4.95215 +/- 0.182155   
50 5.03305 +/- 0.186122   
51 5.11077 +/- 0.190935   
52 5.19493 +/- 0.195671   
53 5.27353 +/- 0.201217   
54 5.35448 +/- 0.206064   
55 5.43347 +/- 0.210983   
56 5.51411 +/- 0.215939   
57 5.59378 +/- 0.221169   
58 5.67288 +/- 0.225857   
59 5.74913 +/- 0.230517   
60 5.82855 +/- 0.23501    
61 5.90745 +/- 0.239494   
62 5.98805 +/- 0.24436    
63 6.06442 +/- 0.249646   
END dQ2
beta: 5
nconf:  1024
nbatch:   32
BEGIN dQ2
 0 0 +/- 0                 
 1 0.0678458 +/- 0.00174514
 2 0.126743 +/- 0.00351066 
 3 0.182542 +/- 0.00542458 
 4 0.237224 +/- 0.00757371 
 5 0.292413 +/- 0.00980409 
 6 0.348048 +/- 0.012182   
 7 0.403423 +/- 0.0145639  
 8 0.458907 +/- 0.0170329  
 9 0.515794 +/- 0.0194521  
10 0.572023 +/- 0.02218    
11 0.628486 +/- 0.024928   
12 0.684999 +/- 0.0277069  
13 0.741005 +/- 0.0306005  
14 0.796875 +/- 0.0334004  
15 0.852453 +/- 0.036076   
16 0.906932 +/- 0.038847   
17 0.960806 +/- 0.0417863  
18 1.01494 +/- 0.0446598   
19 1.06869 +/- 0.0475615   
20 1.12248 +/- 0.0504506   
21 1.17457 +/- 0.0532913   
22 1.22624 +/- 0.0561414   
23 1.27807 +/- 0.0590247   
24 1.32944 +/- 0.0619047   
25 1.38088 +/- 0.0647702   
26 1.43268 +/- 0.067833    
27 1.48436 +/- 0.0711691   
28 1.53596 +/- 0.0744245   
29 1.58772 +/- 0.0778563   
30 1.63984 +/- 0.0813723   
31 1.69332 +/- 0.0850118   
32 1.74417 +/- 0.0885573   
33 1.79415 +/- 0.0920891   
34 1.8452 +/- 0.095773     
35 1.89566 +/- 0.099633    
36 1.94563 +/- 0.103656    
37 1.99421 +/- 0.107614    
38 2.04146 +/- 0.111203    
39 2.08832 +/- 0.114596    
40 2.13434 +/- 0.118011    
41 2.17993 +/- 0.121483    
42 2.22585 +/- 0.124747    
43 2.27055 +/- 0.128069    
44 2.31591 +/- 0.131505    
45 2.36159 +/- 0.135029    
46 2.40564 +/- 0.13849     
47 2.44927 +/- 0.141946    
48 2.49344 +/- 0.145438    
49 2.5384 +/- 0.149073     
50 2.58239 +/- 0.152805    
51 2.62542 +/- 0.156691    
52 2.66892 +/- 0.160541    
53 2.71334 +/- 0.164318    
54 2.75928 +/- 0.168263    
55 2.80441 +/- 0.17211     
56 2.85056 +/- 0.175768    
57 2.89698 +/- 0.179531    
58 2.94323 +/- 0.183495    
59 2.99019 +/- 0.187709    
60 3.0364 +/- 0.19208      
61 3.08239 +/- 0.196262    
62 3.12773 +/- 0.200483    
63 3.1729 +/- 0.204833     
END dQ2
beta: 6
nconf:  1024
nbatch:   32
BEGIN dQ2
 0 0 +/- 0                   
 1 0.00711755 +/- 0.000546862
 2 0.0125367 +/- 0.000953938 
 3 0.017691 +/- 0.00135829   
 4 0.0228248 +/- 0.00176756  
 5 0.0278459 +/- 0.00220221  
 6 0.0329384 +/- 0.00262688  
 7 0.0381023 +/- 0.00304704  
 8 0.0432763 +/- 0.00345182  
 9 0.0483682 +/- 0.00384827  
10 0.0534702 +/- 0.00424864  
11 0.058613 +/- 0.00463356   
12 0.0636117 +/- 0.00499987  
13 0.0685584 +/- 0.00537788  
14 0.0734839 +/- 0.00574331  
15 0.0783573 +/- 0.00610228  
16 0.0832713 +/- 0.00644917  
17 0.0882572 +/- 0.00681759  
18 0.093253 +/- 0.00719008   
19 0.0982587 +/- 0.00756615  
20 0.103337 +/- 0.00794978   
21 0.108362 +/- 0.00832503   
22 0.113336 +/- 0.00869473   
23 0.118163 +/- 0.00907435   
24 0.123063 +/- 0.00945212   
25 0.127909 +/- 0.0098352    
26 0.132703 +/- 0.0102091    
27 0.137381 +/- 0.0105726    
28 0.142068 +/- 0.0109405    
29 0.146639 +/- 0.011319     
30 0.15122 +/- 0.0117022     
31 0.155778 +/- 0.0121021    
32 0.160408 +/- 0.012485     
33 0.165016 +/- 0.0128806    
34 0.169634 +/- 0.0132965    
35 0.174229 +/- 0.013718     
36 0.17858 +/- 0.0140948     
37 0.183067 +/- 0.0144565    
38 0.1875 +/- 0.0148315      
39 0.191846 +/- 0.0151902    
40 0.196297 +/- 0.0155465    
41 0.200757 +/- 0.015918     
42 0.204971 +/- 0.0162358    
43 0.209321 +/- 0.0165905    
44 0.213744 +/- 0.0169723    
45 0.218112 +/- 0.0173644    
46 0.222425 +/- 0.0177532    
47 0.22681 +/- 0.0181354     
48 0.231237 +/- 0.0185417    
49 0.235673 +/- 0.0189517    
50 0.240054 +/- 0.0193686    
51 0.244412 +/- 0.0197765    
52 0.248746 +/- 0.0201893    
53 0.25309 +/- 0.0206055     
54 0.257313 +/- 0.0210158    
55 0.261642 +/- 0.0214386    
56 0.265851 +/- 0.0218632    
57 0.269972 +/- 0.0222889    
58 0.274036 +/- 0.0226851    
59 0.278109 +/- 0.0230845    
60 0.282255 +/- 0.0235114    
61 0.286475 +/- 0.0239331    
62 0.290703 +/- 0.0243808    
63 0.29494 +/- 0.0248426     
END dQ2
