
# File: ../t_force_b25_0s2a_t2.log
beta: 3
nconf:  1024
nbatch:   32
BEGIN dQ2
 0 0 +/- 0              
 1 2.41981 +/- 0.0239852
 2 4.20242 +/- 0.0434617
 3 5.83469 +/- 0.0702254
 4 7.34216 +/- 0.0919953
 5 8.7278 +/- 0.111666  
 6 9.97403 +/- 0.126435 
 7 11.1162 +/- 0.145283 
 8 12.1643 +/- 0.161372 
 9 13.1471 +/- 0.179391 
10 14.0067 +/- 0.194906 
11 14.8036 +/- 0.228604 
12 15.5629 +/- 0.261848 
13 16.2376 +/- 0.293923 
14 16.8695 +/- 0.327781 
15 17.4636 +/- 0.358338 
16 17.998 +/- 0.384163  
17 18.4986 +/- 0.405083 
18 18.9047 +/- 0.425829 
19 19.28 +/- 0.449832   
20 19.6329 +/- 0.479794 
21 19.9432 +/- 0.51008  
22 20.2435 +/- 0.542417 
23 20.5187 +/- 0.580047 
24 20.8036 +/- 0.610342 
25 20.9967 +/- 0.637845 
26 21.2048 +/- 0.662192 
27 21.334 +/- 0.682886  
28 21.457 +/- 0.693953  
29 21.6193 +/- 0.698137 
30 21.7775 +/- 0.700539 
31 21.8929 +/- 0.705647 
32 22.0142 +/- 0.712808 
33 22.1452 +/- 0.718874 
34 22.2492 +/- 0.719757 
35 22.3468 +/- 0.724136 
36 22.4217 +/- 0.729985 
37 22.4795 +/- 0.734741 
38 22.584 +/- 0.726697  
39 22.6345 +/- 0.719459 
40 22.6934 +/- 0.716675 
41 22.7385 +/- 0.713655 
42 22.7369 +/- 0.711336 
43 22.7646 +/- 0.71351  
44 22.7911 +/- 0.719739 
45 22.8198 +/- 0.726595 
46 22.8568 +/- 0.73489  
47 22.8943 +/- 0.741675 
48 22.9313 +/- 0.747729 
49 22.9622 +/- 0.756975 
50 23.0042 +/- 0.765489 
51 23.0428 +/- 0.772478 
52 23.0673 +/- 0.776457 
53 23.1104 +/- 0.776375 
54 23.1324 +/- 0.784222 
55 23.1328 +/- 0.793203 
56 23.1144 +/- 0.793002 
57 23.0876 +/- 0.791113 
58 23.0884 +/- 0.796278 
59 23.0929 +/- 0.79701  
60 23.0635 +/- 0.799304 
61 23.049 +/- 0.807245  
62 23.0764 +/- 0.806098 
63 23.0797 +/- 0.810857 
END dQ2
beta: 4
nconf:  1024
nbatch:   32
BEGIN dQ2
 0 0 +/- 0                
 1 0.310759 +/- 0.00468849
 2 0.528345 +/- 0.00641033
 3 0.730197 +/- 0.0101694 
 4 0.927022 +/- 0.0137396 
 5 1.12117 +/- 0.0180965  
 6 1.31489 +/- 0.0224522  
 7 1.50605 +/- 0.0276715  
 8 1.68845 +/- 0.0316881  
 9 1.86909 +/- 0.0357086  
10 2.04635 +/- 0.0397187  
11 2.22597 +/- 0.0437466  
12 2.40999 +/- 0.0471794  
13 2.59183 +/- 0.0516198  
14 2.7715 +/- 0.0559249   
15 2.9532 +/- 0.0589971   
16 3.13232 +/- 0.0628062  
17 3.30204 +/- 0.0663584  
18 3.4744 +/- 0.0712303   
19 3.63694 +/- 0.0756536  
20 3.79603 +/- 0.0814841  
21 3.95105 +/- 0.0887318  
22 4.1061 +/- 0.0947787   
23 4.26336 +/- 0.100662   
24 4.41937 +/- 0.106403   
25 4.57213 +/- 0.111856   
26 4.71956 +/- 0.117949   
27 4.85948 +/- 0.122595   
28 4.99984 +/- 0.12723    
29 5.13706 +/- 0.132022   
30 5.26999 +/- 0.137224   
31 5.40184 +/- 0.142017   
32 5.52876 +/- 0.147509   
33 5.65704 +/- 0.15242    
34 5.77516 +/- 0.156588   
35 5.89336 +/- 0.161134   
36 6.00854 +/- 0.165271   
37 6.12095 +/- 0.169741   
38 6.23235 +/- 0.174385   
39 6.33972 +/- 0.17973    
40 6.45122 +/- 0.185618   
41 6.55264 +/- 0.191284   
42 6.65195 +/- 0.197104   
43 6.75102 +/- 0.203352   
44 6.84592 +/- 0.209333   
45 6.93776 +/- 0.214899   
46 7.02914 +/- 0.220743   
47 7.12382 +/- 0.225987   
48 7.21091 +/- 0.23125    
49 7.29641 +/- 0.236552   
50 7.38479 +/- 0.241348   
51 7.47652 +/- 0.24644    
52 7.5626 +/- 0.252707    
53 7.64557 +/- 0.258454   
54 7.72358 +/- 0.264649   
55 7.79905 +/- 0.270654   
56 7.8749 +/- 0.276463    
57 7.95311 +/- 0.281747   
58 8.03161 +/- 0.286878   
59 8.1091 +/- 0.291235    
60 8.18523 +/- 0.296258   
61 8.26382 +/- 0.301582   
62 8.34021 +/- 0.306527   
63 8.41145 +/- 0.311834   
END dQ2
beta: 5
nconf:  1024
nbatch:   32
BEGIN dQ2
 0 0 +/- 0                 
 1 0.0917339 +/- 0.00148592
 2 0.168359 +/- 0.00256856 
 3 0.240604 +/- 0.00368512 
 4 0.313664 +/- 0.00517333 
 5 0.386531 +/- 0.00636231 
 6 0.459111 +/- 0.00799412 
 7 0.532479 +/- 0.00954484 
 8 0.604546 +/- 0.0113016  
 9 0.67617 +/- 0.0133542   
10 0.747442 +/- 0.015831   
11 0.817775 +/- 0.0183057  
12 0.886889 +/- 0.0207774  
13 0.954902 +/- 0.023497   
14 1.02203 +/- 0.0262053   
15 1.08845 +/- 0.0285586   
16 1.15253 +/- 0.030613    
17 1.21605 +/- 0.032924    
18 1.27948 +/- 0.035037    
19 1.34241 +/- 0.0372874   
20 1.40454 +/- 0.0395141   
21 1.46632 +/- 0.0418397   
22 1.52851 +/- 0.0442533   
23 1.5901 +/- 0.0465833    
24 1.65206 +/- 0.0489594   
25 1.71171 +/- 0.0513533   
26 1.77267 +/- 0.0537703   
27 1.83334 +/- 0.0562059   
28 1.89524 +/- 0.0588062   
29 1.9566 +/- 0.0612901    
30 2.01823 +/- 0.0636339   
31 2.08072 +/- 0.0660887   
32 2.14214 +/- 0.0689103   
33 2.20358 +/- 0.0715134   
34 2.2642 +/- 0.0740784    
35 2.32334 +/- 0.0769637   
36 2.38171 +/- 0.0797433   
37 2.44 +/- 0.082521       
38 2.49661 +/- 0.085366    
39 2.55244 +/- 0.0882213   
40 2.60693 +/- 0.0913055   
41 2.66219 +/- 0.0942865   
42 2.71773 +/- 0.097459    
43 2.77246 +/- 0.100708    
44 2.82592 +/- 0.104038    
45 2.87915 +/- 0.107215    
46 2.93325 +/- 0.110269    
47 2.98749 +/- 0.113425    
48 3.04124 +/- 0.116546    
49 3.09391 +/- 0.119242    
50 3.14505 +/- 0.121921    
51 3.19527 +/- 0.124709    
52 3.2463 +/- 0.127492     
53 3.29454 +/- 0.130335    
54 3.34362 +/- 0.133415    
55 3.39122 +/- 0.136349    
56 3.44115 +/- 0.139169    
57 3.49131 +/- 0.141895    
58 3.54176 +/- 0.144678    
59 3.59106 +/- 0.14761     
60 3.64147 +/- 0.150531    
61 3.6913 +/- 0.153701     
62 3.74103 +/- 0.156862    
63 3.79009 +/- 0.160023    
END dQ2
beta: 6
nconf:  1024
nbatch:   32
BEGIN dQ2
 0 0 +/- 0                  
 1 0.0178397 +/- 0.000871228
 2 0.0336656 +/- 0.00159614 
 3 0.0491246 +/- 0.00237159 
 4 0.0643995 +/- 0.00317361 
 5 0.079643 +/- 0.00402677  
 6 0.0947016 +/- 0.00479187 
 7 0.109759 +/- 0.00553397  
 8 0.125031 +/- 0.00636005  
 9 0.140117 +/- 0.00718285  
10 0.154709 +/- 0.00803823  
11 0.16896 +/- 0.00884784   
12 0.183115 +/- 0.00967491  
13 0.197484 +/- 0.010529    
14 0.211696 +/- 0.0113624   
15 0.226028 +/- 0.0122633   
16 0.240048 +/- 0.0131276   
17 0.254314 +/- 0.0140712   
18 0.268452 +/- 0.0150232   
19 0.282556 +/- 0.0159845   
20 0.296782 +/- 0.0169379   
21 0.310942 +/- 0.0179564   
22 0.325225 +/- 0.0190384   
23 0.339535 +/- 0.0200986   
24 0.353687 +/- 0.0211526   
25 0.367899 +/- 0.022237    
26 0.382139 +/- 0.0233565   
27 0.396377 +/- 0.0245247   
28 0.410674 +/- 0.0257037   
29 0.424655 +/- 0.0268157   
30 0.438758 +/- 0.0279313   
31 0.452983 +/- 0.0291728   
32 0.466797 +/- 0.0304066   
33 0.480827 +/- 0.0316969   
34 0.494665 +/- 0.0329478   
35 0.508247 +/- 0.0341735   
36 0.521983 +/- 0.0353863   
37 0.535778 +/- 0.0365926   
38 0.549569 +/- 0.0378      
39 0.563515 +/- 0.0389988   
40 0.577426 +/- 0.0403059   
41 0.591334 +/- 0.0415819   
42 0.605174 +/- 0.0428305   
43 0.61917 +/- 0.0440919    
44 0.633163 +/- 0.0453062   
45 0.647312 +/- 0.0465266   
46 0.661682 +/- 0.0477736   
47 0.676113 +/- 0.0490445   
48 0.690318 +/- 0.050284    
49 0.704487 +/- 0.0514786   
50 0.718397 +/- 0.0526735   
51 0.732079 +/- 0.053886    
52 0.745756 +/- 0.055021    
53 0.75914 +/- 0.0560962    
54 0.772552 +/- 0.0572124   
55 0.786023 +/- 0.0583886   
56 0.799329 +/- 0.0594666   
57 0.812209 +/- 0.0606272   
58 0.825084 +/- 0.0617584   
59 0.837791 +/- 0.0627973   
60 0.850298 +/- 0.0638786   
61 0.862734 +/- 0.064982    
62 0.875292 +/- 0.0660833   
63 0.887812 +/- 0.0672198   
END dQ2
