
# File: ../t_force_b25_0s6a.log
beta: 3
nconf:  1024
nbatch:    2
BEGIN dQ2
 0 0 +/- 0             
 1 5.56207 +/- 0.259734
 2 7.65068 +/- 0.408696
 3 9.59843 +/- 0.543246
 4 10.9235 +/- 0.616825
 5 12.712 +/- 0.804716 
 6 13.8463 +/- 0.985806
 7 15.2616 +/- 1.11198 
 8 16.2982 +/- 1.23423 
 9 17.4887 +/- 1.36013 
10 18.033 +/- 1.49945  
11 18.6481 +/- 1.71793 
12 19.5084 +/- 1.98095 
13 20.6118 +/- 2.20766 
14 21.5257 +/- 2.3436  
15 22.5094 +/- 2.50951 
16 23.2148 +/- 2.70947 
17 23.9786 +/- 2.87391 
18 24.4354 +/- 2.99139 
19 24.796 +/- 3.16806  
20 25.4128 +/- 3.26859 
21 26.3425 +/- 3.4534  
22 27.017 +/- 3.61466  
23 27.7333 +/- 3.83116 
24 28.1115 +/- 4.0111  
25 28.6847 +/- 4.14036 
26 29.263 +/- 4.29913  
27 29.9203 +/- 4.44113 
28 30.1637 +/- 4.62306 
29 30.8136 +/- 4.73543 
30 31.1268 +/- 4.8642  
31 31.1702 +/- 4.9966  
32 31.5257 +/- 5.04544 
33 32.3597 +/- 5.18452 
34 32.8646 +/- 5.2968  
35 33.4934 +/- 5.45838 
36 33.8203 +/- 5.62696 
37 34.0623 +/- 5.7817  
38 34.7282 +/- 5.90423 
39 35.4254 +/- 6.05056 
40 36.1098 +/- 6.13155 
41 36.5432 +/- 6.22942 
42 37.0137 +/- 6.34868 
43 37.344 +/- 6.49751  
44 38.0689 +/- 6.69828 
45 38.9377 +/- 6.86727 
46 39.3773 +/- 6.97391 
47 39.7994 +/- 7.2297  
48 40.7249 +/- 7.24444 
49 41.4528 +/- 7.42364 
50 41.9677 +/- 7.60672 
51 42.6136 +/- 7.78964 
52 43.2413 +/- 7.94996 
53 43.8687 +/- 8.13482 
54 44.3567 +/- 8.36611 
55 44.9716 +/- 8.53574 
56 45.6875 +/- 8.66738 
57 46.0677 +/- 8.76978 
58 46.6242 +/- 8.84975 
59 46.9902 +/- 8.98509 
60 47.5213 +/- 9.01754 
61 47.796 +/- 9.17053  
62 48.2838 +/- 9.33943 
63 48.6363 +/- 9.36612 
END dQ2
beta: 4
nconf:  1024
nbatch:    2
BEGIN dQ2
 0 0 +/- 0               
 1 0.983382 +/- 0.0610178
 2 1.4863 +/- 0.116806   
 3 1.83497 +/- 0.160492  
 4 2.16618 +/- 0.210388  
 5 2.43376 +/- 0.270838  
 6 2.65079 +/- 0.313892  
 7 2.9233 +/- 0.351046   
 8 3.1747 +/- 0.406425   
 9 3.42118 +/- 0.45969   
10 3.67258 +/- 0.504678  
11 3.96644 +/- 0.555226  
12 4.2085 +/- 0.603643   
13 4.43867 +/- 0.654158  
14 4.71485 +/- 0.710565  
15 5.01933 +/- 0.770701  
16 5.33135 +/- 0.81279   
17 5.60129 +/- 0.865957  
18 5.83946 +/- 0.91967   
19 6.15522 +/- 0.975778  
20 6.39791 +/- 1.03651   
21 6.56132 +/- 1.09097   
22 6.67914 +/- 1.15366   
23 6.84715 +/- 1.21991   
24 7.0445 +/- 1.28841    
25 7.28128 +/- 1.35179   
26 7.43537 +/- 1.42643   
27 7.65045 +/- 1.49021   
28 7.81878 +/- 1.55591   
29 7.99246 +/- 1.62717   
30 8.167 +/- 1.68928     
31 8.35549 +/- 1.75497   
32 8.62601 +/- 1.79419   
33 8.8335 +/- 1.82138    
34 8.99949 +/- 1.85867   
35 9.12133 +/- 1.90022   
36 9.26872 +/- 1.93291   
37 9.45795 +/- 1.99493   
38 9.68611 +/- 2.0318    
39 9.87513 +/- 2.06667   
40 10.0498 +/- 2.10492   
41 10.1872 +/- 2.14989   
42 10.3946 +/- 2.16601   
43 10.5882 +/- 2.22014   
44 10.7903 +/- 2.26659   
45 11.0347 +/- 2.31173   
46 11.2643 +/- 2.35631   
47 11.5143 +/- 2.38646   
48 11.7853 +/- 2.42289   
49 12.0431 +/- 2.47171   
50 12.2623 +/- 2.54375   
51 12.4239 +/- 2.58906   
52 12.6718 +/- 2.63672   
53 12.9274 +/- 2.68434   
54 13.2397 +/- 2.70903   
55 13.5428 +/- 2.74421   
56 13.797 +/- 2.81158    
57 14.092 +/- 2.86126    
58 14.3499 +/- 2.91624   
59 14.5813 +/- 2.995     
60 14.9123 +/- 3.04736   
61 15.2082 +/- 3.08506   
62 15.4579 +/- 3.13738   
63 15.6941 +/- 3.22042   
END dQ2
beta: 5
nconf:  1024
nbatch:    2
BEGIN dQ2
 0 0 +/- 0               
 1 0.150538 +/- 0.0182928
 2 0.249511 +/- 0.0323982
 3 0.323213 +/- 0.0461964
 4 0.393137 +/- 0.0547964
 5 0.450442 +/- 0.0643733
 6 0.502947 +/- 0.0728748
 7 0.564405 +/- 0.0810589
 8 0.61122 +/- 0.0900248 
 9 0.653202 +/- 0.0989387
10 0.695266 +/- 0.108293 
11 0.727542 +/- 0.117685 
12 0.779644 +/- 0.125944 
13 0.821464 +/- 0.13501  
14 0.874752 +/- 0.144157 
15 0.929138 +/- 0.152852 
16 0.983631 +/- 0.161852 
17 1.03724 +/- 0.170935  
18 1.09294 +/- 0.178292  
19 1.14925 +/- 0.186009  
20 1.19671 +/- 0.194434  
21 1.24626 +/- 0.206322  
22 1.28942 +/- 0.216185  
23 1.33916 +/- 0.225006  
24 1.38 +/- 0.234983     
25 1.42142 +/- 0.244789  
26 1.46693 +/- 0.255138  
27 1.51856 +/- 0.265168  
28 1.56627 +/- 0.275774  
29 1.6201 +/- 0.285687   
30 1.6665 +/- 0.295075   
31 1.71198 +/- 0.305919  
32 1.74647 +/- 0.317403  
33 1.79011 +/- 0.327614  
34 1.83586 +/- 0.336007  
35 1.88979 +/- 0.346038  
36 1.93775 +/- 0.35855   
37 1.98784 +/- 0.374358  
38 2.03296 +/- 0.386877  
39 2.06701 +/- 0.4002    
40 2.10467 +/- 0.411334  
41 2.13937 +/- 0.421424  
42 2.17413 +/- 0.431467  
43 2.21203 +/- 0.443176  
44 2.24643 +/- 0.454641  
45 2.27886 +/- 0.468979  
46 2.31953 +/- 0.483145  
47 2.36029 +/- 0.495089  
48 2.4124 +/- 0.50956    
49 2.46872 +/- 0.524764  
50 2.50308 +/- 0.537249  
51 2.53289 +/- 0.549659  
52 2.56173 +/- 0.562354  
53 2.5896 +/- 0.572655   
54 2.62062 +/- 0.583545  
55 2.65273 +/- 0.592476  
56 2.6937 +/- 0.601851   
57 2.72544 +/- 0.61038   
58 2.75207 +/- 0.623007  
59 2.77824 +/- 0.634552  
60 2.80965 +/- 0.643415  
61 2.84787 +/- 0.655186  
62 2.88877 +/- 0.673     
63 2.93028 +/- 0.686551  
END dQ2
beta: 6
nconf:  1024
nbatch:    2
BEGIN dQ2
 0 0 +/- 0                 
 1 0.0430108 +/- 0.00714463
 2 0.0567515 +/- 0.00907064
 3 0.0744368 +/- 0.0112306 
 4 0.0990196 +/- 0.014335  
 5 0.109912 +/- 0.0152289  
 6 0.125737 +/- 0.0162911  
 7 0.14061 +/- 0.0180894   
 8 0.15748 +/- 0.0204533   
 9 0.175369 +/- 0.0232432  
10 0.190335 +/- 0.0254037  
11 0.208292 +/- 0.0284468  
12 0.225296 +/- 0.0312916  
13 0.241345 +/- 0.034229   
14 0.257426 +/- 0.0366494  
15 0.272547 +/- 0.0390804  
16 0.287698 +/- 0.0418503  
17 0.30288 +/- 0.043964    
18 0.317097 +/- 0.0464884  
19 0.331343 +/- 0.0492473  
20 0.345618 +/- 0.0515481  
21 0.358923 +/- 0.0540049  
22 0.374251 +/- 0.0563212  
23 0.388611 +/- 0.058827   
24 0.404 +/- 0.0613477     
25 0.418418 +/- 0.0636542  
26 0.431864 +/- 0.0655652  
27 0.44333 +/- 0.0677686   
28 0.457831 +/- 0.0702802  
29 0.469347 +/- 0.0724401  
30 0.478873 +/- 0.0752301  
31 0.492447 +/- 0.0769867  
32 0.503024 +/- 0.0795138  
33 0.513118 +/- 0.0816597  
34 0.524242 +/- 0.0845914  
35 0.535389 +/- 0.0868431  
36 0.545547 +/- 0.0899728  
37 0.554711 +/- 0.0930839  
38 0.566937 +/- 0.0954689  
39 0.575127 +/- 0.0990595  
40 0.584858 +/- 0.102236   
41 0.595626 +/- 0.105113   
42 0.605397 +/- 0.108622   
43 0.616208 +/- 0.112391   
44 0.627041 +/- 0.116367   
45 0.634831 +/- 0.119159   
46 0.644683 +/- 0.121233   
47 0.655578 +/- 0.12372    
48 0.664447 +/- 0.126743   
49 0.675385 +/- 0.12891    
50 0.685318 +/- 0.131432   
51 0.693217 +/- 0.134026   
52 0.704218 +/- 0.13602    
53 0.713182 +/- 0.138623   
54 0.723196 +/- 0.141392   
55 0.73323 +/- 0.143886    
56 0.743285 +/- 0.147083   
57 0.754395 +/- 0.149719   
58 0.765528 +/- 0.153022   
59 0.776684 +/- 0.155687   
60 0.7889 +/- 0.159278     
61 0.79595 +/- 0.162543    
62 0.807692 +/- 0.164611   
63 0.817378 +/- 0.168224   
END dQ2
