
# File: ../t_force_b25_0s4ac.log
beta: 3
nconf:  1024
nbatch:    8
BEGIN dQ2
 0 0 +/- 0              
 1 4.90591 +/- 0.0608269
 2 7.99376 +/- 0.136631 
 3 10.543 +/- 0.200868  
 4 13.0771 +/- 0.269602 
 5 15.583 +/- 0.332747  
 6 17.9311 +/- 0.440707 
 7 20.2321 +/- 0.567726 
 8 22.6228 +/- 0.689258 
 9 24.7869 +/- 0.843527 
10 27.0014 +/- 0.95518  
11 29.192 +/- 1.02942   
12 31.2028 +/- 1.16446  
13 33.2774 +/- 1.27384  
14 35.097 +/- 1.45625   
15 36.9561 +/- 1.61667  
16 38.7587 +/- 1.75378  
17 40.5217 +/- 1.87698  
18 42.4341 +/- 1.99111  
19 44.0868 +/- 2.07373  
20 45.6731 +/- 2.05788  
21 47.2114 +/- 2.10245  
22 48.8579 +/- 2.17306  
23 50.2385 +/- 2.23904  
24 51.6838 +/- 2.32646  
25 53.0384 +/- 2.47972  
26 54.4762 +/- 2.64549  
27 55.6918 +/- 2.76654  
28 57.0237 +/- 2.84407  
29 58.2019 +/- 2.97539  
30 59.4611 +/- 3.06397  
31 60.7626 +/- 3.20065  
32 62.0596 +/- 3.26973  
33 63.2335 +/- 3.40824  
34 64.3968 +/- 3.54143  
35 65.3147 +/- 3.67659  
36 66.3826 +/- 3.74991  
37 67.3014 +/- 3.81609  
38 68.2478 +/- 3.95215  
39 69.1143 +/- 4.09122  
40 69.9717 +/- 4.1838   
41 70.7922 +/- 4.26133  
42 71.3985 +/- 4.34775  
43 72.0138 +/- 4.38843  
44 72.5408 +/- 4.42622  
45 72.9539 +/- 4.43258  
46 73.5362 +/- 4.47123  
47 74.0293 +/- 4.50442  
48 74.7423 +/- 4.5768   
49 75.1773 +/- 4.63521  
50 75.7145 +/- 4.70159  
51 76.251 +/- 4.90582   
52 76.7206 +/- 4.98526  
53 77.1744 +/- 5.04855  
54 77.4213 +/- 5.13511  
55 77.5409 +/- 5.14725  
56 77.5905 +/- 5.21663  
57 77.5509 +/- 5.34312  
58 77.7217 +/- 5.4605   
59 77.8185 +/- 5.51671  
60 77.9165 +/- 5.62366  
61 77.9354 +/- 5.68973  
62 78.0082 +/- 5.75776  
63 77.9173 +/- 5.79093  
END dQ2
beta: 4
nconf:  1024
nbatch:    8
BEGIN dQ2
 0 0 +/- 0                
 1 0.567815 +/- 0.00996437
 2 0.851761 +/- 0.0159498 
 3 1.11239 +/- 0.034904   
 4 1.3587 +/- 0.0532049   
 5 1.59102 +/- 0.067281   
 6 1.82699 +/- 0.0836141  
 7 2.04585 +/- 0.104117   
 8 2.26489 +/- 0.127942   
 9 2.47869 +/- 0.144311   
10 2.6732 +/- 0.153796    
11 2.88759 +/- 0.170336   
12 3.08708 +/- 0.180919   
13 3.29884 +/- 0.197331   
14 3.49913 +/- 0.20592    
15 3.69884 +/- 0.222446   
16 3.89819 +/- 0.237967   
17 4.09049 +/- 0.261348   
18 4.28057 +/- 0.282308   
19 4.49241 +/- 0.301717   
20 4.72124 +/- 0.323301   
21 4.92884 +/- 0.340796   
22 5.15394 +/- 0.35957    
23 5.35477 +/- 0.37664    
24 5.55962 +/- 0.393277   
25 5.76076 +/- 0.409953   
26 5.97157 +/- 0.437689   
27 6.18343 +/- 0.460265   
28 6.3686 +/- 0.481863    
29 6.57249 +/- 0.501733   
30 6.75226 +/- 0.522184   
31 6.94423 +/- 0.541231   
32 7.13054 +/- 0.55933    
33 7.32001 +/- 0.580605   
34 7.5096 +/- 0.605012    
35 7.69414 +/- 0.629966   
36 7.8731 +/- 0.649389    
37 8.04129 +/- 0.668748   
38 8.1998 +/- 0.694488    
39 8.34619 +/- 0.718931   
40 8.49251 +/- 0.743696   
41 8.64942 +/- 0.768669   
42 8.81441 +/- 0.793414   
43 8.95744 +/- 0.817918   
44 9.12207 +/- 0.849018   
45 9.28039 +/- 0.881642   
46 9.4407 +/- 0.907029    
47 9.61387 +/- 0.939698   
48 9.77267 +/- 0.969022   
49 9.93718 +/- 1.00712    
50 10.1077 +/- 1.04109    
51 10.2645 +/- 1.07419    
52 10.4357 +/- 1.1086     
53 10.5995 +/- 1.14677    
54 10.7622 +/- 1.18631    
55 10.9098 +/- 1.22155    
56 11.0789 +/- 1.25496    
57 11.2323 +/- 1.29608    
58 11.3822 +/- 1.32795    
59 11.5361 +/- 1.36303    
60 11.6878 +/- 1.39941    
61 11.8346 +/- 1.43438    
62 11.9817 +/- 1.47022    
63 12.1349 +/- 1.50463    
END dQ2
beta: 5
nconf:  1024
nbatch:    8
BEGIN dQ2
 0 0 +/- 0                
 1 0.101662 +/- 0.00541745
 2 0.170377 +/- 0.00843832
 3 0.228697 +/- 0.0122681 
 4 0.287868 +/- 0.0149271 
 5 0.34789 +/- 0.0180782  
 6 0.407539 +/- 0.0209416 
 7 0.467797 +/- 0.0224583 
 8 0.528297 +/- 0.0252501 
 9 0.588424 +/- 0.0285943 
10 0.644354 +/- 0.0321113 
11 0.70311 +/- 0.0366696  
12 0.756546 +/- 0.0395808 
13 0.814293 +/- 0.0429839 
14 0.869059 +/- 0.0480266 
15 0.923067 +/- 0.0524069 
16 0.976314 +/- 0.0571733 
17 1.02768 +/- 0.0610755  
18 1.08151 +/- 0.064878   
19 1.13557 +/- 0.0691289  
20 1.18924 +/- 0.0750275  
21 1.23716 +/- 0.0799262  
22 1.28743 +/- 0.085253   
23 1.33629 +/- 0.0909544  
24 1.38613 +/- 0.0954645  
25 1.43881 +/- 0.100817   
26 1.48873 +/- 0.106035   
27 1.53987 +/- 0.112911   
28 1.58998 +/- 0.117654   
29 1.64008 +/- 0.122576   
30 1.69014 +/- 0.125139   
31 1.7398 +/- 0.126962    
32 1.79284 +/- 0.131179   
33 1.84624 +/- 0.134591   
34 1.89912 +/- 0.137305   
35 1.94818 +/- 0.140185   
36 2.00013 +/- 0.14397    
37 2.05294 +/- 0.148619   
38 2.10319 +/- 0.152719   
39 2.1566 +/- 0.156922    
40 2.20783 +/- 0.161364   
41 2.25763 +/- 0.16676    
42 2.30728 +/- 0.173281   
43 2.35844 +/- 0.178621   
44 2.40702 +/- 0.18438    
45 2.45518 +/- 0.189555   
46 2.50716 +/- 0.195744   
47 2.55873 +/- 0.201999   
48 2.61232 +/- 0.208796   
49 2.66628 +/- 0.215708   
50 2.71689 +/- 0.22216    
51 2.77094 +/- 0.228482   
52 2.82215 +/- 0.235006   
53 2.87371 +/- 0.241839   
54 2.92448 +/- 0.248536   
55 2.97884 +/- 0.253752   
56 3.02854 +/- 0.259373   
57 3.07717 +/- 0.264379   
58 3.12785 +/- 0.271212   
59 3.17461 +/- 0.27796    
60 3.22523 +/- 0.286041   
61 3.27596 +/- 0.293867   
62 3.3238 +/- 0.302546    
63 3.36941 +/- 0.30955    
END dQ2
beta: 6
nconf:  1024
nbatch:    8
BEGIN dQ2
 0 0 +/- 0                 
 1 0.0188172 +/- 0.00226063
 2 0.0300881 +/- 0.00307063
 3 0.0394221 +/- 0.00370075
 4 0.0492647 +/- 0.00459004
 5 0.0593719 +/- 0.00535266
 6 0.0699902 +/- 0.0061898 
 7 0.0806293 +/- 0.00703679
 8 0.0910433 +/- 0.0078806 
 9 0.101724 +/- 0.00894824 
10 0.112426 +/- 0.00988304 
11 0.123396 +/- 0.0106288  
12 0.13414 +/- 0.0115926   
13 0.144906 +/- 0.0125157  
14 0.155817 +/- 0.013618   
15 0.16613 +/- 0.0144691   
16 0.176587 +/- 0.0154863  
17 0.187314 +/- 0.0166454  
18 0.198062 +/- 0.0176131  
19 0.20908 +/- 0.0187122   
20 0.220369 +/- 0.020128   
21 0.231929 +/- 0.0216302  
22 0.243513 +/- 0.0231508  
23 0.255869 +/- 0.0249511  
24 0.268375 +/- 0.0266069  
25 0.28028 +/- 0.0283959   
26 0.29246 +/- 0.0299875   
27 0.304664 +/- 0.0317416  
28 0.316893 +/- 0.033559   
29 0.329146 +/- 0.0353748  
30 0.341172 +/- 0.0372852  
31 0.353474 +/- 0.039116   
32 0.366053 +/- 0.0408304  
33 0.378153 +/- 0.0425936  
34 0.39053 +/- 0.0446542   
35 0.402932 +/- 0.0462333  
36 0.415106 +/- 0.0478907  
37 0.427558 +/- 0.0494916  
38 0.439782 +/- 0.051259   
39 0.452538 +/- 0.0531448  
40 0.465828 +/- 0.0550893  
41 0.479145 +/- 0.0570333  
42 0.492235 +/- 0.0590641  
43 0.505352 +/- 0.0611013  
44 0.51875 +/- 0.0633387   
45 0.532431 +/- 0.0655049  
46 0.54614 +/- 0.0678484   
47 0.559621 +/- 0.070196   
48 0.57313 +/- 0.0725521   
49 0.586154 +/- 0.0747621  
50 0.599589 +/- 0.0769294  
51 0.613181 +/- 0.0792012  
52 0.6268 +/- 0.0814557    
53 0.640577 +/- 0.0836853  
54 0.654253 +/- 0.0858633  
55 0.667441 +/- 0.0879706  
56 0.680914 +/- 0.0903912  
57 0.694157 +/- 0.0925291  
58 0.707428 +/- 0.094866   
59 0.720207 +/- 0.0969763  
60 0.733791 +/- 0.0992437  
61 0.747144 +/- 0.101415   
62 0.760525 +/- 0.103587   
63 0.774584 +/- 0.105712   
END dQ2
