
# File: ../t_force_b25_0s0a_t2.log
beta: 3
nconf:  1024
nbatch:  128
BEGIN dQ2
 0 0 +/- 0                
 1 0.697199 +/- 0.00426045
 2 1.19205 +/- 0.00741143 
 3 1.62302 +/- 0.0112305  
 4 2.01504 +/- 0.015253   
 5 2.36276 +/- 0.0191951  
 6 2.67896 +/- 0.0231765  
 7 2.96986 +/- 0.0263103  
 8 3.22952 +/- 0.0298809  
 9 3.46532 +/- 0.0329074  
10 3.6741 +/- 0.0358636   
11 3.86244 +/- 0.0391708  
12 4.02761 +/- 0.0422959  
13 4.17926 +/- 0.0453012  
14 4.31241 +/- 0.0480569  
15 4.43538 +/- 0.0506064  
16 4.55235 +/- 0.0531732  
17 4.65641 +/- 0.0559959  
18 4.7472 +/- 0.0585243   
19 4.82906 +/- 0.0601293  
20 4.89969 +/- 0.062108   
21 4.96475 +/- 0.0638296  
22 5.02969 +/- 0.0653063  
23 5.08283 +/- 0.0665591  
24 5.14027 +/- 0.068042   
25 5.18947 +/- 0.0692685  
26 5.22761 +/- 0.0703918  
27 5.26246 +/- 0.0717929  
28 5.29028 +/- 0.0732715  
29 5.32252 +/- 0.0740712  
30 5.34973 +/- 0.0750827  
31 5.37484 +/- 0.0764158  
32 5.39695 +/- 0.0776776  
33 5.41312 +/- 0.0783416  
34 5.4294 +/- 0.0793207   
35 5.44838 +/- 0.0808369  
36 5.46765 +/- 0.0814489  
37 5.48432 +/- 0.081988   
38 5.49632 +/- 0.0825826  
39 5.50209 +/- 0.0828203  
40 5.51261 +/- 0.0833459  
41 5.51977 +/- 0.0836683  
42 5.53069 +/- 0.0840677  
43 5.53416 +/- 0.0839774  
44 5.54013 +/- 0.0840016  
45 5.54529 +/- 0.0841368  
46 5.5518 +/- 0.0847555   
47 5.56052 +/- 0.0848369  
48 5.57127 +/- 0.0846013  
49 5.57536 +/- 0.0846388  
50 5.57938 +/- 0.0848304  
51 5.58325 +/- 0.0847579  
52 5.58221 +/- 0.0849515  
53 5.58232 +/- 0.0854225  
54 5.58051 +/- 0.0852638  
55 5.57353 +/- 0.0851126  
56 5.57305 +/- 0.0853025  
57 5.57118 +/- 0.0849716  
58 5.56848 +/- 0.0843733  
59 5.56696 +/- 0.0836416  
60 5.56576 +/- 0.0831951  
61 5.56589 +/- 0.0832145  
62 5.56793 +/- 0.0828652  
63 5.57118 +/- 0.0823044  
END dQ2
beta: 4
nconf:  1024
nbatch:  128
BEGIN dQ2
 0 0 +/- 0                
 1 0.195076 +/- 0.00173189
 2 0.360667 +/- 0.00318926
 3 0.514309 +/- 0.00474031
 4 0.659988 +/- 0.00632007
 5 0.799842 +/- 0.00781641
 6 0.931951 +/- 0.00935319
 7 1.05708 +/- 0.0108709  
 8 1.17626 +/- 0.0124636  
 9 1.28962 +/- 0.0142475  
10 1.39752 +/- 0.0159324  
11 1.50062 +/- 0.0176632  
12 1.59834 +/- 0.0193507  
13 1.6911 +/- 0.0208418   
14 1.78177 +/- 0.0223757  
15 1.86797 +/- 0.0239326  
16 1.9494 +/- 0.025483    
17 2.02996 +/- 0.0270361  
18 2.10606 +/- 0.0286368  
19 2.18014 +/- 0.0302358  
20 2.25017 +/- 0.0320723  
21 2.31618 +/- 0.0336539  
22 2.37969 +/- 0.0352089  
23 2.44182 +/- 0.0367905  
24 2.50075 +/- 0.0384475  
25 2.55746 +/- 0.0401044  
26 2.60999 +/- 0.0417332  
27 2.66052 +/- 0.043432   
28 2.70991 +/- 0.0451259  
29 2.75464 +/- 0.0467386  
30 2.79783 +/- 0.0480298  
31 2.84175 +/- 0.0493069  
32 2.88317 +/- 0.0502931  
33 2.9233 +/- 0.0513093   
34 2.96333 +/- 0.0523792  
35 2.9989 +/- 0.0536815   
36 3.03228 +/- 0.0548249  
37 3.06375 +/- 0.0561975  
38 3.095 +/- 0.0574805    
39 3.12387 +/- 0.0585659  
40 3.15292 +/- 0.0595721  
41 3.18117 +/- 0.0605934  
42 3.20783 +/- 0.0617464  
43 3.23453 +/- 0.0628304  
44 3.26088 +/- 0.063991   
45 3.28668 +/- 0.0650332  
46 3.3126 +/- 0.0659392   
47 3.33684 +/- 0.066848   
48 3.36023 +/- 0.0677681  
49 3.383 +/- 0.0687107    
50 3.40428 +/- 0.0696919  
51 3.42443 +/- 0.0705668  
52 3.44421 +/- 0.0714153  
53 3.46366 +/- 0.0720998  
54 3.48066 +/- 0.072901   
55 3.49502 +/- 0.0737901  
56 3.50783 +/- 0.0745272  
57 3.52058 +/- 0.0752776  
58 3.53189 +/- 0.0760109  
59 3.54313 +/- 0.0767644  
60 3.55423 +/- 0.0774281  
61 3.56503 +/- 0.0780919  
62 3.57641 +/- 0.0786618  
63 3.58868 +/- 0.0792477  
END dQ2
beta: 5
nconf:  1024
nbatch:  128
BEGIN dQ2
 0 0 +/- 0                  
 1 0.0434537 +/- 0.000673625
 2 0.0829791 +/- 0.00133371 
 3 0.121794 +/- 0.00198795  
 4 0.160141 +/- 0.002635    
 5 0.197666 +/- 0.0032917   
 6 0.234728 +/- 0.00393394  
 7 0.271471 +/- 0.00459491  
 8 0.308063 +/- 0.00525649  
 9 0.344143 +/- 0.00591012  
10 0.380031 +/- 0.0065931   
11 0.414996 +/- 0.00729077  
12 0.449551 +/- 0.0079792   
13 0.483718 +/- 0.00866254  
14 0.517528 +/- 0.00934743  
15 0.551064 +/- 0.0100525   
16 0.58424 +/- 0.0107301    
17 0.617149 +/- 0.0113946   
18 0.649587 +/- 0.0120835   
19 0.682191 +/- 0.0127733   
20 0.713793 +/- 0.0134976   
21 0.744727 +/- 0.014218    
22 0.775051 +/- 0.0149589   
23 0.805476 +/- 0.0157108   
24 0.835266 +/- 0.0164506   
25 0.864278 +/- 0.0171795   
26 0.892527 +/- 0.017893    
27 0.920143 +/- 0.0186343   
28 0.947258 +/- 0.0194093   
29 0.974121 +/- 0.0202146   
30 1.00057 +/- 0.0209739    
31 1.02647 +/- 0.0217371    
32 1.05217 +/- 0.0225024    
33 1.07753 +/- 0.0232734    
34 1.10247 +/- 0.0240158    
35 1.12697 +/- 0.0247476    
36 1.15121 +/- 0.0255002    
37 1.17506 +/- 0.0262657    
38 1.19894 +/- 0.0270345    
39 1.2226 +/- 0.0278278     
40 1.24613 +/- 0.0286009    
41 1.26915 +/- 0.0293641    
42 1.29129 +/- 0.030131     
43 1.31305 +/- 0.0308828    
44 1.33466 +/- 0.0316589    
45 1.35574 +/- 0.0324415    
46 1.37646 +/- 0.0332294    
47 1.39707 +/- 0.0339878    
48 1.41722 +/- 0.0347383    
49 1.43689 +/- 0.0355183    
50 1.45603 +/- 0.0362989    
51 1.47531 +/- 0.0371051    
52 1.49419 +/- 0.0379322    
53 1.5131 +/- 0.0387538     
54 1.53124 +/- 0.0395682    
55 1.54918 +/- 0.0403755    
56 1.56682 +/- 0.0411596    
57 1.58439 +/- 0.0419199    
58 1.60202 +/- 0.0426895    
59 1.61943 +/- 0.043406     
60 1.63627 +/- 0.0441367    
61 1.65262 +/- 0.0448426    
62 1.66909 +/- 0.045533     
63 1.68508 +/- 0.0462153    
END dQ2
beta: 6
nconf:  1024
nbatch:  128
BEGIN dQ2
 0 0 +/- 0                   
 1 0.00661351 +/- 0.000235432
 2 0.0129801 +/- 0.000458473 
 3 0.0192902 +/- 0.000680665 
 4 0.0254749 +/- 0.000890843 
 5 0.0316103 +/- 0.00110508  
 6 0.0378116 +/- 0.0013241   
 7 0.044025 +/- 0.00154478   
 8 0.0502353 +/- 0.0017672   
 9 0.0564424 +/- 0.00199385  
10 0.062631 +/- 0.00222816   
11 0.0687238 +/- 0.0024616   
12 0.0748363 +/- 0.00269784  
13 0.0808992 +/- 0.00292686  
14 0.0869199 +/- 0.00316207  
15 0.0929835 +/- 0.00340854  
16 0.0990513 +/- 0.00365162  
17 0.105046 +/- 0.00389297   
18 0.111115 +/- 0.00414102   
19 0.117226 +/- 0.00439339   
20 0.123335 +/- 0.00464372   
21 0.129424 +/- 0.00489726   
22 0.135471 +/- 0.00515073   
23 0.141538 +/- 0.00540084   
24 0.147516 +/- 0.00565523   
25 0.15345 +/- 0.00591119    
26 0.159303 +/- 0.006164     
27 0.165105 +/- 0.00641097   
28 0.170879 +/- 0.006656     
29 0.176555 +/- 0.00689667   
30 0.182195 +/- 0.00713946   
31 0.187815 +/- 0.00738433   
32 0.193478 +/- 0.00763295   
33 0.199152 +/- 0.007883     
34 0.204861 +/- 0.00813562   
35 0.21055 +/- 0.00838512    
36 0.216251 +/- 0.0086326    
37 0.22194 +/- 0.00887516    
38 0.227585 +/- 0.00911551   
39 0.233265 +/- 0.00936577   
40 0.239036 +/- 0.00962399   
41 0.244723 +/- 0.00987289   
42 0.250398 +/- 0.0101183    
43 0.256084 +/- 0.0103712    
44 0.261783 +/- 0.010623     
45 0.2675 +/- 0.0108802      
46 0.273206 +/- 0.0111381    
47 0.278883 +/- 0.0113937    
48 0.284492 +/- 0.0116444    
49 0.290112 +/- 0.0118958    
50 0.295688 +/- 0.0121473    
51 0.301323 +/- 0.0124039    
52 0.306922 +/- 0.0126631    
53 0.312572 +/- 0.0129276    
54 0.318291 +/- 0.0131997    
55 0.323941 +/- 0.0134694    
56 0.329594 +/- 0.0137418    
57 0.33517 +/- 0.014013      
58 0.340798 +/- 0.0142878    
59 0.346454 +/- 0.0145648    
60 0.352057 +/- 0.0148414    
61 0.357663 +/- 0.0151174    
62 0.363289 +/- 0.0153897    
63 0.368952 +/- 0.0156728    
END dQ2
