
# File: ../t_force_b25_0s4a_t2.log
beta: 3
nconf:  1024
nbatch:    8
BEGIN dQ2
 0 0 +/- 0             
 1 5.0391 +/- 0.0697211
 2 8.34149 +/- 0.118163
 3 11.1543 +/- 0.21399 
 4 13.8911 +/- 0.322435
 5 16.4108 +/- 0.418148
 6 18.8195 +/- 0.513085
 7 21.1586 +/- 0.630911
 8 23.4668 +/- 0.804384
 9 25.6389 +/- 1.03204 
10 27.8194 +/- 1.22213 
11 30.0368 +/- 1.36479 
12 32.0789 +/- 1.50771 
13 34.1435 +/- 1.69643 
14 36.0894 +/- 1.9166  
15 38.0689 +/- 2.07685 
16 39.9921 +/- 2.23521 
17 41.9034 +/- 2.42308 
18 43.9395 +/- 2.56647 
19 45.7221 +/- 2.71488 
20 47.3871 +/- 2.78367 
21 49.1299 +/- 2.92124 
22 50.7339 +/- 3.09117 
23 52.2871 +/- 3.23381 
24 53.8994 +/- 3.40473 
25 55.4417 +/- 3.611   
26 57.0511 +/- 3.82366 
27 58.502 +/- 3.96878  
28 60.0707 +/- 4.24256 
29 61.531 +/- 4.4893   
30 62.961 +/- 4.74087  
31 64.4384 +/- 4.96251 
32 65.8949 +/- 5.11329 
33 67.3221 +/- 5.3381  
34 68.6182 +/- 5.53329 
35 69.9929 +/- 5.73789 
36 71.0749 +/- 5.90059 
37 72.1679 +/- 6.01536 
38 73.3505 +/- 6.18487 
39 74.325 +/- 6.29356  
40 75.3725 +/- 6.38841 
41 76.2991 +/- 6.48084 
42 77.0302 +/- 6.56427 
43 77.7525 +/- 6.65341 
44 78.4018 +/- 6.70901 
45 78.9448 +/- 6.73545 
46 79.6161 +/- 6.76969 
47 80.2423 +/- 6.8351  
48 80.9352 +/- 6.87209 
49 81.4412 +/- 6.86788 
50 81.9739 +/- 6.92799 
51 82.5385 +/- 7.03091 
52 83.1051 +/- 7.03121 
53 83.5536 +/- 7.05008 
54 83.7171 +/- 7.08085 
55 83.8615 +/- 7.0398  
56 83.8988 +/- 7.05356 
57 83.9129 +/- 7.04787 
58 84.1007 +/- 7.04405 
59 84.0136 +/- 7.03694 
60 83.9112 +/- 7.07721 
61 83.6655 +/- 7.0888  
62 83.363 +/- 7.08301  
63 83.0734 +/- 7.08458 
END dQ2
beta: 4
nconf:  1024
nbatch:    8
BEGIN dQ2
 0 0 +/- 0               
 1 0.592009 +/- 0.0110469
 2 0.898116 +/- 0.0187935
 3 1.2036 +/- 0.0309776  
 4 1.46998 +/- 0.0440927 
 5 1.72841 +/- 0.0526914 
 6 1.97741 +/- 0.0634606 
 7 2.23636 +/- 0.0821774 
 8 2.47638 +/- 0.0956243 
 9 2.69507 +/- 0.11372   
10 2.90496 +/- 0.133609  
11 3.12068 +/- 0.150114  
12 3.34177 +/- 0.157989  
13 3.57431 +/- 0.170413  
14 3.80582 +/- 0.178854  
15 4.03456 +/- 0.191577  
16 4.25335 +/- 0.207099  
17 4.4815 +/- 0.228911   
18 4.70825 +/- 0.254505  
19 4.93507 +/- 0.273549  
20 5.16447 +/- 0.294397  
21 5.40366 +/- 0.308828  
22 5.64858 +/- 0.33067   
23 5.87425 +/- 0.343015  
24 6.12 +/- 0.365369     
25 6.36186 +/- 0.388759  
26 6.60158 +/- 0.414278  
27 6.834 +/- 0.430802    
28 7.04593 +/- 0.446129  
29 7.25804 +/- 0.466313  
30 7.47535 +/- 0.486181  
31 7.7208 +/- 0.506084   
32 7.96258 +/- 0.526489  
33 8.18592 +/- 0.544844  
34 8.42033 +/- 0.56132   
35 8.65319 +/- 0.577304  
36 8.87892 +/- 0.599048  
37 9.08789 +/- 0.610811  
38 9.29564 +/- 0.638227  
39 9.48109 +/- 0.654592  
40 9.68483 +/- 0.675759  
41 9.90259 +/- 0.705323  
42 10.1249 +/- 0.728585  
43 10.3461 +/- 0.751852  
44 10.5577 +/- 0.778232  
45 10.7635 +/- 0.802759  
46 10.9632 +/- 0.825542  
47 11.1603 +/- 0.847702  
48 11.3678 +/- 0.880937  
49 11.5581 +/- 0.91225   
50 11.7569 +/- 0.944813  
51 11.9441 +/- 0.974735  
52 12.1502 +/- 0.998051  
53 12.3572 +/- 1.02083   
54 12.5715 +/- 1.06442   
55 12.761 +/- 1.0975     
56 12.9362 +/- 1.13048   
57 13.1008 +/- 1.17018   
58 13.2532 +/- 1.19918   
59 13.4225 +/- 1.2391    
60 13.5921 +/- 1.27622   
61 13.7757 +/- 1.31719   
62 13.9365 +/- 1.3457    
63 14.1067 +/- 1.37911   
END dQ2
beta: 5
nconf:  1024
nbatch:    8
BEGIN dQ2
 0 0 +/- 0                
 1 0.124756 +/- 0.00603696
 2 0.210861 +/- 0.0114453 
 3 0.287586 +/- 0.0156435 
 4 0.365564 +/- 0.0198579 
 5 0.438665 +/- 0.0246032 
 6 0.513384 +/- 0.0279572 
 7 0.584808 +/- 0.0296857 
 8 0.657849 +/- 0.0330657 
 9 0.72931 +/- 0.0364726  
10 0.798323 +/- 0.0407369 
11 0.865745 +/- 0.0461686 
12 0.928113 +/- 0.0495061 
13 0.991469 +/- 0.0525422 
14 1.05297 +/- 0.0552792  
15 1.11261 +/- 0.0583518  
16 1.17597 +/- 0.0606678  
17 1.24168 +/- 0.0610272  
18 1.30803 +/- 0.0627302  
19 1.37239 +/- 0.0645351  
20 1.44061 +/- 0.0683104  
21 1.50611 +/- 0.0734036  
22 1.56824 +/- 0.0786709  
23 1.62962 +/- 0.0821318  
24 1.69188 +/- 0.0860267  
25 1.75125 +/- 0.089695   
26 1.814 +/- 0.0951568    
27 1.87136 +/- 0.100913   
28 1.92934 +/- 0.105933   
29 1.99284 +/- 0.112295   
30 2.05584 +/- 0.117287   
31 2.11921 +/- 0.1221     
32 2.18347 +/- 0.128878   
33 2.2476 +/- 0.136263    
34 2.31111 +/- 0.142373   
35 2.37323 +/- 0.147403   
36 2.43914 +/- 0.15332    
37 2.5038 +/- 0.160039    
38 2.5677 +/- 0.16571     
39 2.63528 +/- 0.171864   
40 2.70097 +/- 0.178924   
41 2.76679 +/- 0.187657   
42 2.83032 +/- 0.195841   
43 2.89615 +/- 0.204785   
44 2.95816 +/- 0.213642   
45 3.02068 +/- 0.220693   
46 3.08538 +/- 0.228648   
47 3.15225 +/- 0.237584   
48 3.21452 +/- 0.24756    
49 3.27577 +/- 0.25679    
50 3.33778 +/- 0.265507   
51 3.40326 +/- 0.275609   
52 3.46001 +/- 0.285178   
53 3.52266 +/- 0.292817   
54 3.58209 +/- 0.301533   
55 3.64396 +/- 0.308255   
56 3.70571 +/- 0.315094   
57 3.76693 +/- 0.322127   
58 3.8288 +/- 0.328317    
59 3.89184 +/- 0.335305   
60 3.95397 +/- 0.345224   
61 4.02051 +/- 0.354229   
62 4.08212 +/- 0.362993   
63 4.14048 +/- 0.370166   
END dQ2
beta: 6
nconf:  1024
nbatch:    8
BEGIN dQ2
 0 0 +/- 0                 
 1 0.0361681 +/- 0.00284393
 2 0.0631115 +/- 0.00448011
 3 0.0883937 +/- 0.00622413
 4 0.112623 +/- 0.00777597 
 5 0.137022 +/- 0.00941088 
 6 0.162942 +/- 0.0113263  
 7 0.188668 +/- 0.0133811  
 8 0.214075 +/- 0.0150952  
 9 0.239778 +/- 0.0175176  
10 0.265533 +/- 0.0192052  
11 0.292572 +/- 0.0213271  
12 0.318182 +/- 0.0229282  
13 0.344832 +/- 0.0252578  
14 0.371411 +/- 0.0273172  
15 0.397671 +/- 0.0292799  
16 0.424851 +/- 0.0316572  
17 0.451837 +/- 0.0342046  
18 0.479871 +/- 0.0368702  
19 0.508209 +/- 0.0394766  
20 0.536853 +/- 0.0420009  
21 0.565553 +/- 0.0449945  
22 0.593812 +/- 0.0476943  
23 0.622378 +/- 0.050609   
24 0.65075 +/- 0.0533796   
25 0.679179 +/- 0.0560727  
26 0.706914 +/- 0.0588319  
27 0.734203 +/- 0.0613199  
28 0.762048 +/- 0.0637895  
29 0.790201 +/- 0.0664541  
30 0.817782 +/- 0.0693583  
31 0.84567 +/- 0.0719924   
32 0.874118 +/- 0.0751094  
33 0.902497 +/- 0.0781324  
34 0.931439 +/- 0.0812823  
35 0.959934 +/- 0.0847824  
36 0.987475 +/- 0.0882888  
37 1.01583 +/- 0.0913312   
38 1.04386 +/- 0.0941553   
39 1.07272 +/- 0.0975635   
40 1.10124 +/- 0.101016    
41 1.12932 +/- 0.104532    
42 1.15771 +/- 0.108662    
43 1.18591 +/- 0.112739    
44 1.21365 +/- 0.117191    
45 1.2417 +/- 0.121544     
46 1.26904 +/- 0.126046    
47 1.29759 +/- 0.130511    
48 1.32467 +/- 0.135234    
49 1.3509 +/- 0.140032     
50 1.37718 +/- 0.145107    
51 1.40442 +/- 0.150338    
52 1.43146 +/- 0.156055    
53 1.45778 +/- 0.161569    
54 1.48492 +/- 0.166741    
55 1.51109 +/- 0.171418    
56 1.53745 +/- 0.175838    
57 1.56489 +/- 0.180176    
58 1.58954 +/- 0.184513    
59 1.61373 +/- 0.189247    
60 1.63823 +/- 0.193986    
61 1.6616 +/- 0.198688     
62 1.68529 +/- 0.203658    
63 1.70838 +/- 0.208878    
END dQ2
