
# File: ../t_force_b25_1.log
beta: 3
nconf:  1024
nbatch:   64
BEGIN dQ2
 0 0 +/- 0                
 1 0.644779 +/- 0.00527042
 2 1.09783 +/- 0.0091795  
 3 1.49438 +/- 0.0131904  
 4 1.85709 +/- 0.0176955  
 5 2.18767 +/- 0.0216032  
 6 2.48642 +/- 0.0255453  
 7 2.76309 +/- 0.0302878  
 8 3.01466 +/- 0.0349089  
 9 3.24052 +/- 0.0408449  
10 3.44967 +/- 0.0474411  
11 3.64794 +/- 0.0543447  
12 3.81617 +/- 0.0608373  
13 3.96971 +/- 0.0666412  
14 4.11193 +/- 0.0720859  
15 4.23809 +/- 0.0766491  
16 4.35496 +/- 0.0820076  
17 4.45525 +/- 0.086528   
18 4.54243 +/- 0.0910889  
19 4.62167 +/- 0.0952294  
20 4.70224 +/- 0.0992277  
21 4.77457 +/- 0.101467   
22 4.84448 +/- 0.10445    
23 4.91752 +/- 0.106747   
24 4.98514 +/- 0.108986   
25 5.05032 +/- 0.11116    
26 5.11002 +/- 0.11321    
27 5.15647 +/- 0.115473   
28 5.20546 +/- 0.115699   
29 5.2462 +/- 0.116702    
30 5.28065 +/- 0.116522   
31 5.31104 +/- 0.117283   
32 5.34718 +/- 0.117699   
33 5.37331 +/- 0.11757    
34 5.4011 +/- 0.117972    
35 5.4248 +/- 0.118589    
36 5.45434 +/- 0.119775   
37 5.47055 +/- 0.120094   
38 5.49041 +/- 0.120676   
39 5.51696 +/- 0.121331   
40 5.54343 +/- 0.122119   
41 5.56666 +/- 0.123238   
42 5.59027 +/- 0.12468    
43 5.60718 +/- 0.125599   
44 5.61926 +/- 0.126016   
45 5.63638 +/- 0.126902   
46 5.64775 +/- 0.127821   
47 5.66449 +/- 0.128972   
48 5.68236 +/- 0.130178   
49 5.69631 +/- 0.131878   
50 5.70295 +/- 0.133459   
51 5.70985 +/- 0.132978   
52 5.71303 +/- 0.132519   
53 5.71632 +/- 0.133058   
54 5.72378 +/- 0.132814   
55 5.72357 +/- 0.133599   
56 5.72479 +/- 0.133539   
57 5.72958 +/- 0.13515    
58 5.72503 +/- 0.135745   
59 5.72757 +/- 0.136611   
60 5.72598 +/- 0.136374   
61 5.72702 +/- 0.136231   
62 5.73351 +/- 0.135706   
63 5.74002 +/- 0.13475    
END dQ2
beta: 4
nconf:  1024
nbatch:   64
BEGIN dQ2
 0 0 +/- 0                
 1 0.122862 +/- 0.0012876 
 2 0.221578 +/- 0.00239368
 3 0.318269 +/- 0.00380387
 4 0.41178 +/- 0.00546525 
 5 0.502591 +/- 0.00742677
 6 0.590343 +/- 0.00933559
 7 0.676331 +/- 0.0111794 
 8 0.759873 +/- 0.0129873 
 9 0.84081 +/- 0.0147684  
10 0.918855 +/- 0.016644  
11 0.996684 +/- 0.0184743 
12 1.07166 +/- 0.0203574  
13 1.14492 +/- 0.0219707  
14 1.21392 +/- 0.0236859  
15 1.28147 +/- 0.0254057  
16 1.34801 +/- 0.0270944  
17 1.41443 +/- 0.0288843  
18 1.47813 +/- 0.0307342  
19 1.54058 +/- 0.0327113  
20 1.60346 +/- 0.0347341  
21 1.66522 +/- 0.0365794  
22 1.72608 +/- 0.0381267  
23 1.78509 +/- 0.0396908  
24 1.844 +/- 0.0413165    
25 1.90103 +/- 0.0430582  
26 1.95483 +/- 0.0446504  
27 2.00657 +/- 0.0460217  
28 2.05652 +/- 0.0476205  
29 2.10528 +/- 0.0490044  
30 2.15314 +/- 0.0504411  
31 2.19746 +/- 0.0518843  
32 2.24 +/- 0.0532077     
33 2.28139 +/- 0.0546428  
34 2.32431 +/- 0.0562214  
35 2.36585 +/- 0.057586   
36 2.4071 +/- 0.0589399   
37 2.44671 +/- 0.0603709  
38 2.48409 +/- 0.0618228  
39 2.51948 +/- 0.063462   
40 2.5555 +/- 0.0652237   
41 2.59003 +/- 0.0668133  
42 2.62543 +/- 0.0684417  
43 2.65901 +/- 0.0697771  
44 2.69023 +/- 0.0711669  
45 2.72105 +/- 0.0724511  
46 2.7512 +/- 0.0738355   
47 2.78184 +/- 0.0751458  
48 2.8114 +/- 0.0764323   
49 2.83978 +/- 0.0776226  
50 2.86786 +/- 0.0787857  
51 2.89608 +/- 0.0800895  
52 2.92504 +/- 0.0817322  
53 2.953 +/- 0.0834718    
54 2.97882 +/- 0.0853667  
55 3.00334 +/- 0.0871945  
56 3.02678 +/- 0.0891496  
57 3.05116 +/- 0.0911743  
58 3.07605 +/- 0.0933044  
59 3.0988 +/- 0.0953514   
60 3.12181 +/- 0.0974976  
61 3.14416 +/- 0.0997101  
62 3.16746 +/- 0.101894   
63 3.18921 +/- 0.10396    
END dQ2
beta: 5
nconf:  1024
nbatch:   64
BEGIN dQ2
 0 0 +/- 0                  
 1 0.0233382 +/- 0.000689321
 2 0.0436338 +/- 0.00125599 
 3 0.0636325 +/- 0.00183481 
 4 0.0835172 +/- 0.00244668 
 5 0.10295 +/- 0.00304384   
 6 0.122191 +/- 0.0036271   
 7 0.141409 +/- 0.00424375  
 8 0.159864 +/- 0.00487223  
 9 0.178156 +/- 0.00549344  
10 0.196484 +/- 0.00615359  
11 0.214585 +/- 0.00681442  
12 0.232507 +/- 0.00749185  
13 0.250386 +/- 0.00819773  
14 0.2681 +/- 0.0089153     
15 0.285849 +/- 0.00964587  
16 0.303525 +/- 0.0104018   
17 0.320894 +/- 0.0111416   
18 0.338205 +/- 0.0119159   
19 0.355364 +/- 0.012708    
20 0.372634 +/- 0.0135211   
21 0.389721 +/- 0.0143636   
22 0.406874 +/- 0.0152073   
23 0.423857 +/- 0.0160607   
24 0.440578 +/- 0.0169296   
25 0.457364 +/- 0.0177953   
26 0.473885 +/- 0.0186254   
27 0.490283 +/- 0.0194455   
28 0.506589 +/- 0.0202714   
29 0.522613 +/- 0.0210803   
30 0.538748 +/- 0.0219237   
31 0.55479 +/- 0.0227966    
32 0.571132 +/- 0.0236777   
33 0.587002 +/- 0.0245728   
34 0.602983 +/- 0.0254595   
35 0.618933 +/- 0.0263276   
36 0.6349 +/- 0.0272543     
37 0.650519 +/- 0.0281534   
38 0.665996 +/- 0.0290526   
39 0.681012 +/- 0.0299574   
40 0.695852 +/- 0.0308457   
41 0.710628 +/- 0.0317823   
42 0.725401 +/- 0.0326994   
43 0.74022 +/- 0.0336425    
44 0.754815 +/- 0.034571    
45 0.769088 +/- 0.0354851   
46 0.783231 +/- 0.036391    
47 0.797355 +/- 0.0372993   
48 0.811331 +/- 0.0381945   
49 0.82492 +/- 0.0390573    
50 0.838248 +/- 0.0398546   
51 0.851265 +/- 0.0405954   
52 0.863989 +/- 0.0413579   
53 0.877011 +/- 0.042129    
54 0.890142 +/- 0.0429162   
55 0.903541 +/- 0.0437166   
56 0.916903 +/- 0.0445498   
57 0.93031 +/- 0.0453916    
58 0.943291 +/- 0.0462183   
59 0.956282 +/- 0.0470118   
60 0.969139 +/- 0.0478267   
61 0.981584 +/- 0.0486378   
62 0.993828 +/- 0.0494251   
63 1.00595 +/- 0.050209     
END dQ2
beta: 6
nconf:  1024
nbatch:   64
BEGIN dQ2
 0 0 +/- 0                   
 1 0.00394062 +/- 0.000314717
 2 0.00746086 +/- 0.000579652
 3 0.010988 +/- 0.000857549  
 4 0.0145221 +/- 0.00114606  
 5 0.0180477 +/- 0.00144627  
 6 0.0215036 +/- 0.00175107  
 7 0.0249355 +/- 0.00205323  
 8 0.028328 +/- 0.00234846   
 9 0.0317272 +/- 0.00264554  
10 0.0350407 +/- 0.00292924  
11 0.0383607 +/- 0.00321566  
12 0.0416101 +/- 0.00349992  
13 0.0448195 +/- 0.00378829  
14 0.0480353 +/- 0.00408079  
15 0.0512419 +/- 0.0043709   
16 0.054486 +/- 0.00466641   
17 0.0577675 +/- 0.00497703  
18 0.06104 +/- 0.00528943    
19 0.0643346 +/- 0.00561562  
20 0.0675112 +/- 0.00593658  
21 0.0707721 +/- 0.00626416  
22 0.0740082 +/- 0.0065892   
23 0.0772509 +/- 0.00691595  
24 0.0804844 +/- 0.00724363  
25 0.0836774 +/- 0.00756951  
26 0.0868612 +/- 0.0078977   
27 0.0900514 +/- 0.00822754  
28 0.0932794 +/- 0.0085601   
29 0.0965138 +/- 0.00889435  
30 0.0996762 +/- 0.00921795  
31 0.102845 +/- 0.00954332   
32 0.106004 +/- 0.00986626   
33 0.109154 +/- 0.0101889    
34 0.112358 +/- 0.0105162    
35 0.115568 +/- 0.0108452    
36 0.118785 +/- 0.011176     
37 0.121976 +/- 0.0115041    
38 0.125174 +/- 0.0118497    
39 0.128331 +/- 0.0121955    
40 0.131463 +/- 0.012551     
41 0.134569 +/- 0.0128957    
42 0.137665 +/- 0.013242     
43 0.140768 +/- 0.0135916    
44 0.143909 +/- 0.0139463    
45 0.147041 +/- 0.0143025    
46 0.150115 +/- 0.0146624    
47 0.153195 +/- 0.0150373    
48 0.156234 +/- 0.015417     
49 0.159279 +/- 0.0157988    
50 0.162314 +/- 0.0161816    
51 0.165307 +/- 0.0165638    
52 0.168226 +/- 0.016928     
53 0.171119 +/- 0.0172776    
54 0.173969 +/- 0.017628     
55 0.176825 +/- 0.0179848    
56 0.179688 +/- 0.0183433    
57 0.182523 +/- 0.0187012    
58 0.185365 +/- 0.0190607    
59 0.188148 +/- 0.0194116    
60 0.190936 +/- 0.0197641    
61 0.193763 +/- 0.0201243    
62 0.196628 +/- 0.0204859    
63 0.199483 +/- 0.0208482    
END dQ2
beta: 7
nconf:  1024
nbatch:   64
BEGIN dQ2
 0 0 +/- 0                    
 1 0.000626222 +/- 0.000111792
 2 0.00116194 +/- 0.000207743 
 3 0.0016987 +/- 0.000307907  
 4 0.00223652 +/- 0.000409353 
 5 0.00277539 +/- 0.00051144  
 6 0.00331532 +/- 0.000613949 
 7 0.00385632 +/- 0.000716787 
 8 0.00442913 +/- 0.000823718 
 9 0.00497229 +/- 0.000926912 
10 0.00551652 +/- 0.00103038  
11 0.00606182 +/- 0.00113411  
12 0.0066082 +/- 0.00123809   
13 0.00715566 +/- 0.0013423   
14 0.00770421 +/- 0.00144675  
15 0.00825384 +/- 0.00155142  
16 0.00880456 +/- 0.00165632  
17 0.00935638 +/- 0.00176143  
18 0.00990929 +/- 0.00186677  
19 0.0104478 +/- 0.00196896   
20 0.0109717 +/- 0.0020657    
21 0.0114968 +/- 0.00216281   
22 0.0120228 +/- 0.00226025   
23 0.01255 +/- 0.00235802     
24 0.0130781 +/- 0.00245609   
25 0.0136074 +/- 0.00255447   
26 0.0141377 +/- 0.00265313   
27 0.014669 +/- 0.00275207    
28 0.0152014 +/- 0.00285128   
29 0.0157349 +/- 0.00295076   
30 0.0162695 +/- 0.0030505    
31 0.0168051 +/- 0.00315049   
32 0.0173419 +/- 0.00325074   
33 0.0178797 +/- 0.00335123   
34 0.0184186 +/- 0.00345197   
35 0.0189585 +/- 0.00355294   
36 0.0194996 +/- 0.00365416   
37 0.0200418 +/- 0.00375562   
38 0.0205851 +/- 0.00385731   
39 0.0211136 +/- 0.00395052   
40 0.0216432 +/- 0.00404398   
41 0.0221738 +/- 0.00413768   
42 0.0227056 +/- 0.00423161   
43 0.0232384 +/- 0.00432578   
44 0.0237404 +/- 0.00440311   
45 0.0242275 +/- 0.00447602   
46 0.0247156 +/- 0.0045494    
47 0.0252047 +/- 0.00462325   
48 0.0256948 +/- 0.00469755   
49 0.0261859 +/- 0.00477229   
50 0.026662 +/- 0.0048435     
51 0.027139 +/- 0.00491511    
52 0.027617 +/- 0.00498713    
53 0.028096 +/- 0.00505953    
54 0.028576 +/- 0.00513232    
55 0.029057 +/- 0.00520548    
56 0.029539 +/- 0.00527901    
57 0.030022 +/- 0.0053529     
58 0.030506 +/- 0.00542715    
59 0.0309909 +/- 0.00550174   
60 0.0314769 +/- 0.00557667   
61 0.0319639 +/- 0.00565194   
62 0.0324519 +/- 0.00572753   
63 0.0329409 +/- 0.00580346   
END dQ2
