
# File: ../t_force_b25_0s1.log
beta: 3
nconf:  1024
nbatch:  128
BEGIN dQ2
 0 0 +/- 0                
 1 0.609764 +/- 0.00366963
 2 1.03104 +/- 0.00640633 
 3 1.40858 +/- 0.00897729 
 4 1.75628 +/- 0.0121263  
 5 2.0737 +/- 0.0151161   
 6 2.3608 +/- 0.0185617   
 7 2.61826 +/- 0.0218062  
 8 2.85776 +/- 0.0253008  
 9 3.0788 +/- 0.0285739   
10 3.28146 +/- 0.0320432  
11 3.46453 +/- 0.0354939  
12 3.63113 +/- 0.0384375  
13 3.78997 +/- 0.0410384  
14 3.93123 +/- 0.0434752  
15 4.06684 +/- 0.0460217  
16 4.19782 +/- 0.0488725  
17 4.31283 +/- 0.0511427  
18 4.42478 +/- 0.0532993  
19 4.52614 +/- 0.0554067  
20 4.61767 +/- 0.0578082  
21 4.7015 +/- 0.0596657   
22 4.78292 +/- 0.0614987  
23 4.85014 +/- 0.063926   
24 4.91283 +/- 0.0668548  
25 4.96841 +/- 0.0691088  
26 5.02309 +/- 0.071363   
27 5.07172 +/- 0.0730425  
28 5.11399 +/- 0.0747379  
29 5.15742 +/- 0.0766092  
30 5.19461 +/- 0.0779638  
31 5.22962 +/- 0.078936   
32 5.26009 +/- 0.0798188  
33 5.28847 +/- 0.0806305  
34 5.31588 +/- 0.0816194  
35 5.34087 +/- 0.0822592  
36 5.3614 +/- 0.0831442   
37 5.38177 +/- 0.0837778  
38 5.40348 +/- 0.0844741  
39 5.42191 +/- 0.0852081  
40 5.44627 +/- 0.0855313  
41 5.46265 +/- 0.0860456  
42 5.47882 +/- 0.0869606  
43 5.49392 +/- 0.0872608  
44 5.50352 +/- 0.0880686  
45 5.51282 +/- 0.0886294  
46 5.52665 +/- 0.0890465  
47 5.53796 +/- 0.0895083  
48 5.548 +/- 0.0903146    
49 5.56018 +/- 0.090623   
50 5.57362 +/- 0.0910726  
51 5.5735 +/- 0.0919049   
52 5.57883 +/- 0.0928544  
53 5.5809 +/- 0.0937112   
54 5.57821 +/- 0.0941704  
55 5.57479 +/- 0.0945816  
56 5.57326 +/- 0.0950744  
57 5.57394 +/- 0.0957438  
58 5.57459 +/- 0.0959363  
59 5.57496 +/- 0.0964244  
60 5.57337 +/- 0.096311   
61 5.56714 +/- 0.096294   
62 5.56214 +/- 0.0955956  
63 5.55674 +/- 0.0947551  
END dQ2
beta: 4
nconf:  1024
nbatch:  128
BEGIN dQ2
 0 0 +/- 0                
 1 0.114171 +/- 0.00127714
 2 0.205006 +/- 0.00232091
 3 0.293309 +/- 0.00338299
 4 0.380047 +/- 0.00458056
 5 0.46474 +/- 0.00587218 
 6 0.548049 +/- 0.00720048
 7 0.629141 +/- 0.00859413
 8 0.708608 +/- 0.00994285
 9 0.786422 +/- 0.0113115 
10 0.863035 +/- 0.0127053 
11 0.93787 +/- 0.0141314  
12 1.01171 +/- 0.0155916  
13 1.08359 +/- 0.0171024  
14 1.15344 +/- 0.0186313  
15 1.22145 +/- 0.0202071  
16 1.28659 +/- 0.0217076  
17 1.35112 +/- 0.0232428  
18 1.41348 +/- 0.0246948  
19 1.4745 +/- 0.0260617   
20 1.53378 +/- 0.0273959  
21 1.59183 +/- 0.0286701  
22 1.64834 +/- 0.0299504  
23 1.70392 +/- 0.0312385  
24 1.75683 +/- 0.0325013  
25 1.80882 +/- 0.0337125  
26 1.86036 +/- 0.0348889  
27 1.91059 +/- 0.0361242  
28 1.95847 +/- 0.0373458  
29 2.0057 +/- 0.0386076   
30 2.05198 +/- 0.0398389  
31 2.09793 +/- 0.041046   
32 2.14207 +/- 0.0422101  
33 2.18578 +/- 0.0434417  
34 2.2285 +/- 0.0446697   
35 2.27025 +/- 0.0459013  
36 2.31084 +/- 0.0471378  
37 2.35087 +/- 0.0483394  
38 2.39009 +/- 0.0495757  
39 2.42786 +/- 0.0507177  
40 2.46515 +/- 0.0517215  
41 2.50269 +/- 0.0526539  
42 2.53924 +/- 0.0536462  
43 2.57544 +/- 0.0547416  
44 2.61097 +/- 0.0557773  
45 2.64572 +/- 0.0567097  
46 2.6801 +/- 0.0576044   
47 2.71345 +/- 0.0585744  
48 2.74591 +/- 0.0595604  
49 2.77869 +/- 0.0605162  
50 2.8111 +/- 0.0616036   
51 2.8428 +/- 0.0626734   
52 2.87453 +/- 0.0637757  
53 2.90452 +/- 0.0648358  
54 2.93196 +/- 0.0659418  
55 2.95913 +/- 0.0670761  
56 2.98431 +/- 0.0680572  
57 3.00913 +/- 0.0690333  
58 3.03351 +/- 0.0700863  
59 3.05596 +/- 0.0710522  
60 3.078 +/- 0.0719938    
61 3.09912 +/- 0.0729866  
62 3.12013 +/- 0.074002   
63 3.14045 +/- 0.0750596  
END dQ2
beta: 5
nconf:  1024
nbatch:  128
BEGIN dQ2
 0 0 +/- 0                  
 1 0.0216428 +/- 0.000471463
 2 0.0400257 +/- 0.000869098
 3 0.0581385 +/- 0.00126131 
 4 0.0761106 +/- 0.00166578 
 5 0.0939493 +/- 0.00208039 
 6 0.11157 +/- 0.00250044   
 7 0.129056 +/- 0.00292905  
 8 0.146384 +/- 0.00336778  
 9 0.163385 +/- 0.00380816  
10 0.180304 +/- 0.0042514   
11 0.196878 +/- 0.00470256  
12 0.213416 +/- 0.00513995  
13 0.229839 +/- 0.00559484  
14 0.246218 +/- 0.00606291  
15 0.26245 +/- 0.00653453   
16 0.278661 +/- 0.00702297  
17 0.294594 +/- 0.00750849  
18 0.310395 +/- 0.00801507  
19 0.326003 +/- 0.00847782  
20 0.341548 +/- 0.00893983  
21 0.356797 +/- 0.0094171   
22 0.37185 +/- 0.00988931   
23 0.38698 +/- 0.0103673    
24 0.402 +/- 0.0108542      
25 0.416901 +/- 0.0113356   
26 0.431919 +/- 0.0118084   
27 0.446817 +/- 0.0122683   
28 0.461612 +/- 0.0127427   
29 0.476036 +/- 0.0131998   
30 0.490474 +/- 0.0136646   
31 0.504697 +/- 0.0141259   
32 0.519004 +/- 0.0145975   
33 0.533237 +/- 0.0150662   
34 0.54742 +/- 0.0155343    
35 0.561505 +/- 0.0159977   
36 0.57565 +/- 0.0164698    
37 0.589753 +/- 0.0169491   
38 0.603765 +/- 0.017425    
39 0.617687 +/- 0.0179037   
40 0.63182 +/- 0.0183721    
41 0.645862 +/- 0.0188424   
42 0.659703 +/- 0.0193174   
43 0.673396 +/- 0.019794    
44 0.686998 +/- 0.0202872   
45 0.700651 +/- 0.0207837   
46 0.714396 +/- 0.0212922   
47 0.728066 +/- 0.0217892   
48 0.741763 +/- 0.0222809   
49 0.755377 +/- 0.0227849   
50 0.769002 +/- 0.0232779   
51 0.782583 +/- 0.0237737   
52 0.796007 +/- 0.0242388   
53 0.809346 +/- 0.0247076   
54 0.822672 +/- 0.025194    
55 0.836115 +/- 0.0256888   
56 0.849222 +/- 0.0261805   
57 0.862405 +/- 0.0266815   
58 0.875421 +/- 0.0271691   
59 0.888301 +/- 0.027643    
60 0.900942 +/- 0.0281132   
61 0.913608 +/- 0.0285873   
62 0.926082 +/- 0.0290671   
63 0.938532 +/- 0.029526    
END dQ2
beta: 6
nconf:  1024
nbatch:  128
BEGIN dQ2
 0 0 +/- 0                   
 1 0.00119135 +/- 9.93369e-5 
 2 0.00233916 +/- 0.000195428
 3 0.00347392 +/- 0.000291073
 4 0.00454963 +/- 0.00038227 
 5 0.00559679 +/- 0.000469875
 6 0.00662297 +/- 0.000558271
 7 0.0076435 +/- 0.000647468 
 8 0.00865065 +/- 0.000734032
 9 0.00965979 +/- 0.000821499
10 0.0106632 +/- 0.000908169 
11 0.0116686 +/- 0.000995598 
12 0.0126683 +/- 0.00108239  
13 0.0136699 +/- 0.00116974  
14 0.0146658 +/- 0.00125762  
15 0.0156715 +/- 0.00134873  
16 0.0166636 +/- 0.00143875  
17 0.0176654 +/- 0.00153042  
18 0.0186615 +/- 0.00162136  
19 0.0196595 +/- 0.00171151  
20 0.0206518 +/- 0.00180016  
21 0.021646 +/- 0.00188928   
22 0.0226422 +/- 0.00197883  
23 0.0236404 +/- 0.00206878  
24 0.0246406 +/- 0.00215911  
25 0.0256428 +/- 0.00224979  
26 0.026647 +/- 0.00234081   
27 0.0276533 +/- 0.00243214  
28 0.0286772 +/- 0.00252572  
29 0.0296954 +/- 0.00261949  
30 0.0307155 +/- 0.00271363  
31 0.0317378 +/- 0.00280813  
32 0.0327621 +/- 0.00290297  
33 0.0337964 +/- 0.0029982   
34 0.0348327 +/- 0.00309372  
35 0.0358632 +/- 0.00318886  
36 0.0368959 +/- 0.00328429  
37 0.0379227 +/- 0.00338003  
38 0.0389516 +/- 0.00347607  
39 0.0399588 +/- 0.00356855  
40 0.040968 +/- 0.00366135   
41 0.0419952 +/- 0.00375643  
42 0.0430244 +/- 0.00385185  
43 0.0440558 +/- 0.00394761  
44 0.0450893 +/- 0.00404368  
45 0.0461249 +/- 0.00414007  
46 0.0471626 +/- 0.00423676  
47 0.0482024 +/- 0.00433376  
48 0.0492444 +/- 0.00443105  
49 0.0502885 +/- 0.00452864  
50 0.0513347 +/- 0.0046265   
51 0.0523751 +/- 0.00472396  
52 0.0534015 +/- 0.00482162  
53 0.05443 +/- 0.00491962    
54 0.0554607 +/- 0.00501795  
55 0.0564935 +/- 0.00511661  
56 0.0575446 +/- 0.00521547  
57 0.0585978 +/- 0.0053146   
58 0.0596289 +/- 0.00540999  
59 0.0606622 +/- 0.00550565  
60 0.0616977 +/- 0.00560159  
61 0.0627353 +/- 0.00569781  
62 0.063775 +/- 0.0057943    
63 0.0648169 +/- 0.00589106  
END dQ2
