
# File: ../t_force_b25_0s4a.log
beta: 3
nconf:  1024
nbatch:    8
BEGIN dQ2
 0 0 +/- 0             
 1 5.00904 +/- 0.153398
 2 8.23985 +/- 0.259054
 3 10.9246 +/- 0.326581
 4 13.6858 +/- 0.423549
 5 16.2038 +/- 0.457088
 6 18.7666 +/- 0.497975
 7 21.2024 +/- 0.541202
 8 23.5719 +/- 0.590498
 9 25.7469 +/- 0.695257
10 28.0064 +/- 0.745026
11 30.2433 +/- 0.820069
12 32.439 +/- 0.909625 
13 34.5096 +/- 0.981483
14 36.4751 +/- 1.09022 
15 38.4268 +/- 1.18096 
16 40.1627 +/- 1.29162 
17 41.9214 +/- 1.34491 
18 43.789 +/- 1.40592  
19 45.5213 +/- 1.35526 
20 46.9981 +/- 1.2305  
21 48.6665 +/- 1.2168  
22 50.0504 +/- 1.20482 
23 51.5746 +/- 1.20557 
24 53.0101 +/- 1.23533 
25 54.3227 +/- 1.35394 
26 55.7471 +/- 1.37394 
27 57.0636 +/- 1.41001 
28 58.3607 +/- 1.52457 
29 59.7617 +/- 1.6665  
30 61.1525 +/- 1.77204 
31 62.5298 +/- 1.89581 
32 63.8678 +/- 2.00554 
33 65.2359 +/- 2.14591 
34 66.3648 +/- 2.36251 
35 67.6618 +/- 2.51076 
36 68.816 +/- 2.63978  
37 69.8113 +/- 2.71425 
38 70.9493 +/- 2.8377  
39 72.0603 +/- 2.93391 
40 73.2335 +/- 3.06993 
41 74.2627 +/- 3.18505 
42 75.0612 +/- 3.26412 
43 75.8215 +/- 3.3931  
44 76.4652 +/- 3.51698 
45 77.1084 +/- 3.68194 
46 77.7992 +/- 3.75765 
47 78.4637 +/- 3.90625 
48 79.2326 +/- 4.06157 
49 79.8405 +/- 4.136   
50 80.245 +/- 4.25181  
51 80.9193 +/- 4.44507 
52 81.665 +/- 4.53832  
53 82.3561 +/- 4.64802 
54 82.978 +/- 4.77032  
55 83.4429 +/- 4.79498 
56 83.7218 +/- 4.95079 
57 83.8634 +/- 5.11505 
58 84.3327 +/- 5.15382 
59 84.6234 +/- 5.21938 
60 84.9284 +/- 5.36697 
61 85.1308 +/- 5.53731 
62 85.4783 +/- 5.67821 
63 85.4476 +/- 5.81177 
END dQ2
beta: 4
nconf:  1024
nbatch:    8
BEGIN dQ2
 0 0 +/- 0               
 1 0.556452 +/- 0.0154645
 2 0.844423 +/- 0.0219558
 3 1.09317 +/- 0.0333862 
 4 1.34277 +/- 0.0418147 
 5 1.58599 +/- 0.0486532 
 6 1.82232 +/- 0.0605734 
 7 2.0456 +/- 0.0773353  
 8 2.27202 +/- 0.0900124 
 9 2.48288 +/- 0.100878  
10 2.68466 +/- 0.113669  
11 2.89474 +/- 0.12248   
12 3.09474 +/- 0.132141  
13 3.30341 +/- 0.142541  
14 3.52327 +/- 0.153414  
15 3.72584 +/- 0.163659  
16 3.92956 +/- 0.177869  
17 4.12624 +/- 0.188816  
18 4.3253 +/- 0.202662   
19 4.52761 +/- 0.214517  
20 4.74041 +/- 0.229659  
21 4.95588 +/- 0.243578  
22 5.17428 +/- 0.269657  
23 5.39423 +/- 0.280968  
24 5.61475 +/- 0.293407  
25 5.83321 +/- 0.311215  
26 6.03895 +/- 0.326762  
27 6.25201 +/- 0.343836  
28 6.44265 +/- 0.359664  
29 6.65389 +/- 0.374462  
30 6.84306 +/- 0.392331  
31 7.04355 +/- 0.405283  
32 7.24219 +/- 0.418197  
33 7.44374 +/- 0.429351  
34 7.64141 +/- 0.443799  
35 7.82722 +/- 0.453184  
36 8.0267 +/- 0.468001   
37 8.20023 +/- 0.477688  
38 8.37855 +/- 0.488276  
39 8.52906 +/- 0.497462  
40 8.6997 +/- 0.512263   
41 8.8881 +/- 0.524169   
42 9.08172 +/- 0.545951  
43 9.27013 +/- 0.559049  
44 9.45804 +/- 0.575684  
45 9.64058 +/- 0.599344  
46 9.82004 +/- 0.625302  
47 10.0102 +/- 0.645728  
48 10.1784 +/- 0.661884  
49 10.3618 +/- 0.691694  
50 10.5524 +/- 0.715115  
51 10.7117 +/- 0.737778  
52 10.9052 +/- 0.758886  
53 11.0919 +/- 0.783731  
54 11.2799 +/- 0.819904  
55 11.4536 +/- 0.852988  
56 11.6111 +/- 0.881346  
57 11.759 +/- 0.911629   
58 11.8992 +/- 0.931229  
59 12.0541 +/- 0.960179  
60 12.2197 +/- 0.990773  
61 12.3766 +/- 1.02066   
62 12.5374 +/- 1.05048   
63 12.7069 +/- 1.07801   
END dQ2
beta: 5
nconf:  1024
nbatch:    8
BEGIN dQ2
 0 0 +/- 0                 
 1 0.0989736 +/- 0.00495606
 2 0.16316 +/- 0.00686116  
 3 0.225024 +/- 0.0102151  
 4 0.287623 +/- 0.0146051  
 5 0.34605 +/- 0.0185031   
 6 0.404101 +/- 0.0220834  
 7 0.466077 +/- 0.024697   
 8 0.526575 +/- 0.0270657  
 9 0.588054 +/- 0.030678   
10 0.648545 +/- 0.0338168  
11 0.705577 +/- 0.0371285  
12 0.762228 +/- 0.0399984  
13 0.818991 +/- 0.0426859  
14 0.87599 +/- 0.0465804   
15 0.934465 +/- 0.0515316  
16 0.990451 +/- 0.0562619  
17 1.0463 +/- 0.0600613    
18 1.10276 +/- 0.06506     
19 1.15933 +/- 0.0694062   
20 1.21564 +/- 0.0741401   
21 1.27069 +/- 0.0799994   
22 1.3251 +/- 0.0868267    
23 1.37937 +/- 0.094541    
24 1.43712 +/- 0.100626    
25 1.4965 +/- 0.106821     
26 1.55198 +/- 0.113061    
27 1.60732 +/- 0.121165    
28 1.66127 +/- 0.128137    
29 1.71759 +/- 0.135306    
30 1.77276 +/- 0.140331    
31 1.8288 +/- 0.143844     
32 1.88974 +/- 0.146771    
33 1.94728 +/- 0.150547    
34 2.00732 +/- 0.153989    
35 2.06345 +/- 0.157933    
36 2.11943 +/- 0.161286    
37 2.17376 +/- 0.164528    
38 2.22921 +/- 0.168629    
39 2.28452 +/- 0.173552    
40 2.33892 +/- 0.179435    
41 2.39293 +/- 0.18543     
42 2.44577 +/- 0.191839    
43 2.49771 +/- 0.19765     
44 2.54617 +/- 0.204469    
45 2.59321 +/- 0.210461    
46 2.6434 +/- 0.216902     
47 2.69511 +/- 0.221537    
48 2.74539 +/- 0.228232    
49 2.79526 +/- 0.234362    
50 2.84163 +/- 0.239941    
51 2.8917 +/- 0.247105     
52 2.94097 +/- 0.25267     
53 2.98996 +/- 0.258012    
54 3.03905 +/- 0.2626      
55 3.08798 +/- 0.267136    
56 3.13701 +/- 0.270928    
57 3.1864 +/- 0.274539     
58 3.23408 +/- 0.277661    
59 3.2829 +/- 0.281077     
60 3.33234 +/- 0.285783    
61 3.38318 +/- 0.289781    
62 3.43334 +/- 0.29415     
63 3.48491 +/- 0.298472    
END dQ2
beta: 6
nconf:  1024
nbatch:    8
BEGIN dQ2
 0 0 +/- 0                 
 1 0.0197947 +/- 0.0013417 
 2 0.0327789 +/- 0.00176397
 3 0.0435847 +/- 0.00173635
 4 0.054902 +/- 0.00212867 
 5 0.0664868 +/- 0.00276793
 6 0.0783399 +/- 0.00315998
 7 0.0903392 +/- 0.00398303
 8 0.102116 +/- 0.00495541 
 9 0.113793 +/- 0.00588193 
10 0.125616 +/- 0.0069907  
11 0.137463 +/- 0.00796043 
12 0.148839 +/- 0.00894594 
13 0.160237 +/- 0.0100298  
14 0.171287 +/- 0.0112531  
15 0.182483 +/- 0.0122467  
16 0.193576 +/- 0.0133632  
17 0.204568 +/- 0.0145815  
18 0.215582 +/- 0.0158205  
19 0.227363 +/- 0.0167811  
20 0.238919 +/- 0.017904   
21 0.250748 +/- 0.0191853  
22 0.2626 +/- 0.0206627    
23 0.274975 +/- 0.0222894  
24 0.287375 +/- 0.0237967  
25 0.299299 +/- 0.0256263  
26 0.310746 +/- 0.0272097  
27 0.322718 +/- 0.0289503  
28 0.334714 +/- 0.0307005  
29 0.346985 +/- 0.0323022  
30 0.359281 +/- 0.033969   
31 0.371098 +/- 0.0353923  
32 0.382686 +/- 0.0370421  
33 0.395434 +/- 0.0386368  
34 0.407955 +/- 0.0403704  
35 0.419742 +/- 0.0422311  
36 0.431807 +/- 0.0437286  
37 0.443642 +/- 0.0453797  
38 0.455248 +/- 0.0470259  
39 0.467386 +/- 0.0489371  
40 0.479548 +/- 0.050682   
41 0.491099 +/- 0.0523055  
42 0.502164 +/- 0.0536799  
43 0.512997 +/- 0.0553195  
44 0.524617 +/- 0.0570261  
45 0.536261 +/- 0.0587756  
46 0.547929 +/- 0.0605648  
47 0.558854 +/- 0.0626403  
48 0.570184 +/- 0.0644469  
49 0.581538 +/- 0.0666235  
50 0.593429 +/- 0.0686112  
51 0.605601 +/- 0.0706233  
52 0.617541 +/- 0.072767   
53 0.628733 +/- 0.075039   
54 0.641237 +/- 0.07739    
55 0.652864 +/- 0.0796952  
56 0.664773 +/- 0.0820787  
57 0.676836 +/- 0.0842464  
58 0.688923 +/- 0.0864281  
59 0.701036 +/- 0.0887165  
60 0.713174 +/- 0.0910186  
61 0.724559 +/- 0.0931562  
62 0.736486 +/- 0.095456   
63 0.748569 +/- 0.0981357  
END dQ2
