
# File: ../t_force_b25_0s2ac.log
beta: 3
nconf:  1024
nbatch:   32
BEGIN dQ2
 0 0 +/- 0              
 1 2.38804 +/- 0.0238651
 2 4.16848 +/- 0.0391002
 3 5.73112 +/- 0.0653162
 4 7.12678 +/- 0.0929372
 5 8.39631 +/- 0.12371  
 6 9.606 +/- 0.154001   
 7 10.7219 +/- 0.191862 
 8 11.7224 +/- 0.230585 
 9 12.6338 +/- 0.26206  
10 13.4858 +/- 0.296978 
11 14.2777 +/- 0.331322 
12 15.0334 +/- 0.357521 
13 15.7277 +/- 0.375876 
14 16.3336 +/- 0.3981   
15 16.884 +/- 0.418933  
16 17.4232 +/- 0.43634  
17 17.9173 +/- 0.455968 
18 18.3643 +/- 0.465482 
19 18.705 +/- 0.477096  
20 18.9998 +/- 0.475031 
21 19.328 +/- 0.477581  
22 19.6249 +/- 0.476683 
23 19.8615 +/- 0.477787 
24 20.1218 +/- 0.488205 
25 20.3236 +/- 0.492708 
26 20.5071 +/- 0.497387 
27 20.6695 +/- 0.503676 
28 20.811 +/- 0.510077  
29 20.999 +/- 0.514449  
30 21.129 +/- 0.513453  
31 21.2507 +/- 0.517621 
32 21.3777 +/- 0.522445 
33 21.5018 +/- 0.531368 
34 21.6581 +/- 0.541486 
35 21.802 +/- 0.559892  
36 21.9124 +/- 0.574408 
37 22.0302 +/- 0.591351 
38 22.1178 +/- 0.611059 
39 22.1558 +/- 0.624541 
40 22.1895 +/- 0.618697 
41 22.2177 +/- 0.6286   
42 22.2404 +/- 0.644568 
43 22.2923 +/- 0.658252 
44 22.3488 +/- 0.675579 
45 22.3999 +/- 0.692917 
46 22.4071 +/- 0.704426 
47 22.4495 +/- 0.715362 
48 22.5069 +/- 0.727021 
49 22.5382 +/- 0.733256 
50 22.5741 +/- 0.736661 
51 22.5752 +/- 0.740369 
52 22.5828 +/- 0.737244 
53 22.5763 +/- 0.732325 
54 22.5813 +/- 0.731902 
55 22.5959 +/- 0.731841 
56 22.6214 +/- 0.72722  
57 22.6173 +/- 0.726219 
58 22.6541 +/- 0.730265 
59 22.6502 +/- 0.733442 
60 22.6749 +/- 0.734027 
61 22.6857 +/- 0.731625 
62 22.7543 +/- 0.726399 
63 22.8005 +/- 0.723994 
END dQ2
beta: 4
nconf:  1024
nbatch:   32
BEGIN dQ2
 0 0 +/- 0                
 1 0.269275 +/- 0.00425795
 2 0.458904 +/- 0.00620274
 3 0.63507 +/- 0.00879015 
 4 0.808854 +/- 0.0111262 
 5 0.977797 +/- 0.0147744 
 6 1.14615 +/- 0.018004   
 7 1.31554 +/- 0.0221902  
 8 1.48016 +/- 0.0269645  
 9 1.64255 +/- 0.0315012  
10 1.80097 +/- 0.0363627  
11 1.96085 +/- 0.0415584  
12 2.11923 +/- 0.0463044  
13 2.27476 +/- 0.051415   
14 2.43187 +/- 0.0570359  
15 2.59034 +/- 0.0630055  
16 2.74392 +/- 0.0686625  
17 2.89669 +/- 0.0740295  
18 3.0479 +/- 0.0794981   
19 3.19394 +/- 0.0845383  
20 3.33712 +/- 0.0900714  
21 3.48386 +/- 0.0952653  
22 3.63261 +/- 0.100387   
23 3.78294 +/- 0.106347   
24 3.92481 +/- 0.111277   
25 4.06563 +/- 0.116192   
26 4.20441 +/- 0.121129   
27 4.33867 +/- 0.125774   
28 4.47374 +/- 0.130633   
29 4.60496 +/- 0.135702   
30 4.73431 +/- 0.141406   
31 4.86323 +/- 0.146838   
32 4.99275 +/- 0.151467   
33 5.12323 +/- 0.156651   
34 5.2465 +/- 0.161674    
35 5.36539 +/- 0.166751   
36 5.4827 +/- 0.172185    
37 5.59977 +/- 0.178327   
38 5.71235 +/- 0.183734   
39 5.82402 +/- 0.189929   
40 5.93817 +/- 0.196726   
41 6.04721 +/- 0.203471   
42 6.15141 +/- 0.21044    
43 6.25443 +/- 0.218204   
44 6.35778 +/- 0.225544   
45 6.45975 +/- 0.234118   
46 6.55943 +/- 0.242384   
47 6.65475 +/- 0.250576   
48 6.75323 +/- 0.258855   
49 6.84946 +/- 0.267804   
50 6.95181 +/- 0.276457   
51 7.05075 +/- 0.285167   
52 7.14587 +/- 0.294332   
53 7.2407 +/- 0.302755    
54 7.33257 +/- 0.310855   
55 7.42299 +/- 0.318801   
56 7.51504 +/- 0.326707   
57 7.60561 +/- 0.33345    
58 7.69691 +/- 0.339675   
59 7.78439 +/- 0.345361   
60 7.87033 +/- 0.351192   
61 7.9584 +/- 0.357939    
62 8.04736 +/- 0.363292   
63 8.13131 +/- 0.369219   
END dQ2
beta: 5
nconf:  1024
nbatch:   32
BEGIN dQ2
 0 0 +/- 0                 
 1 0.0598729 +/- 0.00112161
 2 0.107785 +/- 0.00222082 
 3 0.15325 +/- 0.00326888  
 4 0.197365 +/- 0.00438145 
 5 0.241444 +/- 0.00547398 
 6 0.286008 +/- 0.00672404 
 7 0.329892 +/- 0.00798885 
 8 0.373677 +/- 0.0089606  
 9 0.417365 +/- 0.0101442  
10 0.461015 +/- 0.01157    
11 0.505368 +/- 0.0131621  
12 0.549469 +/- 0.0147432  
13 0.593008 +/- 0.016309   
14 0.635087 +/- 0.0179635  
15 0.676134 +/- 0.01949    
16 0.717045 +/- 0.0209977  
17 0.757572 +/- 0.0224937  
18 0.797621 +/- 0.0240814  
19 0.836723 +/- 0.0256672  
20 0.87584 +/- 0.0272156   
21 0.914849 +/- 0.0288699  
22 0.954716 +/- 0.0304292  
23 0.994662 +/- 0.03192    
24 1.03494 +/- 0.0335016   
25 1.07473 +/- 0.0353787   
26 1.11476 +/- 0.0370477   
27 1.1544 +/- 0.038806     
28 1.19384 +/- 0.0407041   
29 1.23335 +/- 0.042755    
30 1.27304 +/- 0.0447674   
31 1.31256 +/- 0.0466419   
32 1.35188 +/- 0.0484276   
33 1.39127 +/- 0.0504044   
34 1.4298 +/- 0.0524603    
35 1.46809 +/- 0.0546089   
36 1.50554 +/- 0.0564621   
37 1.54236 +/- 0.0583075   
38 1.57784 +/- 0.0600728   
39 1.61313 +/- 0.0619569   
40 1.6478 +/- 0.0637899    
41 1.6813 +/- 0.0656465    
42 1.71566 +/- 0.067286    
43 1.74895 +/- 0.0689155   
44 1.7816 +/- 0.0705775    
45 1.81438 +/- 0.0724049   
46 1.8464 +/- 0.0741826    
47 1.87836 +/- 0.0759576   
48 1.91064 +/- 0.0778186   
49 1.94208 +/- 0.0795693   
50 1.97241 +/- 0.0814793   
51 2.00273 +/- 0.0834521   
52 2.03315 +/- 0.0855167   
53 2.06263 +/- 0.0876335   
54 2.09253 +/- 0.0898446   
55 2.12161 +/- 0.0920243   
56 2.15041 +/- 0.0941767   
57 2.18016 +/- 0.0964369   
58 2.21108 +/- 0.0985738   
59 2.24155 +/- 0.100638    
60 2.27201 +/- 0.102766    
61 2.30189 +/- 0.104918    
62 2.33173 +/- 0.107025    
63 2.36079 +/- 0.109184    
END dQ2
beta: 6
nconf:  1024
nbatch:   32
BEGIN dQ2
 0 0 +/- 0                   
 1 0.00968353 +/- 0.000552339
 2 0.0179795 +/- 0.000972289 
 3 0.0260774 +/- 0.00140023  
 4 0.0339461 +/- 0.00180741  
 5 0.0418302 +/- 0.00226566  
 6 0.0497299 +/- 0.00273528  
 7 0.0575221 +/- 0.00322633  
 8 0.0653297 +/- 0.00373898  
 9 0.0733374 +/- 0.00423181  
10 0.081176 +/- 0.00472701   
11 0.0889067 +/- 0.00524273  
12 0.0965909 +/- 0.005756    
13 0.104167 +/- 0.00626904   
14 0.111881 +/- 0.0068074    
15 0.119673 +/- 0.00735745   
16 0.127542 +/- 0.007937     
17 0.135334 +/- 0.00851248   
18 0.143172 +/- 0.00907208   
19 0.151026 +/- 0.00962338   
20 0.158989 +/- 0.0101679    
21 0.166937 +/- 0.0107131    
22 0.174807 +/- 0.0112662    
23 0.182411 +/- 0.0117943    
24 0.189938 +/- 0.0123378    
25 0.19751 +/- 0.0128666     
26 0.205223 +/- 0.0134024    
27 0.213077 +/- 0.0139381    
28 0.220633 +/- 0.0144299    
29 0.228235 +/- 0.0149143    
30 0.235727 +/- 0.0154116    
31 0.243234 +/- 0.0159277    
32 0.250756 +/- 0.0164612    
33 0.25823 +/- 0.0169898     
34 0.265751 +/- 0.0175286    
35 0.273287 +/- 0.0180855    
36 0.28087 +/- 0.0186512     
37 0.288469 +/- 0.0192267    
38 0.295956 +/- 0.0197896    
39 0.303395 +/- 0.0203609    
40 0.311007 +/- 0.0209121    
41 0.318318 +/- 0.0214553    
42 0.325675 +/- 0.021998     
43 0.333174 +/- 0.0225851    
44 0.340625 +/- 0.0231903    
45 0.348059 +/- 0.0238713    
46 0.3557 +/- 0.024576       
47 0.363421 +/- 0.025314     
48 0.371254 +/- 0.0260445    
49 0.378942 +/- 0.0267912    
50 0.386711 +/- 0.0275289    
51 0.394495 +/- 0.0282737    
52 0.402231 +/- 0.0290294    
53 0.410048 +/- 0.0297887    
54 0.417945 +/- 0.0305401    
55 0.425697 +/- 0.0312668    
56 0.433626 +/- 0.0320391    
57 0.441443 +/- 0.0328269    
58 0.449178 +/- 0.0336393    
59 0.456898 +/- 0.0344912    
60 0.464665 +/- 0.0353431    
61 0.472384 +/- 0.0362147    
62 0.480282 +/- 0.0371104    
63 0.488293 +/- 0.0380133    
END dQ2
