
# File: ../t_force_b25_0s2a.log
beta: 3
nconf:  1024
nbatch:   32
BEGIN dQ2
 0 0 +/- 0              
 1 2.36141 +/- 0.0249057
 2 4.05758 +/- 0.0506826
 3 5.52623 +/- 0.0743607
 4 6.89498 +/- 0.112434 
 5 8.21633 +/- 0.141369 
 6 9.44054 +/- 0.172316 
 7 10.5809 +/- 0.204083 
 8 11.5964 +/- 0.232292 
 9 12.5469 +/- 0.258178 
10 13.4118 +/- 0.285185 
11 14.207 +/- 0.307366  
12 14.9296 +/- 0.328686 
13 15.5999 +/- 0.352277 
14 16.1568 +/- 0.368708 
15 16.6804 +/- 0.38558  
16 17.1952 +/- 0.403109 
17 17.7099 +/- 0.417316 
18 18.1942 +/- 0.431432 
19 18.5841 +/- 0.448454 
20 18.8967 +/- 0.458258 
21 19.1983 +/- 0.471002 
22 19.5075 +/- 0.483292 
23 19.7888 +/- 0.49741  
24 20.0093 +/- 0.509216 
25 20.196 +/- 0.519661  
26 20.34 +/- 0.525674   
27 20.4995 +/- 0.532417 
28 20.6437 +/- 0.536724 
29 20.7583 +/- 0.542828 
30 20.8746 +/- 0.551431 
31 21.0089 +/- 0.56104  
32 21.1545 +/- 0.573289 
33 21.2527 +/- 0.585056 
34 21.3658 +/- 0.592761 
35 21.463 +/- 0.602264  
36 21.5239 +/- 0.612619 
37 21.5633 +/- 0.626889 
38 21.6114 +/- 0.634637 
39 21.6307 +/- 0.63862  
40 21.6117 +/- 0.634373 
41 21.6089 +/- 0.627915 
42 21.5913 +/- 0.620919 
43 21.5884 +/- 0.613859 
44 21.5859 +/- 0.607728 
45 21.5998 +/- 0.599358 
46 21.6076 +/- 0.589532 
47 21.6072 +/- 0.577634 
48 21.5878 +/- 0.567222 
49 21.5959 +/- 0.563434 
50 21.619 +/- 0.560539  
51 21.6386 +/- 0.562441 
52 21.6783 +/- 0.559623 
53 21.6664 +/- 0.557333 
54 21.7007 +/- 0.556423 
55 21.7544 +/- 0.556249 
56 21.8171 +/- 0.565477 
57 21.8674 +/- 0.580521 
58 21.9467 +/- 0.599192 
59 21.9901 +/- 0.610792 
60 22.0378 +/- 0.611298 
61 22.1039 +/- 0.617173 
62 22.1304 +/- 0.622789 
63 22.1594 +/- 0.636855 
END dQ2
beta: 4
nconf:  1024
nbatch:   32
BEGIN dQ2
 0 0 +/- 0                
 1 0.272697 +/- 0.00524952
 2 0.461442 +/- 0.00669077
 3 0.635621 +/- 0.00831453
 4 0.809283 +/- 0.0107712 
 5 0.977306 +/- 0.0138133 
 6 1.14222 +/- 0.0169828  
 7 1.30574 +/- 0.0214759  
 8 1.4662 +/- 0.0251186   
 9 1.62494 +/- 0.028154   
10 1.781 +/- 0.0321463    
11 1.93457 +/- 0.0359828  
12 2.0889 +/- 0.0407416   
13 2.24233 +/- 0.0454668  
14 2.39694 +/- 0.0503513  
15 2.5559 +/- 0.0548062   
16 2.70759 +/- 0.0600579  
17 2.85858 +/- 0.0657486  
18 3.00668 +/- 0.0705955  
19 3.15326 +/- 0.0755791  
20 3.29784 +/- 0.0803803  
21 3.43843 +/- 0.0856788  
22 3.57993 +/- 0.0908208  
23 3.72381 +/- 0.0959927  
24 3.86197 +/- 0.100942   
25 3.99525 +/- 0.106163   
26 4.13211 +/- 0.111354   
27 4.26053 +/- 0.11684    
28 4.3895 +/- 0.12229     
29 4.51702 +/- 0.1293     
30 4.6444 +/- 0.136362    
31 4.77206 +/- 0.143692   
32 4.89655 +/- 0.15055    
33 5.01968 +/- 0.15799    
34 5.13924 +/- 0.165149   
35 5.25673 +/- 0.171453   
36 5.3726 +/- 0.178322    
37 5.48388 +/- 0.185698   
38 5.59337 +/- 0.193213   
39 5.70241 +/- 0.201087   
40 5.81174 +/- 0.209248   
41 5.91426 +/- 0.218132   
42 6.02158 +/- 0.226162   
43 6.12204 +/- 0.233459   
44 6.22251 +/- 0.241185   
45 6.32144 +/- 0.248967   
46 6.42162 +/- 0.256762   
47 6.51756 +/- 0.264663   
48 6.6105 +/- 0.273093    
49 6.70282 +/- 0.281507   
50 6.79771 +/- 0.289415   
51 6.89639 +/- 0.297703   
52 6.99418 +/- 0.306511   
53 7.08651 +/- 0.313796   
54 7.17651 +/- 0.320544   
55 7.26467 +/- 0.327519   
56 7.3545 +/- 0.334736    
57 7.44445 +/- 0.341615   
58 7.53293 +/- 0.348254   
59 7.62358 +/- 0.354012   
60 7.71499 +/- 0.360154   
61 7.80698 +/- 0.366573   
62 7.89793 +/- 0.372187   
63 7.98413 +/- 0.37924    
END dQ2
beta: 5
nconf:  1024
nbatch:   32
BEGIN dQ2
 0 0 +/- 0                
 1 0.057979 +/- 0.00146459
 2 0.105461 +/- 0.00260468
 3 0.150526 +/- 0.00357289
 4 0.195558 +/- 0.00443847
 5 0.239634 +/- 0.00524056
 6 0.283982 +/- 0.006298  
 7 0.327311 +/- 0.00714625
 8 0.371186 +/- 0.00798079
 9 0.416133 +/- 0.00915815
10 0.460737 +/- 0.0104371 
11 0.505368 +/- 0.0117261 
12 0.550303 +/- 0.0129698 
13 0.594955 +/- 0.0142507 
14 0.639233 +/- 0.0156541 
15 0.682297 +/- 0.0169061 
16 0.724795 +/- 0.0182083 
17 0.767627 +/- 0.0195671 
18 0.809021 +/- 0.0207186 
19 0.85056 +/- 0.021863   
20 0.891995 +/- 0.0231061 
21 0.932858 +/- 0.0243981 
22 0.97374 +/- 0.0257579  
23 1.01442 +/- 0.0269754  
24 1.05525 +/- 0.0284486  
25 1.09556 +/- 0.0299731  
26 1.13627 +/- 0.0314052  
27 1.17581 +/- 0.0329189  
28 1.21552 +/- 0.0346762  
29 1.25559 +/- 0.0364808  
30 1.29458 +/- 0.0382931  
31 1.33355 +/- 0.0399595  
32 1.37153 +/- 0.0417661  
33 1.41035 +/- 0.0438027  
34 1.44864 +/- 0.0458647  
35 1.4861 +/- 0.0479963   
36 1.52315 +/- 0.0502554  
37 1.55956 +/- 0.0523985  
38 1.59524 +/- 0.0546865  
39 1.63011 +/- 0.0570317  
40 1.66495 +/- 0.059637   
41 1.69885 +/- 0.0621227  
42 1.73402 +/- 0.0646922  
43 1.76851 +/- 0.0672964  
44 1.80405 +/- 0.0700011  
45 1.83928 +/- 0.0725268  
46 1.87337 +/- 0.0748853  
47 1.90759 +/- 0.0773764  
48 1.94294 +/- 0.080084   
49 1.97737 +/- 0.082616   
50 2.01184 +/- 0.0852365  
51 2.0459 +/- 0.0878618   
52 2.08063 +/- 0.0906388  
53 2.11425 +/- 0.0935558  
54 2.1481 +/- 0.0965524   
55 2.18134 +/- 0.0995686  
56 2.21488 +/- 0.102483   
57 2.24913 +/- 0.105546   
58 2.28507 +/- 0.108658   
59 2.3204 +/- 0.111734    
60 2.3561 +/- 0.114906    
61 2.39165 +/- 0.117843   
62 2.42707 +/- 0.120932   
63 2.4613 +/- 0.123969    
END dQ2
beta: 6
nconf:  1024
nbatch:   32
BEGIN dQ2
 0 0 +/- 0                   
 1 0.00913368 +/- 0.000536862
 2 0.0168481 +/- 0.00095525  
 3 0.0244552 +/- 0.00139728  
 4 0.0320159 +/- 0.00182334  
 5 0.0395302 +/- 0.00227058  
 6 0.0469364 +/- 0.00270955  
 7 0.0543572 +/- 0.00313322  
 8 0.061608 +/- 0.00358732   
 9 0.0688732 +/- 0.00402256  
10 0.0760293 +/- 0.00444766  
11 0.083138 +/- 0.00487248   
12 0.0901371 +/- 0.00527817  
13 0.0970883 +/- 0.00573598  
14 0.104208 +/- 0.00620343   
15 0.111435 +/- 0.00669111   
16 0.118676 +/- 0.00718815   
17 0.1259 +/- 0.00767993     
18 0.13317 +/- 0.00821214    
19 0.140516 +/- 0.00874772   
20 0.147784 +/- 0.00926562   
21 0.155128 +/- 0.0097792    
22 0.162238 +/- 0.0103217    
23 0.169237 +/- 0.0107973    
24 0.176344 +/- 0.0113315    
25 0.183433 +/- 0.0118634    
26 0.190725 +/- 0.0123733    
27 0.197906 +/- 0.0128403    
28 0.204976 +/- 0.0133261    
29 0.212155 +/- 0.013803     
30 0.219347 +/- 0.0142996    
31 0.22646 +/- 0.0147839     
32 0.233619 +/- 0.0152477    
33 0.240792 +/- 0.0157164    
34 0.247948 +/- 0.0161858    
35 0.255056 +/- 0.0166478    
36 0.262304 +/- 0.0171353    
37 0.269504 +/- 0.0176168    
38 0.276654 +/- 0.0180916    
39 0.283947 +/- 0.0186005    
40 0.291317 +/- 0.0191189    
41 0.298512 +/- 0.0196265    
42 0.305785 +/- 0.0201409    
43 0.313137 +/- 0.0206633    
44 0.320376 +/- 0.0211773    
45 0.327407 +/- 0.021675     
46 0.334643 +/- 0.0221682    
47 0.342087 +/- 0.0227071    
48 0.349449 +/- 0.0233094    
49 0.356923 +/- 0.0239041    
50 0.364348 +/- 0.0245154    
51 0.37182 +/- 0.0251284     
52 0.379276 +/- 0.0257149    
53 0.38665 +/- 0.0263047     
54 0.393976 +/- 0.0269004    
55 0.401284 +/- 0.027472     
56 0.408671 +/- 0.028063     
57 0.415913 +/- 0.0286471    
58 0.423169 +/- 0.0292356    
59 0.430311 +/- 0.029835     
60 0.437468 +/- 0.0304384    
61 0.444444 +/- 0.0310017    
62 0.451533 +/- 0.0315789    
63 0.458767 +/- 0.0321963    
END dQ2
