
# File: ../t_force_b25_0s0.log
beta: 3
nconf:  1024
nbatch:  128
BEGIN dQ2
 0 0 +/- 0                
 1 0.582463 +/- 0.00393227
 2 0.9865 +/- 0.00671115  
 3 1.35163 +/- 0.00967004 
 4 1.6902 +/- 0.0128311   
 5 2.00249 +/- 0.015923   
 6 2.29226 +/- 0.0192441  
 7 2.56035 +/- 0.0226323  
 8 2.80996 +/- 0.0259179  
 9 3.03999 +/- 0.0290764  
10 3.25087 +/- 0.0316422  
11 3.4392 +/- 0.0343423   
12 3.61168 +/- 0.0369966  
13 3.76495 +/- 0.0393835  
14 3.90732 +/- 0.0413435  
15 4.03387 +/- 0.0437721  
16 4.15685 +/- 0.0461973  
17 4.26936 +/- 0.0482499  
18 4.37701 +/- 0.0504716  
19 4.47928 +/- 0.0529695  
20 4.57018 +/- 0.0549238  
21 4.65654 +/- 0.0569339  
22 4.73765 +/- 0.0586603  
23 4.8142 +/- 0.0606248   
24 4.8863 +/- 0.0626935   
25 4.95198 +/- 0.0641124  
26 5.01248 +/- 0.0660222  
27 5.06994 +/- 0.0677391  
28 5.1178 +/- 0.0693141   
29 5.16302 +/- 0.0707599  
30 5.20353 +/- 0.0723093  
31 5.23942 +/- 0.0741703  
32 5.27141 +/- 0.0761889  
33 5.30122 +/- 0.078188   
34 5.32762 +/- 0.0798638  
35 5.35103 +/- 0.0813669  
36 5.37756 +/- 0.08308    
37 5.40141 +/- 0.0846562  
38 5.41928 +/- 0.0858764  
39 5.43726 +/- 0.0869949  
40 5.45508 +/- 0.0879822  
41 5.47221 +/- 0.0886464  
42 5.49054 +/- 0.0897023  
43 5.50361 +/- 0.0904828  
44 5.51539 +/- 0.0911607  
45 5.52475 +/- 0.092114   
46 5.53589 +/- 0.0931516  
47 5.54662 +/- 0.0940692  
48 5.55884 +/- 0.0943196  
49 5.56488 +/- 0.0948938  
50 5.572 +/- 0.0953204    
51 5.57548 +/- 0.096002   
52 5.57687 +/- 0.0966977  
53 5.57543 +/- 0.0972349  
54 5.57332 +/- 0.0974761  
55 5.57659 +/- 0.0981186  
56 5.5773 +/- 0.0987153   
57 5.57326 +/- 0.0984634  
58 5.56893 +/- 0.0985749  
59 5.55961 +/- 0.0981184  
60 5.55136 +/- 0.0975803  
61 5.5498 +/- 0.0972102   
62 5.5525 +/- 0.0965592   
63 5.54769 +/- 0.0960712  
END dQ2
beta: 4
nconf:  1024
nbatch:  128
BEGIN dQ2
 0 0 +/- 0                
 1 0.108222 +/- 0.00120919
 2 0.194227 +/- 0.00221628
 3 0.276881 +/- 0.0033334 
 4 0.35795 +/- 0.00462118 
 5 0.437078 +/- 0.00592664
 6 0.513384 +/- 0.00716602
 7 0.587566 +/- 0.00845294
 8 0.659972 +/- 0.00980452
 9 0.731188 +/- 0.0111962 
10 0.799787 +/- 0.0125209 
11 0.867272 +/- 0.0138001 
12 0.933354 +/- 0.0151017 
13 0.998037 +/- 0.0163901 
14 1.0615 +/- 0.0175776   
15 1.1234 +/- 0.0187401   
16 1.18321 +/- 0.0199018  
17 1.24237 +/- 0.0209444  
18 1.30103 +/- 0.0221483  
19 1.35851 +/- 0.0232939  
20 1.41444 +/- 0.0244251  
21 1.47028 +/- 0.0255734  
22 1.52429 +/- 0.0266932  
23 1.57826 +/- 0.0278561  
24 1.63026 +/- 0.0289953  
25 1.68023 +/- 0.0300915  
26 1.72918 +/- 0.0311873  
27 1.77628 +/- 0.0324081  
28 1.82168 +/- 0.0335751  
29 1.86529 +/- 0.0347187  
30 1.90869 +/- 0.0359075  
31 1.95257 +/- 0.0370643  
32 1.99624 +/- 0.0383245  
33 2.03894 +/- 0.039605   
34 2.08011 +/- 0.0408588  
35 2.1206 +/- 0.0420789   
36 2.16115 +/- 0.0432997  
37 2.20077 +/- 0.0444801  
38 2.23879 +/- 0.0456226  
39 2.27602 +/- 0.0467628  
40 2.31185 +/- 0.0480246  
41 2.34675 +/- 0.0492815  
42 2.38116 +/- 0.0505676  
43 2.41436 +/- 0.0518759  
44 2.44723 +/- 0.0532587  
45 2.47966 +/- 0.0545441  
46 2.51051 +/- 0.0557638  
47 2.54001 +/- 0.0569624  
48 2.56881 +/- 0.0580851  
49 2.59659 +/- 0.059161   
50 2.62409 +/- 0.060267   
51 2.65097 +/- 0.0613606  
52 2.67649 +/- 0.0624468  
53 2.7007 +/- 0.0635324   
54 2.72438 +/- 0.0646242  
55 2.74561 +/- 0.0656708  
56 2.76644 +/- 0.0666413  
57 2.78611 +/- 0.0675861  
58 2.80661 +/- 0.0686093  
59 2.82659 +/- 0.0695721  
60 2.84631 +/- 0.0705046  
61 2.86597 +/- 0.0713791  
62 2.88536 +/- 0.0722617  
63 2.90412 +/- 0.0731166  
END dQ2
beta: 5
nconf:  1024
nbatch:  128
BEGIN dQ2
 0 0 +/- 0                  
 1 0.021345 +/- 0.000426842 
 2 0.0397811 +/- 0.000776093
 3 0.0581079 +/- 0.00115142 
 4 0.0762714 +/- 0.00153659 
 5 0.0943327 +/- 0.00194765 
 6 0.112145 +/- 0.00235601  
 7 0.129778 +/- 0.00277873  
 8 0.147223 +/- 0.00318907  
 9 0.164801 +/- 0.00361812  
10 0.182138 +/- 0.00404716  
11 0.199122 +/- 0.00447821  
12 0.216133 +/- 0.00492498  
13 0.232976 +/- 0.00538091  
14 0.249776 +/- 0.0058524   
15 0.266275 +/- 0.00630881  
16 0.282738 +/- 0.00675456  
17 0.299117 +/- 0.00720431  
18 0.315575 +/- 0.00765038  
19 0.331709 +/- 0.00810846  
20 0.347835 +/- 0.00858023  
21 0.363908 +/- 0.00907333  
22 0.379818 +/- 0.00955872  
23 0.395558 +/- 0.0100495   
24 0.411219 +/- 0.0105281   
25 0.426802 +/- 0.0110073   
26 0.442596 +/- 0.0114919   
27 0.458234 +/- 0.0119824   
28 0.473794 +/- 0.0124681   
29 0.489165 +/- 0.0129641   
30 0.504582 +/- 0.013458    
31 0.519724 +/- 0.0139455   
32 0.534881 +/- 0.0144626   
33 0.550044 +/- 0.0149841   
34 0.565096 +/- 0.0155049   
35 0.580163 +/- 0.0160305   
36 0.595055 +/- 0.016546    
37 0.609715 +/- 0.0170619   
38 0.624271 +/- 0.0175981   
39 0.639039 +/- 0.0181376   
40 0.653741 +/- 0.0186799   
41 0.66845 +/- 0.0192403    
42 0.682981 +/- 0.0197827   
43 0.697399 +/- 0.0203189   
44 0.711719 +/- 0.020859    
45 0.726036 +/- 0.0214152   
46 0.74035 +/- 0.0219691    
47 0.75475 +/- 0.0225047    
48 0.768851 +/- 0.0230282   
49 0.782957 +/- 0.0235709   
50 0.796883 +/- 0.0241324   
51 0.810918 +/- 0.0246818   
52 0.824862 +/- 0.0252412   
53 0.838713 +/- 0.025801    
54 0.852634 +/- 0.0263623   
55 0.866462 +/- 0.0269137   
56 0.880262 +/- 0.0274869   
57 0.894042 +/- 0.0280642   
58 0.9079 +/- 0.0286442     
59 0.921527 +/- 0.02922     
60 0.935117 +/- 0.0297965   
61 0.948525 +/- 0.0303498   
62 0.961798 +/- 0.0309125   
63 0.975148 +/- 0.0314549   
END dQ2
beta: 6
nconf:  1024
nbatch:  128
BEGIN dQ2
 0 0 +/- 0                    
 1 0.000190921 +/- 4.0654e-5  
 2 0.000382216 +/- 8.13876e-5 
 3 0.000573886 +/- 0.000122201
 4 0.000765931 +/- 0.000163094
 5 0.000958354 +/- 0.000204068
 6 0.00115115 +/- 0.000245122 
 7 0.00134433 +/- 0.000286257 
 8 0.00153789 +/- 0.000327473 
 9 0.00173183 +/- 0.00036877  
10 0.00192616 +/- 0.000410149 
11 0.00212087 +/- 0.000451609 
12 0.00231596 +/- 0.000493151 
13 0.00251144 +/- 0.000534775 
14 0.0027073 +/- 0.000576482  
15 0.00290356 +/- 0.000618271 
16 0.0031002 +/- 0.000660144  
17 0.00329723 +/- 0.000702099 
18 0.00349466 +/- 0.000744138 
19 0.00367693 +/- 0.000781085 
20 0.00385956 +/- 0.000818355 
21 0.00404256 +/- 0.000855917 
22 0.00422592 +/- 0.000893745 
23 0.00440965 +/- 0.000931817 
24 0.00459375 +/- 0.000970114 
25 0.00477822 +/- 0.00100862  
26 0.00496305 +/- 0.00104732  
27 0.00514826 +/- 0.00108621  
28 0.00533384 +/- 0.00112527  
29 0.00551979 +/- 0.00116449  
30 0.00570611 +/- 0.00120388  
31 0.00589281 +/- 0.00124341  
32 0.00607989 +/- 0.00128308  
33 0.00626734 +/- 0.0013229   
34 0.00645518 +/- 0.00136285  
35 0.00664339 +/- 0.00140293  
36 0.00683198 +/- 0.00144314  
37 0.00702096 +/- 0.00148347  
38 0.00721032 +/- 0.00152393  
39 0.00740006 +/- 0.0015645   
40 0.00759019 +/- 0.00160518  
41 0.00778071 +/- 0.00164599  
42 0.00797161 +/- 0.0016869   
43 0.00816291 +/- 0.00172792  
44 0.00835459 +/- 0.00176906  
45 0.00854667 +/- 0.0018103   
46 0.00873914 +/- 0.00185164  
47 0.008932 +/- 0.0018931     
48 0.00912526 +/- 0.00193465  
49 0.00931891 +/- 0.00197631  
50 0.00951296 +/- 0.00201808  
51 0.00970741 +/- 0.00205994  
52 0.00990226 +/- 0.00210191  
53 0.0100975 +/- 0.00214398   
54 0.0102932 +/- 0.00218615   
55 0.0104892 +/- 0.00222842   
56 0.0106857 +/- 0.00227079   
57 0.0108826 +/- 0.00231326   
58 0.0110798 +/- 0.00235582   
59 0.0112775 +/- 0.00239849   
60 0.0114756 +/- 0.00244126   
61 0.0116741 +/- 0.00248412   
62 0.0118731 +/- 0.00252708   
63 0.0120724 +/- 0.00257014   
END dQ2
