
# File: ../t_force_b25_0s0ac.log
beta: 3
nconf:  1024
nbatch:  128
BEGIN dQ2
 0 0 +/- 0                
 1 0.689264 +/- 0.00396756
 2 1.1884 +/- 0.00711848  
 3 1.62212 +/- 0.0105266  
 4 2.01559 +/- 0.014658   
 5 2.36779 +/- 0.018775   
 6 2.68257 +/- 0.0230232  
 7 2.96801 +/- 0.0272678  
 8 3.22919 +/- 0.0313984  
 9 3.46802 +/- 0.0358252  
10 3.67624 +/- 0.0398862  
11 3.86658 +/- 0.0437548  
12 4.04096 +/- 0.0470978  
13 4.19343 +/- 0.0498467  
14 4.32902 +/- 0.0522266  
15 4.45649 +/- 0.0543458  
16 4.57852 +/- 0.0563505  
17 4.68755 +/- 0.0581202  
18 4.79224 +/- 0.0604288  
19 4.88891 +/- 0.0620307  
20 4.98377 +/- 0.0637211  
21 5.06558 +/- 0.0655715  
22 5.14126 +/- 0.0674931  
23 5.20767 +/- 0.0696146  
24 5.26701 +/- 0.0718243  
25 5.31958 +/- 0.0734036  
26 5.36889 +/- 0.0745531  
27 5.41032 +/- 0.0750902  
28 5.4488 +/- 0.0754826   
29 5.48694 +/- 0.0762397  
30 5.51217 +/- 0.0766908  
31 5.53171 +/- 0.0777311  
32 5.54977 +/- 0.077836   
33 5.56522 +/- 0.078676   
34 5.5819 +/- 0.0791877   
35 5.60078 +/- 0.0795441  
36 5.62064 +/- 0.079623   
37 5.63827 +/- 0.0796685  
38 5.65296 +/- 0.0806771  
39 5.66667 +/- 0.0814153  
40 5.68109 +/- 0.0817991  
41 5.69174 +/- 0.0819827  
42 5.70153 +/- 0.082264   
43 5.71257 +/- 0.0825051  
44 5.72285 +/- 0.082553   
45 5.72794 +/- 0.0825889  
46 5.73963 +/- 0.0826481  
47 5.7547 +/- 0.0825607   
48 5.76042 +/- 0.082177   
49 5.76845 +/- 0.0816718  
50 5.77372 +/- 0.0818812  
51 5.77883 +/- 0.0820195  
52 5.77683 +/- 0.0826649  
53 5.77438 +/- 0.0824807  
54 5.77532 +/- 0.0823348  
55 5.78257 +/- 0.0822808  
56 5.79079 +/- 0.0823231  
57 5.7928 +/- 0.0819711   
58 5.80004 +/- 0.082208   
59 5.80091 +/- 0.0825712  
60 5.80336 +/- 0.0828361  
61 5.8095 +/- 0.0831763   
62 5.81023 +/- 0.0832348  
63 5.80934 +/- 0.0837671  
END dQ2
beta: 4
nconf:  1024
nbatch:  128
BEGIN dQ2
 0 0 +/- 0                
 1 0.161649 +/- 0.00134176
 2 0.297441 +/- 0.00258989
 3 0.425219 +/- 0.00389675
 4 0.548905 +/- 0.00529728
 5 0.668762 +/- 0.006807  
 6 0.784281 +/- 0.00836398
 7 0.895626 +/- 0.00990645
 8 1.00308 +/- 0.011487   
 9 1.1061 +/- 0.0132055   
10 1.20452 +/- 0.0148481  
11 1.30115 +/- 0.0165868  
12 1.39664 +/- 0.0184155  
13 1.4891 +/- 0.02007     
14 1.57856 +/- 0.0217099  
15 1.66436 +/- 0.0233952  
16 1.74716 +/- 0.0251761  
17 1.82552 +/- 0.0270587  
18 1.8995 +/- 0.0289347   
19 1.9715 +/- 0.0308708   
20 2.03997 +/- 0.0325626  
21 2.10401 +/- 0.0341766  
22 2.166 +/- 0.0358023    
23 2.2262 +/- 0.0374746   
24 2.28481 +/- 0.0390501  
25 2.34037 +/- 0.0407374  
26 2.39278 +/- 0.042319   
27 2.44447 +/- 0.0440228  
28 2.49444 +/- 0.045607   
29 2.54251 +/- 0.047146   
30 2.58947 +/- 0.0487167  
31 2.63359 +/- 0.0503292  
32 2.67592 +/- 0.0518734  
33 2.71809 +/- 0.0533825  
34 2.75957 +/- 0.0548272  
35 2.79915 +/- 0.0563023  
36 2.83656 +/- 0.0575803  
37 2.87372 +/- 0.0587433  
38 2.9097 +/- 0.0598153   
39 2.944 +/- 0.0609236    
40 2.97628 +/- 0.0619927  
41 3.00774 +/- 0.0629048  
42 3.0403 +/- 0.0637892   
43 3.0726 +/- 0.0646614   
44 3.10433 +/- 0.0655482  
45 3.1337 +/- 0.0664361   
46 3.16139 +/- 0.0672951  
47 3.18845 +/- 0.0682531  
48 3.2147 +/- 0.0692298   
49 3.24023 +/- 0.0701823  
50 3.26534 +/- 0.0710434  
51 3.28956 +/- 0.0719611  
52 3.31246 +/- 0.0726925  
53 3.33495 +/- 0.0734509  
54 3.35707 +/- 0.0742564  
55 3.37885 +/- 0.0750315  
56 3.39949 +/- 0.0758032  
57 3.41807 +/- 0.0764775  
58 3.43644 +/- 0.077157   
59 3.45406 +/- 0.0777646  
60 3.47155 +/- 0.0782075  
61 3.48891 +/- 0.0787642  
62 3.50521 +/- 0.0793364  
63 3.52275 +/- 0.0800008  
END dQ2
beta: 5
nconf:  1024
nbatch:  128
BEGIN dQ2
 0 0 +/- 0                  
 1 0.0324643 +/- 0.000571852
 2 0.0618044 +/- 0.00110002 
 3 0.0908041 +/- 0.00164841 
 4 0.119493 +/- 0.00222049  
 5 0.147617 +/- 0.00278759  
 6 0.175612 +/- 0.0033693   
 7 0.203325 +/- 0.00392322  
 8 0.230676 +/- 0.00447857  
 9 0.257635 +/- 0.00503244  
10 0.284324 +/- 0.00558342  
11 0.311096 +/- 0.00615617  
12 0.337852 +/- 0.00677539  
13 0.364259 +/- 0.00738884  
14 0.390602 +/- 0.00802573  
15 0.416772 +/- 0.00866304  
16 0.442739 +/- 0.00928056  
17 0.468727 +/- 0.00991664  
18 0.494626 +/- 0.0105768   
19 0.520351 +/- 0.0112108   
20 0.545778 +/- 0.01187     
21 0.571115 +/- 0.0125477   
22 0.595847 +/- 0.0131908   
23 0.62038 +/- 0.01384      
24 0.644828 +/- 0.0144996   
25 0.668966 +/- 0.0151599   
26 0.692901 +/- 0.0158504   
27 0.716344 +/- 0.0165185   
28 0.739387 +/- 0.0171735   
29 0.762217 +/- 0.0178165   
30 0.784771 +/- 0.0184523   
31 0.807119 +/- 0.019098    
32 0.829338 +/- 0.0197206   
33 0.851153 +/- 0.0203422   
34 0.872633 +/- 0.0209681   
35 0.893935 +/- 0.0215577   
36 0.915067 +/- 0.0221668   
37 0.936067 +/- 0.0227965   
38 0.956429 +/- 0.0234397   
39 0.976713 +/- 0.0241017   
40 0.996451 +/- 0.0247505   
41 1.01581 +/- 0.0253775    
42 1.03498 +/- 0.0260174    
43 1.05364 +/- 0.0266546    
44 1.07222 +/- 0.0273133    
45 1.09039 +/- 0.0279786    
46 1.10825 +/- 0.0286357    
47 1.12582 +/- 0.0292729    
48 1.14315 +/- 0.0298987    
49 1.16058 +/- 0.0305132    
50 1.17809 +/- 0.0311186    
51 1.19559 +/- 0.0317215    
52 1.2129 +/- 0.0323413     
53 1.22989 +/- 0.0329196    
54 1.24669 +/- 0.0334927    
55 1.26332 +/- 0.0340818    
56 1.27986 +/- 0.0346573    
57 1.29623 +/- 0.0352249    
58 1.31244 +/- 0.0357947    
59 1.32852 +/- 0.0363466    
60 1.34437 +/- 0.0368984    
61 1.36002 +/- 0.0374839    
62 1.37561 +/- 0.0380508    
63 1.39084 +/- 0.0386442    
END dQ2
beta: 6
nconf:  1024
nbatch:  128
BEGIN dQ2
 0 0 +/- 0                   
 1 0.00481885 +/- 0.000186601
 2 0.00934901 +/- 0.000360909
 3 0.0138268 +/- 0.000534277 
 4 0.0182904 +/- 0.000710548 
 5 0.0227782 +/- 0.000891496 
 6 0.0272517 +/- 0.00107528  
 7 0.0317109 +/- 0.00126069  
 8 0.0361559 +/- 0.0014461   
 9 0.0405865 +/- 0.00163428  
10 0.0450105 +/- 0.001823    
11 0.04942 +/- 0.00201204    
12 0.0537997 +/- 0.00220231  
13 0.0582112 +/- 0.00239596  
14 0.0626006 +/- 0.00258944  
15 0.0669986 +/- 0.00278378  
16 0.0714286 +/- 0.00298011  
17 0.0758286 +/- 0.0031708   
18 0.0802296 +/- 0.00336425  
19 0.0846549 +/- 0.0035608   
20 0.0890578 +/- 0.00375761  
21 0.0934306 +/- 0.0039541   
22 0.0977732 +/- 0.00415071  
23 0.102093 +/- 0.00434594   
24 0.106406 +/- 0.00454594   
25 0.110673 +/- 0.00474229   
26 0.114941 +/- 0.00493885   
27 0.119186 +/- 0.00513388   
28 0.123384 +/- 0.00532024   
29 0.127568 +/- 0.00550612   
30 0.131744 +/- 0.00568886   
31 0.135944 +/- 0.00587012   
32 0.140097 +/- 0.00605178   
33 0.144212 +/- 0.00623413   
34 0.148303 +/- 0.00641864   
35 0.152387 +/- 0.00660405   
36 0.156377 +/- 0.00678797   
37 0.160382 +/- 0.00697777   
38 0.164411 +/- 0.00716897   
39 0.16848 +/- 0.00736239    
40 0.172518 +/- 0.00755241   
41 0.176501 +/- 0.00774236   
42 0.180491 +/- 0.00793394   
43 0.18449 +/- 0.00812708    
44 0.188489 +/- 0.00831985   
45 0.19248 +/- 0.00851359    
46 0.196463 +/- 0.00870587   
47 0.200462 +/- 0.00890013   
48 0.204414 +/- 0.00909161   
49 0.208381 +/- 0.00928441   
50 0.212333 +/- 0.00947703   
51 0.216277 +/- 0.0096716    
52 0.220261 +/- 0.00986819   
53 0.224302 +/- 0.0100692    
54 0.228318 +/- 0.0102717    
55 0.232303 +/- 0.010475     
56 0.236328 +/- 0.0106839    
57 0.240386 +/- 0.0108951    
58 0.244428 +/- 0.011111     
59 0.248437 +/- 0.011328     
60 0.252423 +/- 0.0115445    
61 0.25632 +/- 0.0117503     
62 0.260184 +/- 0.0119549    
63 0.26404 +/- 0.012158      
END dQ2
