
# File: ../t_force_b25_0s0a.log
beta: 3
nconf:  1024
nbatch:  128
BEGIN dQ2
 0 0 +/- 0               
 1 0.68236 +/- 0.00438648
 2 1.17113 +/- 0.00739956
 3 1.6013 +/- 0.0104871  
 4 1.99011 +/- 0.0143197 
 5 2.33945 +/- 0.0186386 
 6 2.65088 +/- 0.0230325 
 7 2.93516 +/- 0.0267831 
 8 3.19218 +/- 0.0310478 
 9 3.43145 +/- 0.034953  
10 3.63791 +/- 0.0386796 
11 3.83771 +/- 0.0423649 
12 4.01017 +/- 0.0455934 
13 4.17328 +/- 0.0486166 
14 4.32266 +/- 0.0516119 
15 4.458 +/- 0.0548161   
16 4.57479 +/- 0.0579178 
17 4.68342 +/- 0.0614428 
18 4.78662 +/- 0.0646594 
19 4.88058 +/- 0.0672441 
20 4.96466 +/- 0.0698983 
21 5.04285 +/- 0.0721972 
22 5.11359 +/- 0.0740685 
23 5.17203 +/- 0.075421  
24 5.22977 +/- 0.0765556 
25 5.27643 +/- 0.0775461 
26 5.31921 +/- 0.0783741 
27 5.36132 +/- 0.0788197 
28 5.40525 +/- 0.0795489 
29 5.43628 +/- 0.0805745 
30 5.46759 +/- 0.0816631 
31 5.4966 +/- 0.0830811  
32 5.52156 +/- 0.0842605 
33 5.54378 +/- 0.0851205 
34 5.56324 +/- 0.0857663 
35 5.58578 +/- 0.0868527 
36 5.60594 +/- 0.0876638 
37 5.62445 +/- 0.0886858 
38 5.64171 +/- 0.0888507 
39 5.65788 +/- 0.0889795 
40 5.67476 +/- 0.0890281 
41 5.68275 +/- 0.0890585 
42 5.68495 +/- 0.0888731 
43 5.68757 +/- 0.0891057 
44 5.69253 +/- 0.0887837 
45 5.69677 +/- 0.0885713 
46 5.70306 +/- 0.0879308 
47 5.71468 +/- 0.0876532 
48 5.72101 +/- 0.0871175 
49 5.71421 +/- 0.0870684 
50 5.70746 +/- 0.086825  
51 5.70097 +/- 0.0865471 
52 5.69568 +/- 0.0863233 
53 5.69167 +/- 0.0855511 
54 5.68892 +/- 0.0850279 
55 5.68265 +/- 0.0846804 
56 5.68625 +/- 0.0846915 
57 5.6906 +/- 0.0848314  
58 5.69008 +/- 0.0841944 
59 5.68612 +/- 0.083764  
60 5.68677 +/- 0.0833753 
61 5.68795 +/- 0.0829284 
62 5.69258 +/- 0.0816661 
63 5.69518 +/- 0.0807534 
END dQ2
beta: 4
nconf:  1024
nbatch:  128
BEGIN dQ2
 0 0 +/- 0                
 1 0.161153 +/- 0.00152247
 2 0.29663 +/- 0.00298313 
 3 0.424989 +/- 0.00456406
 4 0.548828 +/- 0.00621987
 5 0.668302 +/- 0.0078581 
 6 0.782547 +/- 0.00960006
 7 0.89273 +/- 0.0114178  
 8 0.999516 +/- 0.0132255 
 9 1.10202 +/- 0.0149747  
10 1.20047 +/- 0.0166353  
11 1.29482 +/- 0.0183005  
12 1.38552 +/- 0.0199547  
13 1.47266 +/- 0.0215115  
14 1.55595 +/- 0.0231296  
15 1.63807 +/- 0.0246569  
16 1.71563 +/- 0.0261923  
17 1.79088 +/- 0.0276886  
18 1.86343 +/- 0.0291587  
19 1.93347 +/- 0.0306195  
20 2.00132 +/- 0.0321699  
21 2.06675 +/- 0.0337212  
22 2.13031 +/- 0.0352447  
23 2.19167 +/- 0.0367718  
24 2.25237 +/- 0.038201   
25 2.31123 +/- 0.0396458  
26 2.36666 +/- 0.0409639  
27 2.42055 +/- 0.0423244  
28 2.47182 +/- 0.0437516  
29 2.5227 +/- 0.0451398   
30 2.57146 +/- 0.0466018  
31 2.6193 +/- 0.0480514   
32 2.66483 +/- 0.0493837  
33 2.70882 +/- 0.0507087  
34 2.75047 +/- 0.0520449  
35 2.78936 +/- 0.0534253  
36 2.82723 +/- 0.0547155  
37 2.86458 +/- 0.0559441  
38 2.89951 +/- 0.0570853  
39 2.93315 +/- 0.0581494  
40 2.96538 +/- 0.0592297  
41 2.99608 +/- 0.0602807  
42 3.02532 +/- 0.061272   
43 3.05384 +/- 0.0622127  
44 3.08115 +/- 0.0630946  
45 3.10772 +/- 0.0639751  
46 3.13419 +/- 0.0648246  
47 3.15955 +/- 0.0656334  
48 3.18527 +/- 0.0665316  
49 3.21171 +/- 0.0673864  
50 3.2379 +/- 0.0682279   
51 3.26298 +/- 0.0690847  
52 3.28672 +/- 0.0700189  
53 3.31102 +/- 0.0710021  
54 3.33321 +/- 0.0719318  
55 3.35363 +/- 0.0728243  
56 3.37311 +/- 0.073649   
57 3.39096 +/- 0.0745066  
58 3.40843 +/- 0.0752431  
59 3.42542 +/- 0.0760518  
60 3.44198 +/- 0.0767279  
61 3.45803 +/- 0.0774667  
62 3.47338 +/- 0.0782149  
63 3.48946 +/- 0.0790155  
END dQ2
beta: 5
nconf:  1024
nbatch:  128
BEGIN dQ2
 0 0 +/- 0                  
 1 0.0320977 +/- 0.000529377
 2 0.060887 +/- 0.00098944  
 3 0.08909 +/- 0.00145593   
 4 0.116812 +/- 0.00191832  
 5 0.144389 +/- 0.00240065  
 6 0.171568 +/- 0.00290534  
 7 0.198716 +/- 0.00342277  
 8 0.225494 +/- 0.00396958  
 9 0.252032 +/- 0.00451636  
10 0.278245 +/- 0.00506139  
11 0.30404 +/- 0.00558975   
12 0.329669 +/- 0.00613107  
13 0.354816 +/- 0.00664893  
14 0.379718 +/- 0.00718515  
15 0.404454 +/- 0.00775646  
16 0.42937 +/- 0.00837331   
17 0.453878 +/- 0.00898302  
18 0.478356 +/- 0.0095974   
19 0.50269 +/- 0.0102395    
20 0.526877 +/- 0.0109031   
21 0.550855 +/- 0.0115528   
22 0.574897 +/- 0.0122209   
23 0.598644 +/- 0.0128864   
24 0.622125 +/- 0.0135432   
25 0.645231 +/- 0.0141609   
26 0.667742 +/- 0.0147712   
27 0.690078 +/- 0.0153775   
28 0.712067 +/- 0.0159439   
29 0.733731 +/- 0.0165629   
30 0.755211 +/- 0.0171664   
31 0.776341 +/- 0.0177649   
32 0.797135 +/- 0.0183766   
33 0.817427 +/- 0.0189922   
34 0.837729 +/- 0.0196363   
35 0.85774 +/- 0.0203106    
36 0.877586 +/- 0.0209453   
37 0.897163 +/- 0.0215963   
38 0.916479 +/- 0.0222239   
39 0.935319 +/- 0.0228762   
40 0.954284 +/- 0.023525    
41 0.973081 +/- 0.0241627   
42 0.991296 +/- 0.0248026   
43 1.00948 +/- 0.0254417    
44 1.0272 +/- 0.0260748     
45 1.04454 +/- 0.0267169    
46 1.06145 +/- 0.0273569    
47 1.0782 +/- 0.0279736     
48 1.09465 +/- 0.0285852    
49 1.11112 +/- 0.0292114    
50 1.12753 +/- 0.029828     
51 1.14375 +/- 0.0304178    
52 1.15983 +/- 0.0309764    
53 1.17553 +/- 0.0315678    
54 1.19118 +/- 0.0321584    
55 1.20675 +/- 0.0327668    
56 1.22214 +/- 0.0333665    
57 1.2374 +/- 0.0339597     
58 1.25262 +/- 0.0345655    
59 1.26779 +/- 0.0352001    
60 1.28282 +/- 0.0358248    
61 1.29743 +/- 0.0364546    
62 1.31183 +/- 0.0370611    
63 1.3261 +/- 0.0377003     
END dQ2
beta: 6
nconf:  1024
nbatch:  128
BEGIN dQ2
 0 0 +/- 0                  
 1 0.0047654 +/- 0.000219545
 2 0.00924963 +/- 0.00042796
 3 0.0137503 +/- 0.000644216
 4 0.0182138 +/- 0.000865365
 5 0.0226632 +/- 0.00108794 
 6 0.0271058 +/- 0.00131318 
 7 0.0315189 +/- 0.00153834 
 8 0.0359867 +/- 0.00177145 
 9 0.0404557 +/- 0.00200671 
10 0.0448564 +/- 0.00224216 
11 0.0492581 +/- 0.00247814 
12 0.0536839 +/- 0.00271425 
13 0.0580799 +/- 0.00295131 
14 0.0625 +/- 0.00319117    
15 0.0668902 +/- 0.00343179 
16 0.0712968 +/- 0.00367556 
17 0.0756812 +/- 0.00391952 
18 0.0800742 +/- 0.00416258 
19 0.0844372 +/- 0.00440671 
20 0.0888166 +/- 0.00465271 
21 0.093197 +/- 0.00490075  
22 0.0975705 +/- 0.00514696 
23 0.101937 +/- 0.00539373  
24 0.106305 +/- 0.00563952  
25 0.11065 +/- 0.00588446   
26 0.11498 +/- 0.00612906   
27 0.119327 +/- 0.00637554  
28 0.123635 +/- 0.00662168  
29 0.127944 +/- 0.00687019  
30 0.132207 +/- 0.0071155   
31 0.136447 +/- 0.00735435  
32 0.140657 +/- 0.00759124  
33 0.144843 +/- 0.00782788  
34 0.149021 +/- 0.00805979  
35 0.153177 +/- 0.00829031  
36 0.157254 +/- 0.00851167  
37 0.161308 +/- 0.00873642  
38 0.165409 +/- 0.00896398  
39 0.169496 +/- 0.00919219  
40 0.173542 +/- 0.00942189  
41 0.177613 +/- 0.00966015  
42 0.181676 +/- 0.00989664  
43 0.18578 +/- 0.0101387    
44 0.189892 +/- 0.0103825   
45 0.19402 +/- 0.0106282    
46 0.19822 +/- 0.0108827    
47 0.202389 +/- 0.0111374   
48 0.206503 +/- 0.0113888   
49 0.210609 +/- 0.0116404   
50 0.214715 +/- 0.0118907   
51 0.218822 +/- 0.0121368   
52 0.222921 +/- 0.0123842   
53 0.227013 +/- 0.0126336   
54 0.231073 +/- 0.0128797   
55 0.235093 +/- 0.0131219   
56 0.239104 +/- 0.0133628   
57 0.24306 +/- 0.013604     
58 0.246991 +/- 0.013846    
59 0.250947 +/- 0.0140901   
60 0.254887 +/- 0.0143328   
61 0.258818 +/- 0.0145748   
62 0.262774 +/- 0.0148232   
63 0.266722 +/- 0.0150752   
END dQ2
