
# File: ../t_force_b25_2.log
beta: 3
nconf:  1024
nbatch:   64
BEGIN dQ2
 0 0 +/- 0                
 1 0.701017 +/- 0.00543944
 2 1.20219 +/- 0.0105334  
 3 1.63694 +/- 0.0158778  
 4 2.03206 +/- 0.021145   
 5 2.38839 +/- 0.0257005  
 6 2.70395 +/- 0.0305879  
 7 2.99261 +/- 0.0351593  
 8 3.25478 +/- 0.0405906  
 9 3.48879 +/- 0.0465112  
10 3.70867 +/- 0.0515893  
11 3.89843 +/- 0.0568435  
12 4.0728 +/- 0.0619981   
13 4.23298 +/- 0.066928   
14 4.38055 +/- 0.0708274  
15 4.52231 +/- 0.075639   
16 4.64901 +/- 0.0797494  
17 4.75936 +/- 0.0828873  
18 4.85625 +/- 0.085973   
19 4.94293 +/- 0.0890878  
20 5.01648 +/- 0.0919005  
21 5.08408 +/- 0.09407    
22 5.14557 +/- 0.0962545  
23 5.20737 +/- 0.0988208  
24 5.25878 +/- 0.0993501  
25 5.30172 +/- 0.0992068  
26 5.33897 +/- 0.0996492  
27 5.36683 +/- 0.0999713  
28 5.40189 +/- 0.100505   
29 5.43067 +/- 0.10137    
30 5.45383 +/- 0.10132    
31 5.47633 +/- 0.101264   
32 5.49666 +/- 0.100555   
33 5.51525 +/- 0.100461   
34 5.53251 +/- 0.0999841  
35 5.55179 +/- 0.0987175  
36 5.5697 +/- 0.0976136   
37 5.57939 +/- 0.0960105  
38 5.58732 +/- 0.0951375  
39 5.60084 +/- 0.0944514  
40 5.60688 +/- 0.0936845  
41 5.62209 +/- 0.0946589  
42 5.63156 +/- 0.0971116  
43 5.63814 +/- 0.0984416  
44 5.64295 +/- 0.100077   
45 5.64892 +/- 0.101319   
46 5.65337 +/- 0.102521   
47 5.65646 +/- 0.103994   
48 5.66419 +/- 0.104038   
49 5.67058 +/- 0.103217   
50 5.66948 +/- 0.103323   
51 5.6677 +/- 0.1028      
52 5.65882 +/- 0.102883   
53 5.65211 +/- 0.104324   
54 5.64056 +/- 0.104254   
55 5.62743 +/- 0.104424   
56 5.6141 +/- 0.104583    
57 5.59992 +/- 0.105173   
58 5.58725 +/- 0.106014   
59 5.56927 +/- 0.105366   
60 5.5556 +/- 0.104941    
61 5.54459 +/- 0.106064   
62 5.54731 +/- 0.10739    
63 5.5437 +/- 0.109113    
END dQ2
beta: 4
nconf:  1024
nbatch:   64
BEGIN dQ2
 0 0 +/- 0                
 1 0.157197 +/- 0.00185372
 2 0.285714 +/- 0.00353668
 3 0.406724 +/- 0.00511117
 4 0.5233 +/- 0.00689987  
 5 0.635642 +/- 0.00900123
 6 0.742448 +/- 0.0113121 
 7 0.844134 +/- 0.0136934 
 8 0.94339 +/- 0.0161735  
 9 1.04061 +/- 0.0186081  
10 1.13303 +/- 0.0210961  
11 1.22202 +/- 0.0235412  
12 1.30853 +/- 0.0259177  
13 1.39404 +/- 0.0283577  
14 1.4771 +/- 0.0307468   
15 1.55649 +/- 0.0329667  
16 1.63247 +/- 0.0352637  
17 1.7086 +/- 0.0374557   
18 1.78092 +/- 0.0398644  
19 1.85162 +/- 0.0423026  
20 1.91921 +/- 0.0445062  
21 1.98381 +/- 0.0469717  
22 2.04567 +/- 0.0491835  
23 2.10377 +/- 0.0513423  
24 2.16036 +/- 0.0533949  
25 2.21489 +/- 0.0554722  
26 2.26826 +/- 0.0572606  
27 2.32081 +/- 0.0588673  
28 2.37185 +/- 0.0609954  
29 2.41803 +/- 0.0627579  
30 2.46182 +/- 0.0645159  
31 2.50395 +/- 0.0663583  
32 2.54272 +/- 0.0679729  
33 2.58117 +/- 0.0695242  
34 2.61948 +/- 0.0712387  
35 2.65854 +/- 0.0728582  
36 2.69599 +/- 0.074147   
37 2.73084 +/- 0.0754546  
38 2.76326 +/- 0.0768625  
39 2.79385 +/- 0.0784933  
40 2.82577 +/- 0.0799751  
41 2.8533 +/- 0.0814264   
42 2.88117 +/- 0.0827968  
43 2.9085 +/- 0.0840285   
44 2.93391 +/- 0.085143   
45 2.96037 +/- 0.0861182  
46 2.98684 +/- 0.0869795  
47 3.01083 +/- 0.0876278  
48 3.03341 +/- 0.0883111  
49 3.05316 +/- 0.0890399  
50 3.07391 +/- 0.0901384  
51 3.09152 +/- 0.0911532  
52 3.11048 +/- 0.0924415  
53 3.12965 +/- 0.0938429  
54 3.14803 +/- 0.0950551  
55 3.16563 +/- 0.096075   
56 3.18024 +/- 0.0972341  
57 3.19548 +/- 0.0981099  
58 3.21213 +/- 0.0990075  
59 3.22769 +/- 0.100042   
60 3.24314 +/- 0.101003   
61 3.26006 +/- 0.102116   
62 3.27631 +/- 0.103173   
63 3.29523 +/- 0.104475   
END dQ2
beta: 5
nconf:  1024
nbatch:   64
BEGIN dQ2
 0 0 +/- 0                  
 1 0.0316166 +/- 0.000898492
 2 0.0597175 +/- 0.0016963  
 3 0.0868481 +/- 0.00248562 
 4 0.113971 +/- 0.00327737  
 5 0.140886 +/- 0.00407452  
 6 0.167086 +/- 0.00485068  
 7 0.19343 +/- 0.00564465   
 8 0.219411 +/- 0.00644338  
 9 0.245443 +/- 0.00729319  
10 0.271342 +/- 0.00815658  
11 0.296644 +/- 0.00901756  
12 0.321733 +/- 0.00989799  
13 0.346625 +/- 0.0108542   
14 0.371798 +/- 0.0117907   
15 0.396974 +/- 0.0127279   
16 0.421984 +/- 0.013641    
17 0.446934 +/- 0.0145779   
18 0.471297 +/- 0.0154634   
19 0.495243 +/- 0.0163504   
20 0.519313 +/- 0.0172588   
21 0.543058 +/- 0.0181532   
22 0.566243 +/- 0.0190735   
23 0.589286 +/- 0.0199246   
24 0.611594 +/- 0.0207817   
25 0.633946 +/- 0.0216893   
26 0.655999 +/- 0.0225554   
27 0.677924 +/- 0.0234388   
28 0.699909 +/- 0.0243233   
29 0.721577 +/- 0.0251644   
30 0.742973 +/- 0.0260446   
31 0.76424 +/- 0.0269493    
32 0.785172 +/- 0.0278291   
33 0.805499 +/- 0.0287459   
34 0.82541 +/- 0.0296763    
35 0.844809 +/- 0.0305996   
36 0.864167 +/- 0.0315214   
37 0.883264 +/- 0.0324926   
38 0.902066 +/- 0.0334206   
39 0.921161 +/- 0.034325    
40 0.940152 +/- 0.0352327   
41 0.958593 +/- 0.0360554   
42 0.977072 +/- 0.0369126   
43 0.995301 +/- 0.0377637   
44 1.01349 +/- 0.0386239    
45 1.03179 +/- 0.0395687    
46 1.05013 +/- 0.0405156    
47 1.06883 +/- 0.0415514    
48 1.08771 +/- 0.0426292    
49 1.1067 +/- 0.0437024     
50 1.12529 +/- 0.0448375    
51 1.14371 +/- 0.0459707    
52 1.16184 +/- 0.0470915    
53 1.17957 +/- 0.0482166    
54 1.19697 +/- 0.0493679    
55 1.21414 +/- 0.0504814    
56 1.23073 +/- 0.0516027    
57 1.24698 +/- 0.0527942    
58 1.2632 +/- 0.0539787     
59 1.27937 +/- 0.0551446    
60 1.29485 +/- 0.056294     
61 1.31052 +/- 0.0574352    
62 1.32595 +/- 0.0586309    
63 1.34138 +/- 0.0598306    
END dQ2
beta: 6
nconf:  1024
nbatch:   64
BEGIN dQ2
 0 0 +/- 0                   
 1 0.00482649 +/- 0.000267416
 2 0.00938723 +/- 0.0005197  
 3 0.0138651 +/- 0.00077499  
 4 0.0183364 +/- 0.00103358  
 5 0.0227705 +/- 0.00128679  
 6 0.027244 +/- 0.00154302   
 7 0.031757 +/- 0.00180078   
 8 0.0362328 +/- 0.00206592  
 9 0.0406866 +/- 0.00233693  
10 0.0451029 +/- 0.00260693  
11 0.0494972 +/- 0.00287956  
12 0.053931 +/- 0.00315277   
13 0.0583117 +/- 0.00342027  
14 0.0627011 +/- 0.00368929  
15 0.0670683 +/- 0.00395146  
16 0.0714751 +/- 0.00421971  
17 0.0759217 +/- 0.00449066  
18 0.080346 +/- 0.00476165   
19 0.0847948 +/- 0.00503807  
20 0.0892057 +/- 0.00531347  
21 0.0935942 +/- 0.00558355  
22 0.0980539 +/- 0.00585984  
23 0.102491 +/- 0.00614045   
24 0.106953 +/- 0.00641927   
25 0.11133 +/- 0.00669559    
26 0.115763 +/- 0.00697679   
27 0.120236 +/- 0.00726534   
28 0.124733 +/- 0.00757711   
29 0.12924 +/- 0.00789154    
30 0.13374 +/- 0.00820972    
31 0.13817 +/- 0.00852371    
32 0.142562 +/- 0.00883563   
33 0.146916 +/- 0.00914679   
34 0.151263 +/- 0.00945532   
35 0.155618 +/- 0.00976771   
36 0.159903 +/- 0.0100891    
37 0.164181 +/- 0.0104124    
38 0.1685 +/- 0.0107403      
39 0.172827 +/- 0.0110706    
40 0.177131 +/- 0.0114076    
41 0.181396 +/- 0.0117394    
42 0.185638 +/- 0.0120605    
43 0.189857 +/- 0.012383     
44 0.194005 +/- 0.0127083    
45 0.198129 +/- 0.0130388    
46 0.202182 +/- 0.0133516    
47 0.206308 +/- 0.013678     
48 0.210441 +/- 0.0140067    
49 0.214567 +/- 0.0143359    
50 0.218702 +/- 0.014657     
51 0.222813 +/- 0.014981     
52 0.226932 +/- 0.0153072    
53 0.231028 +/- 0.0156204    
54 0.235164 +/- 0.015937     
55 0.239374 +/- 0.0162716    
56 0.243527 +/- 0.0166082    
57 0.247657 +/- 0.0169452    
58 0.251698 +/- 0.0172901    
59 0.255699 +/- 0.0176321    
60 0.259644 +/- 0.0179742    
61 0.263548 +/- 0.0183189    
62 0.267395 +/- 0.0186544    
63 0.271186 +/- 0.0189906    
END dQ2
beta: 7
nconf:  1024
nbatch:   64
BEGIN dQ2
 0 0 +/- 0                    
 1 0.000885875 +/- 0.000145587
 2 0.00159002 +/- 0.000264667 
 3 0.00232615 +/- 0.00040252  
 4 0.00303309 +/- 0.000541808 
 5 0.00377208 +/- 0.000684293 
 6 0.00451252 +/- 0.000827531 
 7 0.0052237 +/- 0.000966528  
 8 0.00595165 +/- 0.0011027   
 9 0.00668103 +/- 0.00123922  
10 0.00741186 +/- 0.00137606  
11 0.0081287 +/- 0.0015058    
12 0.00884696 +/- 0.0016359   
13 0.00955119 +/- 0.00176417  
14 0.0102568 +/- 0.00189286   
15 0.0109638 +/- 0.00202194   
16 0.0116722 +/- 0.00215137   
17 0.0123821 +/- 0.00228115   
18 0.0130933 +/- 0.00241127   
19 0.013806 +/- 0.00254171    
20 0.0144889 +/- 0.00265872   
21 0.0151732 +/- 0.0027764    
22 0.0158589 +/- 0.00289469   
23 0.0165303 +/- 0.00301306   
24 0.0172031 +/- 0.00313203   
25 0.0178773 +/- 0.00325156   
26 0.0185527 +/- 0.00337162   
27 0.0192139 +/- 0.00349345   
28 0.0198921 +/- 0.00361449   
29 0.0205716 +/- 0.003736     
30 0.0212525 +/- 0.00385794   
31 0.0219348 +/- 0.0039803    
32 0.0226184 +/- 0.00410307   
33 0.0233035 +/- 0.00422624   
34 0.0239899 +/- 0.00434979   
35 0.0246777 +/- 0.00447372   
36 0.0253669 +/- 0.00459801   
37 0.0260575 +/- 0.00472266   
38 0.0267178 +/- 0.0048302    
39 0.0273636 +/- 0.00493744   
40 0.027963 +/- 0.00502534    
41 0.0285796 +/- 0.00511659   
42 0.0291974 +/- 0.00520856   
43 0.0298165 +/- 0.00530122   
44 0.0304209 +/- 0.00539178   
45 0.0310266 +/- 0.00548299   
46 0.0316334 +/- 0.00557481   
47 0.0322256 +/- 0.00566445   
48 0.0328029 +/- 0.00575179   
49 0.0333814 +/- 0.00583968   
50 0.0339451 +/- 0.00592739   
51 0.0345099 +/- 0.00601565   
52 0.0350759 +/- 0.00610445   
53 0.035643 +/- 0.00619376    
54 0.0362113 +/- 0.00628359   
55 0.0367808 +/- 0.00637392   
56 0.0373515 +/- 0.00646473   
57 0.0379233 +/- 0.00655603   
58 0.0384964 +/- 0.00664779   
59 0.0390706 +/- 0.00674001   
60 0.039646 +/- 0.00683268    
61 0.0402226 +/- 0.00692579   
62 0.0408004 +/- 0.00701934   
63 0.0413794 +/- 0.00711332   
END dQ2
