
# File: ../t_force_b25_0s5.log
beta: 3
nconf:  1024
nbatch:    8
BEGIN dQ2
 0 0 +/- 0              
 1 4.61718 +/- 0.0931096
 2 7.551 +/- 0.176548   
 3 9.91405 +/- 0.276885 
 4 12.2784 +/- 0.339306 
 5 14.4573 +/- 0.404101 
 6 16.6573 +/- 0.541961 
 7 18.8721 +/- 0.740175 
 8 21.171 +/- 0.95059   
 9 23.359 +/- 1.18845   
10 25.4647 +/- 1.43352  
11 27.6834 +/- 1.59846  
12 29.8249 +/- 1.83257  
13 32.0382 +/- 2.04189  
14 34.097 +/- 2.25763   
15 36.1052 +/- 2.44198  
16 38.0702 +/- 2.62601  
17 39.9256 +/- 2.84916  
18 41.6845 +/- 3.0486   
19 43.33 +/- 3.16352    
20 44.9604 +/- 3.28147  
21 46.6201 +/- 3.43841  
22 48.2395 +/- 3.60334  
23 49.9406 +/- 3.78129  
24 51.5364 +/- 3.93803  
25 52.9199 +/- 4.14745  
26 54.4481 +/- 4.37651  
27 55.8695 +/- 4.50385  
28 57.2934 +/- 4.75371  
29 58.8374 +/- 4.93416  
30 60.2041 +/- 5.13513  
31 61.5242 +/- 5.37873  
32 62.801 +/- 5.61994   
33 63.9585 +/- 5.89943  
34 65.2254 +/- 6.13932  
35 66.2568 +/- 6.3943   
36 67.3026 +/- 6.63332  
37 68.4182 +/- 6.87509  
38 69.4655 +/- 7.10779  
39 70.3868 +/- 7.31301  
40 71.349 +/- 7.53884   
41 72.2108 +/- 7.7328   
42 72.8858 +/- 7.84479  
43 73.4495 +/- 8.01987  
44 73.9144 +/- 8.18954  
45 74.2589 +/- 8.34115  
46 74.7285 +/- 8.50067  
47 75.1263 +/- 8.61069  
48 75.6578 +/- 8.75818  
49 76.0031 +/- 8.84319  
50 76.4023 +/- 8.96772  
51 76.884 +/- 9.17022   
52 77.3481 +/- 9.25401  
53 77.7582 +/- 9.35528  
54 78.1544 +/- 9.43672  
55 78.2912 +/- 9.4758   
56 78.4447 +/- 9.55219  
57 78.6436 +/- 9.64835  
58 78.974 +/- 9.75156   
59 79.3675 +/- 9.74057  
60 79.608 +/- 9.79789   
61 79.7374 +/- 9.80555  
62 79.9111 +/- 9.87141  
63 79.9689 +/- 9.89017  
END dQ2
beta: 4
nconf:  1024
nbatch:    8
BEGIN dQ2
 0 0 +/- 0                
 1 0.459555 +/- 0.00733705
 2 0.682118 +/- 0.0139232 
 3 0.866063 +/- 0.0162143 
 4 1.0435 +/- 0.0272426   
 5 1.21087 +/- 0.0337139  
 6 1.36653 +/- 0.0441947  
 7 1.53441 +/- 0.0574711  
 8 1.68984 +/- 0.0730347  
 9 1.83781 +/- 0.0847442  
10 1.98706 +/- 0.0985072  
11 2.1287 +/- 0.112915    
12 2.2521 +/- 0.12981     
13 2.398 +/- 0.146085     
14 2.54691 +/- 0.16678    
15 2.69747 +/- 0.186723   
16 2.84214 +/- 0.205889   
17 2.99168 +/- 0.227078   
18 3.12587 +/- 0.244949   
19 3.2648 +/- 0.259573    
20 3.41472 +/- 0.282103   
21 3.56094 +/- 0.294354   
22 3.7137 +/- 0.318708    
23 3.86576 +/- 0.342253   
24 4.014 +/- 0.364909     
25 4.16441 +/- 0.382887   
26 4.31225 +/- 0.401054   
27 4.46602 +/- 0.419704   
28 4.61898 +/- 0.434807   
29 4.76055 +/- 0.454334   
30 4.91876 +/- 0.471393   
31 5.06697 +/- 0.49227    
32 5.23122 +/- 0.510284   
33 5.37487 +/- 0.534215   
34 5.52348 +/- 0.550732   
35 5.66759 +/- 0.56434    
36 5.80795 +/- 0.578548   
37 5.9382 +/- 0.594939    
38 6.08329 +/- 0.60617    
39 6.21853 +/- 0.615186   
40 6.3393 +/- 0.629009    
41 6.50216 +/- 0.64976    
42 6.6404 +/- 0.663686    
43 6.77306 +/- 0.674628   
44 6.92436 +/- 0.691616   
45 7.06244 +/- 0.712847   
46 7.20412 +/- 0.729779   
47 7.3567 +/- 0.742744    
48 7.48963 +/- 0.761166   
49 7.63282 +/- 0.777585   
50 7.76964 +/- 0.799645   
51 7.89414 +/- 0.817173   
52 8.01839 +/- 0.835954   
53 8.14985 +/- 0.859556   
54 8.28518 +/- 0.878463   
55 8.42079 +/- 0.902172   
56 8.54675 +/- 0.921214   
57 8.66094 +/- 0.941148   
58 8.77394 +/- 0.956963   
59 8.88899 +/- 0.97057    
60 9.01582 +/- 0.992001   
61 9.14655 +/- 1.00696    
62 9.26897 +/- 1.02097    
63 9.4018 +/- 1.03451     
END dQ2
beta: 5
nconf:  1024
nbatch:    8
BEGIN dQ2
 0 0 +/- 0                
 1 0.139174 +/- 0.00757843
 2 0.227617 +/- 0.0146304 
 3 0.311827 +/- 0.0207686 
 4 0.401348 +/- 0.0282588 
 5 0.488592 +/- 0.0345627 
 6 0.573919 +/- 0.043958  
 7 0.657817 +/- 0.0550385 
 8 0.743479 +/- 0.0641004 
 9 0.831281 +/- 0.0731984 
10 0.918146 +/- 0.0809114 
11 1.00864 +/- 0.0880159  
12 1.09412 +/- 0.0939167  
13 1.17841 +/- 0.0992331  
14 1.26522 +/- 0.103486   
15 1.3475 +/- 0.107634    
16 1.42956 +/- 0.111184   
17 1.5108 +/- 0.113964    
18 1.58822 +/- 0.116102   
19 1.66493 +/- 0.117749   
20 1.7434 +/- 0.119869    
21 1.82278 +/- 0.123485   
22 1.8997 +/- 0.126015    
23 1.97465 +/- 0.129773   
24 2.05563 +/- 0.13497    
25 2.13676 +/- 0.140984   
26 2.21681 +/- 0.147047   
27 2.29639 +/- 0.154943   
28 2.38165 +/- 0.162426   
29 2.4598 +/- 0.170788    
30 2.53873 +/- 0.180228   
31 2.61946 +/- 0.189192   
32 2.69632 +/- 0.19828    
33 2.77888 +/- 0.208394   
34 2.86061 +/- 0.218137   
35 2.9411 +/- 0.226178    
36 3.01265 +/- 0.235704   
37 3.08485 +/- 0.244792   
38 3.15682 +/- 0.253151   
39 3.22703 +/- 0.264045   
40 3.29459 +/- 0.275225   
41 3.36406 +/- 0.281889   
42 3.43139 +/- 0.291468   
43 3.49962 +/- 0.299471   
44 3.56467 +/- 0.307741   
45 3.63407 +/- 0.315104   
46 3.70271 +/- 0.321794   
47 3.77201 +/- 0.330429   
48 3.84375 +/- 0.338752   
49 3.91705 +/- 0.347565   
50 3.99037 +/- 0.355389   
51 4.0659 +/- 0.36415     
52 4.14442 +/- 0.372115   
53 4.21704 +/- 0.379305   
54 4.29446 +/- 0.386104   
55 4.37552 +/- 0.392796   
56 4.45855 +/- 0.400338   
57 4.5433 +/- 0.409523    
58 4.62798 +/- 0.419543   
59 4.71516 +/- 0.430571   
60 4.79707 +/- 0.441294   
61 4.87201 +/- 0.452516   
62 4.94945 +/- 0.464218   
63 5.02393 +/- 0.476263   
END dQ2
beta: 6
nconf:  1024
nbatch:    8
BEGIN dQ2
 0 0 +/- 0                 
 1 0.0201613 +/- 0.00166196
 2 0.0347358 +/- 0.00313264
 3 0.0471352 +/- 0.0042307 
 4 0.0595588 +/- 0.00531764
 5 0.0727429 +/- 0.00683041
 6 0.0860756 +/- 0.0080362 
 7 0.0993117 +/- 0.00944962
 8 0.112943 +/- 0.0109976  
 9 0.127833 +/- 0.0127015  
10 0.141765 +/- 0.014191   
11 0.155849 +/- 0.015709   
12 0.169713 +/- 0.0172387  
13 0.183358 +/- 0.0185452  
14 0.196782 +/- 0.0192858  
15 0.210233 +/- 0.0202596  
16 0.223586 +/- 0.021255   
17 0.23709 +/- 0.0222676   
18 0.250621 +/- 0.0232959  
19 0.263806 +/- 0.0242665  
20 0.277266 +/- 0.0252381  
21 0.290005 +/- 0.0262322  
22 0.303268 +/- 0.0271437  
23 0.316309 +/- 0.0281074  
24 0.330375 +/- 0.0293403  
25 0.344845 +/- 0.0305071  
26 0.359218 +/- 0.0317212  
27 0.372994 +/- 0.0338689  
28 0.387048 +/- 0.036248   
29 0.401382 +/- 0.0382999  
30 0.415493 +/- 0.0404658  
31 0.429632 +/- 0.0426529  
32 0.444052 +/- 0.0448544  
33 0.458249 +/- 0.0470629  
34 0.472727 +/- 0.049308   
35 0.487235 +/- 0.0517229  
36 0.501012 +/- 0.0541163  
37 0.514564 +/- 0.056402   
38 0.528271 +/- 0.0586767  
39 0.542259 +/- 0.0609259  
40 0.555386 +/- 0.0630985  
41 0.568795 +/- 0.0654865  
42 0.582739 +/- 0.0680236  
43 0.597222 +/- 0.0705651  
44 0.610204 +/- 0.0729495  
45 0.623979 +/- 0.0754377  
46 0.637526 +/- 0.0780285  
47 0.650972 +/- 0.0804543  
48 0.664319 +/- 0.0828009  
49 0.677821 +/- 0.0851321  
50 0.691992 +/- 0.0880371  
51 0.706706 +/- 0.0908498  
52 0.721451 +/- 0.0940245  
53 0.736483 +/- 0.0970371  
54 0.752062 +/- 0.100304   
55 0.76806 +/- 0.103459    
56 0.78422 +/- 0.107013    
57 0.800414 +/- 0.110606   
58 0.816641 +/- 0.114235   
59 0.833161 +/- 0.117827   
60 0.850493 +/- 0.122139   
61 0.86825 +/- 0.126384    
62 0.886305 +/- 0.130506   
63 0.904657 +/- 0.134581   
END dQ2
