
# File: ../t_force_b25_0s4.log
beta: 3
nconf:  1024
nbatch:    8
BEGIN dQ2
 0 0 +/- 0              
 1 4.53165 +/- 0.0829262
 2 7.29171 +/- 0.149993 
 3 9.7276 +/- 0.213582  
 4 11.9743 +/- 0.298026 
 5 14.2117 +/- 0.318928 
 6 16.4606 +/- 0.430724 
 7 18.6212 +/- 0.531883 
 8 20.9058 +/- 0.633511 
 9 23.0419 +/- 0.807375 
10 25.0554 +/- 0.866308 
11 27.1419 +/- 0.961871 
12 29.3331 +/- 1.03454  
13 31.405 +/- 1.12228   
14 33.259 +/- 1.24074   
15 35.2251 +/- 1.31736  
16 37.1946 +/- 1.39423  
17 39.0215 +/- 1.53239  
18 40.7606 +/- 1.57974  
19 42.5169 +/- 1.55305  
20 44.1636 +/- 1.55248  
21 45.8581 +/- 1.58098  
22 47.613 +/- 1.65421   
23 49.3374 +/- 1.74656  
24 51.0989 +/- 1.83244  
25 52.538 +/- 1.90903   
26 54.1785 +/- 2.02765  
27 55.7085 +/- 2.14201  
28 57.154 +/- 2.27837   
29 58.773 +/- 2.37475   
30 60.2598 +/- 2.47322  
31 61.6049 +/- 2.6301   
32 62.9897 +/- 2.77371  
33 64.0864 +/- 3.01176  
34 65.2559 +/- 3.22614  
35 66.1405 +/- 3.42942  
36 67.0882 +/- 3.59468  
37 68.1251 +/- 3.74696  
38 69.3003 +/- 3.94895  
39 70.3589 +/- 4.10466  
40 71.4741 +/- 4.24395  
41 72.388 +/- 4.35333   
42 73.113 +/- 4.46765   
43 73.7908 +/- 4.59882  
44 74.4282 +/- 4.73296  
45 74.9893 +/- 4.82942  
46 75.6589 +/- 4.90988  
47 76.2084 +/- 4.97068  
48 76.8371 +/- 5.03136  
49 77.3996 +/- 5.07811  
50 77.8606 +/- 5.21806  
51 78.2942 +/- 5.37623  
52 78.8468 +/- 5.41274  
53 79.2759 +/- 5.4889   
54 79.5153 +/- 5.62925  
55 79.5953 +/- 5.63901  
56 79.6025 +/- 5.72458  
57 79.751 +/- 5.78708   
58 79.7614 +/- 5.86657  
59 79.8494 +/- 5.90687  
60 79.8579 +/- 5.97657  
61 79.8902 +/- 6.01229  
62 79.8702 +/- 6.03576  
63 79.8392 +/- 6.01839  
END dQ2
beta: 4
nconf:  1024
nbatch:    8
BEGIN dQ2
 0 0 +/- 0               
 1 0.454057 +/- 0.0130822
 2 0.675024 +/- 0.0171467
 3 0.866675 +/- 0.0200523
 4 1.05637 +/- 0.0293592 
 5 1.22289 +/- 0.0358379 
 6 1.40005 +/- 0.036722  
 7 1.58026 +/- 0.0344983 
 8 1.75308 +/- 0.0384212 
 9 1.91576 +/- 0.0431887 
10 2.0662 +/- 0.0486478  
11 2.21755 +/- 0.0544024 
12 2.36339 +/- 0.0648997 
13 2.50865 +/- 0.0724147 
14 2.65916 +/- 0.0764002 
15 2.80637 +/- 0.0835082 
16 2.94878 +/- 0.092681  
17 3.10986 +/- 0.102763  
18 3.24466 +/- 0.110205  
19 3.40435 +/- 0.120314  
20 3.55852 +/- 0.133985  
21 3.71162 +/- 0.144461  
22 3.85878 +/- 0.157594  
23 4.0216 +/- 0.168527   
24 4.18675 +/- 0.177828  
25 4.35511 +/- 0.187443  
26 4.51002 +/- 0.198235  
27 4.66876 +/- 0.209055  
28 4.82367 +/- 0.219601  
29 4.97085 +/- 0.231013  
30 5.13129 +/- 0.248557  
31 5.28084 +/- 0.263797  
32 5.45136 +/- 0.282929  
33 5.60709 +/- 0.296853  
34 5.75644 +/- 0.3104    
35 5.89611 +/- 0.326431  
36 6.03871 +/- 0.345694  
37 6.18009 +/- 0.362706  
38 6.31402 +/- 0.381393  
39 6.44023 +/- 0.397818  
40 6.55843 +/- 0.410897  
41 6.6999 +/- 0.431434   
42 6.84649 +/- 0.446092  
43 6.98152 +/- 0.458463  
44 7.12334 +/- 0.474955  
45 7.25064 +/- 0.491849  
46 7.39507 +/- 0.512238  
47 7.53608 +/- 0.527796  
48 7.65907 +/- 0.545697  
49 7.79269 +/- 0.561883  
50 7.92236 +/- 0.576339  
51 8.05049 +/- 0.597661  
52 8.16872 +/- 0.615586  
53 8.28463 +/- 0.630786  
54 8.39781 +/- 0.648895  
55 8.5129 +/- 0.668892   
56 8.62965 +/- 0.680713  
57 8.74341 +/- 0.68708   
58 8.85093 +/- 0.69738   
59 8.98459 +/- 0.702503  
60 9.11761 +/- 0.71489   
61 9.24675 +/- 0.725199  
62 9.36772 +/- 0.734765  
63 9.51119 +/- 0.736749  
END dQ2
beta: 5
nconf:  1024
nbatch:    8
BEGIN dQ2
 0 0 +/- 0                
 1 0.136975 +/- 0.00728102
 2 0.228351 +/- 0.0141105 
 3 0.319662 +/- 0.0206603 
 4 0.411029 +/- 0.0304727 
 5 0.499019 +/- 0.0420353 
 6 0.591478 +/- 0.0530736 
 7 0.682768 +/- 0.0673734 
 8 0.773991 +/- 0.0806218 
 9 0.866626 +/- 0.094647  
10 0.955498 +/- 0.107325  
11 1.04849 +/- 0.120149   
12 1.14106 +/- 0.132662   
13 1.23479 +/- 0.147761   
14 1.32178 +/- 0.163019   
15 1.4113 +/- 0.176236    
16 1.49492 +/- 0.190391   
17 1.57907 +/- 0.207946   
18 1.66414 +/- 0.224093   
19 1.749 +/- 0.241229     
20 1.83142 +/- 0.257694   
21 1.92173 +/- 0.276999   
22 2.00836 +/- 0.29572    
23 2.09878 +/- 0.315271   
24 2.187 +/- 0.333095     
25 2.28153 +/- 0.350302   
26 2.37149 +/- 0.367768   
27 2.46477 +/- 0.384955   
28 2.55698 +/- 0.403475   
29 2.64912 +/- 0.422168   
30 2.73742 +/- 0.440719   
31 2.83056 +/- 0.460714   
32 2.91923 +/- 0.480893   
33 3.00681 +/- 0.499696   
34 3.09798 +/- 0.51892    
35 3.1844 +/- 0.53965     
36 3.27492 +/- 0.558473   
37 3.35841 +/- 0.576673   
38 3.44244 +/- 0.595237   
39 3.52716 +/- 0.614492   
40 3.61153 +/- 0.634233   
41 3.69748 +/- 0.654168   
42 3.78717 +/- 0.675072   
43 3.87334 +/- 0.696097   
44 3.95867 +/- 0.718674   
45 4.04099 +/- 0.738958   
46 4.12257 +/- 0.760198   
47 4.21226 +/- 0.782579   
48 4.29457 +/- 0.804583   
49 4.37526 +/- 0.828386   
50 4.45637 +/- 0.852186   
51 4.53636 +/- 0.875063   
52 4.61857 +/- 0.89696    
53 4.70443 +/- 0.920178   
54 4.79021 +/- 0.942718   
55 4.87719 +/- 0.967158   
56 4.96152 +/- 0.990112   
57 5.04589 +/- 1.01284    
58 5.13587 +/- 1.03868    
59 5.22578 +/- 1.0653     
60 5.31185 +/- 1.09046    
61 5.39434 +/- 1.11682    
62 5.47596 +/- 1.14178    
63 5.56191 +/- 1.16616    
END dQ2
beta: 6
nconf:  1024
nbatch:    8
BEGIN dQ2
 0 0 +/- 0                 
 1 0.0175953 +/- 0.00107717
 2 0.0315558 +/- 0.0024163 
 3 0.0440744 +/- 0.00330072
 4 0.0563725 +/- 0.00395643
 5 0.0677134 +/- 0.00438091
 6 0.0793222 +/- 0.00533132
 7 0.0911996 +/- 0.00665276
 8 0.102731 +/- 0.00781876 
 9 0.113916 +/- 0.00900652 
10 0.124877 +/- 0.0104001  
11 0.136599 +/- 0.0118077  
12 0.148839 +/- 0.0133907  
13 0.161103 +/- 0.0151069  
14 0.173515 +/- 0.0166137  
15 0.185208 +/- 0.0182414  
16 0.197669 +/- 0.0196667  
17 0.209782 +/- 0.0212462  
18 0.22167 +/- 0.0225887   
19 0.233582 +/- 0.0238382  
20 0.245269 +/- 0.0251022  
21 0.256854 +/- 0.0263918  
22 0.268588 +/- 0.0275205  
23 0.280345 +/- 0.0286785  
24 0.2925 +/- 0.0296582    
25 0.30468 +/- 0.0306516   
26 0.316884 +/- 0.0316577  
27 0.328862 +/- 0.032862   
28 0.340236 +/- 0.0338838  
29 0.351382 +/- 0.0351122  
30 0.36255 +/- 0.0363592   
31 0.373993 +/- 0.0375653  
32 0.385207 +/- 0.0388453  
33 0.396695 +/- 0.0400836  
34 0.408207 +/- 0.0413373  
35 0.419995 +/- 0.0423703  
36 0.431174 +/- 0.0434617  
37 0.442882 +/- 0.0445044  
38 0.454361 +/- 0.0457547  
39 0.465863 +/- 0.0468914  
40 0.47815 +/- 0.0482922   
41 0.490209 +/- 0.0494695  
42 0.502037 +/- 0.0508568  
43 0.513761 +/- 0.0521471  
44 0.52551 +/- 0.0534481   
45 0.537411 +/- 0.0547959  
46 0.548824 +/- 0.0561035  
47 0.560517 +/- 0.0575301  
48 0.572106 +/- 0.0588391  
49 0.583333 +/- 0.0602062  
50 0.594713 +/- 0.0614449  
51 0.605987 +/- 0.0627095  
52 0.617027 +/- 0.0638996  
53 0.627832 +/- 0.0650221  
54 0.639175 +/- 0.0663145  
55 0.6508 +/- 0.0676028    
56 0.66219 +/- 0.0688925   
57 0.673604 +/- 0.0701958  
58 0.684524 +/- 0.071413   
59 0.695207 +/- 0.0725546  
60 0.705654 +/- 0.0739087  
61 0.716381 +/- 0.0750687  
62 0.727131 +/- 0.0761286  
63 0.736733 +/- 0.0775451  
END dQ2
