
# File: ../t_force_b25_0s6a_t2.log
beta: 3
nconf:  1024
nbatch:    2
BEGIN dQ2
 0 0 +/- 0             
 1 5.95357 +/- 0.39194 
 2 8.2774 +/- 0.594512 
 3 10.2522 +/- 0.778689
 4 11.777 +/- 0.970787 
 5 13.3602 +/- 1.10867 
 6 15.0683 +/- 1.29671 
 7 16.4661 +/- 1.46136 
 8 18.1294 +/- 1.69713 
 9 19.032 +/- 1.93253  
10 20.1844 +/- 2.15991 
11 21.4501 +/- 2.45787 
12 22.4921 +/- 2.75505 
13 23.7473 +/- 3.08134 
14 24.8371 +/- 3.29706 
15 26.0035 +/- 3.55639 
16 27.0729 +/- 3.72877 
17 28.1485 +/- 4.00021 
18 28.8872 +/- 4.23769 
19 29.8692 +/- 4.47214 
20 30.7206 +/- 4.65365 
21 31.5538 +/- 4.84844 
22 32.3728 +/- 5.03751 
23 33.033 +/- 5.32679  
24 33.639 +/- 5.55781  
25 34.3143 +/- 5.71027 
26 35.4058 +/- 5.85321 
27 35.9328 +/- 6.06472 
28 36.6079 +/- 6.26107 
29 37.4226 +/- 6.36234 
30 37.7958 +/- 6.51348 
31 38.6636 +/- 6.68944 
32 39.4365 +/- 6.84807 
33 40.4162 +/- 7.03922 
34 40.7682 +/- 7.22824 
35 41.2184 +/- 7.55212 
36 42.0865 +/- 7.70477 
37 42.7918 +/- 7.9423  
38 43.3976 +/- 8.1185  
39 44.1157 +/- 8.29758 
40 44.9045 +/- 8.4717  
41 46.1628 +/- 8.6578  
42 46.8814 +/- 8.8669  
43 47.7492 +/- 9.12861 
44 48.8423 +/- 9.39607 
45 50.0439 +/- 9.58525 
46 50.9044 +/- 9.90076 
47 51.7779 +/- 10.2989 
48 52.394 +/- 10.658   
49 53.4046 +/- 10.8956 
50 54.8249 +/- 11.1091 
51 56.1156 +/- 11.3539 
52 57.0242 +/- 11.5772 
53 57.7559 +/- 11.8742 
54 58.7351 +/- 12.1369 
55 59.5346 +/- 12.3676 
56 60.4737 +/- 12.565  
57 61.5083 +/- 12.8289 
58 62.514 +/- 13.091   
59 63.5244 +/- 13.2767 
60 64.89 +/- 13.4479   
61 66.3193 +/- 13.708  
62 67.3041 +/- 13.9654 
63 68.1363 +/- 14.2451 
END dQ2
beta: 4
nconf:  1024
nbatch:    2
BEGIN dQ2
 0 0 +/- 0              
 1 1.09335 +/- 0.0687116
 2 1.61301 +/- 0.119427 
 3 2.09403 +/- 0.16865  
 4 2.46471 +/- 0.228369 
 5 2.83072 +/- 0.284553 
 6 3.13409 +/- 0.334442 
 7 3.41544 +/- 0.388253 
 8 3.69783 +/- 0.445403 
 9 3.93842 +/- 0.498537 
10 4.21696 +/- 0.545175 
11 4.52665 +/- 0.605438 
12 4.79792 +/- 0.649352 
13 5.05391 +/- 0.706263 
14 5.34505 +/- 0.761731 
15 5.61744 +/- 0.82091  
16 5.90923 +/- 0.87153  
17 6.17031 +/- 0.910822 
18 6.44831 +/- 0.978531 
19 6.68955 +/- 1.03591  
20 6.96265 +/- 1.10638  
21 7.21137 +/- 1.16865  
22 7.43014 +/- 1.23667  
23 7.62488 +/- 1.29779  
24 7.849 +/- 1.36042    
25 8.03253 +/- 1.41726  
26 8.23798 +/- 1.48572  
27 8.43129 +/- 1.5721   
28 8.65412 +/- 1.65559  
29 8.92965 +/- 1.75376  
30 9.13934 +/- 1.84443  
31 9.35347 +/- 1.9168   
32 9.67944 +/- 1.99238  
33 9.9334 +/- 2.05775   
34 10.2818 +/- 2.1158   
35 10.5809 +/- 2.1638   
36 10.8618 +/- 2.23047  
37 11.0816 +/- 2.27456  
38 11.3139 +/- 2.33374  
39 11.5873 +/- 2.3729   
40 11.7932 +/- 2.41886  
41 11.9446 +/- 2.47436  
42 12.1405 +/- 2.51725  
43 12.3033 +/- 2.58128  
44 12.549 +/- 2.61408   
45 12.9305 +/- 2.65808  
46 13.2265 +/- 2.70315  
47 13.5455 +/- 2.74579  
48 13.8069 +/- 2.7898   
49 14.0856 +/- 2.83905  
50 14.327 +/- 2.8934    
51 14.5452 +/- 2.94175  
52 14.8246 +/- 3.00289  
53 15.1684 +/- 3.05825  
54 15.4582 +/- 3.12183  
55 15.7817 +/- 3.18     
56 16.1198 +/- 3.24401  
57 16.4576 +/- 3.30966  
58 16.8033 +/- 3.36546  
59 17.1399 +/- 3.45674  
60 17.4061 +/- 3.54161  
61 17.8214 +/- 3.60434  
62 18.2251 +/- 3.65046  
63 18.4901 +/- 3.72411  
END dQ2
beta: 5
nconf:  1024
nbatch:    2
BEGIN dQ2
 0 0 +/- 0               
 1 0.201369 +/- 0.0208053
 2 0.297456 +/- 0.03092  
 3 0.382958 +/- 0.0445553
 4 0.473529 +/- 0.0625435
 5 0.545633 +/- 0.0804784
 6 0.618861 +/- 0.0946244
 7 0.679449 +/- 0.107177 
 8 0.734252 +/- 0.120689 
 9 0.792118 +/- 0.129078 
10 0.836785 +/- 0.138967 
11 0.881046 +/- 0.14658  
12 0.926877 +/- 0.153576 
13 0.962413 +/- 0.1623   
14 1.01634 +/- 0.172497  
15 1.07284 +/- 0.179493  
16 1.13244 +/- 0.189056  
17 1.19563 +/- 0.199289  
18 1.25646 +/- 0.209998  
19 1.30945 +/- 0.223921  
20 1.35906 +/- 0.238724  
21 1.39581 +/- 0.252083  
22 1.44461 +/- 0.265737  
23 1.4975 +/- 0.274583   
24 1.536 +/- 0.28283     
25 1.58909 +/- 0.293368  
26 1.63427 +/- 0.303816  
27 1.68255 +/- 0.31487   
28 1.73745 +/- 0.324933  
29 1.79698 +/- 0.338054  
30 1.84507 +/- 0.344307  
31 1.89829 +/- 0.353139  
32 1.93901 +/- 0.365802  
33 1.9894 +/- 0.377333   
34 2.04798 +/- 0.386561  
35 2.10667 +/- 0.39908   
36 2.15941 +/- 0.414644  
37 2.21327 +/- 0.42661   
38 2.27333 +/- 0.440321  
39 2.31624 +/- 0.45286   
40 2.36941 +/- 0.466515  
41 2.4237 +/- 0.478638   
42 2.46232 +/- 0.488589  
43 2.50714 +/- 0.500323  
44 2.54643 +/- 0.514984  
45 2.58274 +/- 0.523513  
46 2.63395 +/- 0.536082  
47 2.68373 +/- 0.548121  
48 2.729 +/- 0.560382    
49 2.77846 +/- 0.571705  
50 2.82546 +/- 0.583767  
51 2.88592 +/- 0.591498  
52 2.93056 +/- 0.59834   
53 2.97683 +/- 0.609606  
54 3.03608 +/- 0.615998  
55 3.07998 +/- 0.618823  
56 3.1312 +/- 0.622954   
57 3.18356 +/- 0.626642  
58 3.23085 +/- 0.636885  
59 3.26995 +/- 0.649159  
60 3.30394 +/- 0.656078  
61 3.36189 +/- 0.662348  
62 3.40644 +/- 0.670089  
63 3.46098 +/- 0.674738  
END dQ2
beta: 6
nconf:  1024
nbatch:    2
BEGIN dQ2
 0 0 +/- 0                 
 1 0.0439883 +/- 0.00771286
 2 0.0665362 +/- 0.0157023 
 3 0.0920666 +/- 0.0197432 
 4 0.114706 +/- 0.0266483  
 5 0.135427 +/- 0.0330276  
 6 0.155206 +/- 0.0394284  
 7 0.176008 +/- 0.0455302  
 8 0.19685 +/- 0.0520303   
 9 0.216749 +/- 0.0580818  
10 0.2357 +/- 0.0640659    
11 0.256663 +/- 0.0699496  
12 0.278656 +/- 0.0760078  
13 0.301682 +/- 0.0821624  
14 0.324752 +/- 0.0862302  
15 0.345887 +/- 0.0908234  
16 0.367063 +/- 0.0953244  
17 0.385303 +/- 0.100892   
18 0.404573 +/- 0.10416    
19 0.422886 +/- 0.108968   
20 0.443227 +/- 0.11329    
21 0.467597 +/- 0.117964   
22 0.488024 +/- 0.122031   
23 0.513487 +/- 0.126032   
24 0.5365 +/- 0.132221     
25 0.560561 +/- 0.135096   
26 0.58517 +/- 0.140923    
27 0.607322 +/- 0.145543   
28 0.631526 +/- 0.150584   
29 0.656784 +/- 0.155701   
30 0.684105 +/- 0.160573   
31 0.71148 +/- 0.166028    
32 0.738911 +/- 0.171074   
33 0.765388 +/- 0.176676   
34 0.790909 +/- 0.183011   
35 0.819515 +/- 0.188534   
36 0.848178 +/- 0.194704   
37 0.874873 +/- 0.199121   
38 0.901623 +/- 0.205905   
39 0.93198 +/- 0.212605    
40 0.957825 +/- 0.219933   
41 0.988301 +/- 0.226012   
42 1.01782 +/- 0.232295    
43 1.0474 +/- 0.237837     
44 1.075 +/- 0.242356      
45 1.10266 +/- 0.247434    
46 1.13139 +/- 0.250797    
47 1.15916 +/- 0.254519    
48 1.18801 +/- 0.259593    
49 1.21795 +/- 0.263785    
50 1.24589 +/- 0.26788     
51 1.27698 +/- 0.272878    
52 1.30401 +/- 0.277104    
53 1.33007 +/- 0.281376    
54 1.35825 +/- 0.285914    
55 1.38545 +/- 0.289955    
56 1.41271 +/- 0.294705    
57 1.44002 +/- 0.299478    
58 1.46946 +/- 0.303647    
59 1.49793 +/- 0.308521    
60 1.52645 +/- 0.312914    
61 1.55504 +/- 0.317914    
62 1.5842 +/- 0.32043      
63 1.61238 +/- 0.323278    
END dQ2
