
# File: ../t_force_b25_0_bs0.log
betaMap: 4.5
nconf:  1024
nbatch:   64
BEGIN dQ2
 0 0 +/- 0                  
 1 0.0142809 +/- 0.000535327
 2 0.0264341 +/- 0.000960964
 3 0.0380601 +/- 0.00142757 
 4 0.0496017 +/- 0.001911   
 5 0.060798 +/- 0.0023937   
 6 0.0716939 +/- 0.00285736 
 7 0.082642 +/- 0.00335401  
 8 0.0934732 +/- 0.0038619  
 9 0.104203 +/- 0.00434806  
10 0.114892 +/- 0.00484032  
11 0.125416 +/- 0.00530556  
12 0.135993 +/- 0.00577149  
13 0.14639 +/- 0.00623067   
14 0.156714 +/- 0.00669227  
15 0.166904 +/- 0.00717956  
16 0.177254 +/- 0.00770647  
17 0.187593 +/- 0.00828033  
18 0.198031 +/- 0.00891203  
19 0.208396 +/- 0.00955194  
20 0.218952 +/- 0.0102231   
21 0.229452 +/- 0.0108933   
22 0.239973 +/- 0.0115523   
23 0.250437 +/- 0.0122597   
24 0.260813 +/- 0.0129422   
25 0.271177 +/- 0.0136408   
26 0.281579 +/- 0.0143382   
27 0.291938 +/- 0.0150563   
28 0.302193 +/- 0.015764    
29 0.312421 +/- 0.0164996   
30 0.322655 +/- 0.017234    
31 0.332893 +/- 0.0179764   
32 0.34312 +/- 0.0187343    
33 0.353336 +/- 0.0195029   
34 0.363542 +/- 0.0202793   
35 0.373547 +/- 0.0210562   
36 0.38354 +/- 0.0218523    
37 0.393411 +/- 0.0226251   
38 0.403334 +/- 0.0233933   
39 0.413087 +/- 0.0241645   
40 0.422764 +/- 0.0249631   
41 0.432445 +/- 0.0257705   
42 0.44213 +/- 0.0265853    
43 0.451596 +/- 0.0274005   
44 0.460922 +/- 0.0282139   
45 0.470186 +/- 0.0290208   
46 0.479358 +/- 0.0298362   
47 0.488677 +/- 0.0306706   
48 0.498063 +/- 0.0315275   
49 0.507564 +/- 0.0323867   
50 0.517021 +/- 0.0332517   
51 0.526481 +/- 0.0341348   
52 0.535847 +/- 0.0350179   
53 0.545185 +/- 0.0358883   
54 0.554591 +/- 0.0367756   
55 0.564064 +/- 0.0376963   
56 0.573492 +/- 0.0386129   
57 0.58294 +/- 0.0395596    
58 0.592294 +/- 0.0404753   
59 0.601684 +/- 0.0414135   
60 0.61098 +/- 0.0423614    
61 0.620019 +/- 0.0433168   
62 0.629061 +/- 0.0442535   
63 0.638137 +/- 0.0451901   
END dQ2
betaMap: 4
nconf:  1024
nbatch:   64
BEGIN dQ2
 0 0 +/- 0                  
 1 0.0183284 +/- 0.000605297
 2 0.0340478 +/- 0.00115626 
 3 0.0494307 +/- 0.00172148 
 4 0.0649969 +/- 0.00231911 
 5 0.0805477 +/- 0.00291637 
 6 0.0958835 +/- 0.00352253 
 7 0.111342 +/- 0.00412756  
 8 0.126753 +/- 0.0047105   
 9 0.142118 +/- 0.00528166  
10 0.157359 +/- 0.00585519  
11 0.172384 +/- 0.00640601  
12 0.187438 +/- 0.00696034  
13 0.202337 +/- 0.00752907  
14 0.217187 +/- 0.00808847  
15 0.232083 +/- 0.00867657  
16 0.247039 +/- 0.00929109  
17 0.261901 +/- 0.00990961  
18 0.276528 +/- 0.010546    
19 0.290998 +/- 0.0111582   
20 0.305388 +/- 0.0117642   
21 0.319619 +/- 0.0123741   
22 0.333879 +/- 0.0130041   
23 0.348183 +/- 0.0136287   
24 0.362297 +/- 0.0142613   
25 0.376001 +/- 0.014881    
26 0.389513 +/- 0.015523    
27 0.402802 +/- 0.01615     
28 0.415772 +/- 0.0167539   
29 0.428675 +/- 0.0173614   
30 0.441383 +/- 0.0179616   
31 0.454337 +/- 0.0186165   
32 0.466907 +/- 0.0192545   
33 0.47955 +/- 0.0199161    
34 0.492219 +/- 0.0206008   
35 0.504645 +/- 0.0212755   
36 0.517286 +/- 0.0219675   
37 0.53011 +/- 0.0226708    
38 0.542691 +/- 0.0234128   
39 0.555076 +/- 0.0241533   
40 0.567518 +/- 0.0249036   
41 0.579873 +/- 0.0256267   
42 0.591952 +/- 0.026355    
43 0.603689 +/- 0.0270922   
44 0.615258 +/- 0.0278208   
45 0.626644 +/- 0.0285436   
46 0.638149 +/- 0.0292703   
47 0.649661 +/- 0.0300059   
48 0.661149 +/- 0.030719    
49 0.672516 +/- 0.0314232   
50 0.683473 +/- 0.0321017   
51 0.694646 +/- 0.0327821   
52 0.705649 +/- 0.0334688   
53 0.716545 +/- 0.0341388   
54 0.727159 +/- 0.0347975   
55 0.737745 +/- 0.0354685   
56 0.748047 +/- 0.0361454   
57 0.758321 +/- 0.0368013   
58 0.768391 +/- 0.0374512   
59 0.778255 +/- 0.0380842   
60 0.788139 +/- 0.038726    
61 0.797962 +/- 0.0393601   
62 0.807741 +/- 0.0399907   
63 0.817475 +/- 0.0406132   
END dQ2
betaMap: 3.5
nconf:  1024
nbatch:   64
BEGIN dQ2
 0 0 +/- 0                  
 1 0.0238881 +/- 0.000588976
 2 0.0446276 +/- 0.00106996 
 3 0.0648568 +/- 0.00165503 
 4 0.0846814 +/- 0.00221263 
 5 0.104453 +/- 0.00279993  
 6 0.124018 +/- 0.00337807  
 7 0.143298 +/- 0.00396678  
 8 0.162294 +/- 0.00459475  
 9 0.181096 +/- 0.00522966  
10 0.199535 +/- 0.00590418  
11 0.217886 +/- 0.00659228  
12 0.236135 +/- 0.00727982  
13 0.25442 +/- 0.0079441    
14 0.272912 +/- 0.00862174  
15 0.290882 +/- 0.00930384  
16 0.308671 +/- 0.0100308   
17 0.326558 +/- 0.010759    
18 0.344169 +/- 0.0114707   
19 0.361738 +/- 0.0122084   
20 0.378984 +/- 0.0129066   
21 0.396015 +/- 0.0136152   
22 0.412831 +/- 0.0143114   
23 0.429383 +/- 0.0149867   
24 0.446156 +/- 0.0156932   
25 0.462869 +/- 0.0163825   
26 0.479381 +/- 0.0170884   
27 0.495596 +/- 0.0177912   
28 0.511766 +/- 0.0185006   
29 0.527952 +/- 0.0192148   
30 0.543998 +/- 0.019951    
31 0.559904 +/- 0.0206672   
32 0.57551 +/- 0.0213997    
33 0.591101 +/- 0.0221242   
34 0.606439 +/- 0.02282     
35 0.621698 +/- 0.0234824   
36 0.63694 +/- 0.0241549    
37 0.652197 +/- 0.0248552   
38 0.66739 +/- 0.0255805    
39 0.682646 +/- 0.0262986   
40 0.697663 +/- 0.0270085   
41 0.712455 +/- 0.0277383   
42 0.727056 +/- 0.0284475   
43 0.741574 +/- 0.0291561   
44 0.755708 +/- 0.0298338   
45 0.76995 +/- 0.0305212    
46 0.783742 +/- 0.0311988   
47 0.797643 +/- 0.0319007   
48 0.811219 +/- 0.0326005   
49 0.824856 +/- 0.033282    
50 0.838183 +/- 0.0339547   
51 0.852213 +/- 0.0347146   
52 0.866062 +/- 0.0354628   
53 0.879811 +/- 0.0361942   
54 0.893267 +/- 0.036902    
55 0.90654 +/- 0.0376309    
56 0.919631 +/- 0.0383658   
57 0.932491 +/- 0.039104    
58 0.945393 +/- 0.0398729   
59 0.958177 +/- 0.0406824   
60 0.970938 +/- 0.0414955   
61 0.983661 +/- 0.0423344   
62 0.996102 +/- 0.0431092   
63 1.00836 +/- 0.0438957    
END dQ2
betaMap: 3
nconf:  1024
nbatch:   64
BEGIN dQ2
 0 0 +/- 0                  
 1 0.0294783 +/- 0.000702506
 2 0.0563845 +/- 0.00130654 
 3 0.0827926 +/- 0.00194594 
 4 0.108977 +/- 0.00260151  
 5 0.13463 +/- 0.00326642   
 6 0.160379 +/- 0.00401514  
 7 0.185533 +/- 0.00475349  
 8 0.210599 +/- 0.00547012  
 9 0.235068 +/- 0.00615066  
10 0.259492 +/- 0.00686089  
11 0.283795 +/- 0.00754557  
12 0.307837 +/- 0.00817564  
13 0.331371 +/- 0.00878429  
14 0.355012 +/- 0.009456    
15 0.378391 +/- 0.0101254   
16 0.401724 +/- 0.0108104   
17 0.424233 +/- 0.0114961   
18 0.446508 +/- 0.0122066   
19 0.468579 +/- 0.0129435   
20 0.490444 +/- 0.0137055   
21 0.512307 +/- 0.014486    
22 0.534104 +/- 0.0152961   
23 0.555913 +/- 0.0161255   
24 0.577422 +/- 0.0169689   
25 0.598911 +/- 0.0177766   
26 0.619974 +/- 0.0186225   
27 0.640782 +/- 0.0194586   
28 0.661458 +/- 0.020333    
29 0.682255 +/- 0.0211714   
30 0.703094 +/- 0.0220377   
31 0.723502 +/- 0.0228917   
32 0.743715 +/- 0.023762    
33 0.763906 +/- 0.0246031   
34 0.783965 +/- 0.0254723   
35 0.804522 +/- 0.0263354   
36 0.824741 +/- 0.0271955   
37 0.84508 +/- 0.0280891    
38 0.865143 +/- 0.0290035   
39 0.885105 +/- 0.0299445   
40 0.904726 +/- 0.0308699   
41 0.924339 +/- 0.0318324   
42 0.943371 +/- 0.0327934   
43 0.962108 +/- 0.0337473   
44 0.980564 +/- 0.0347193   
45 0.998899 +/- 0.0356704   
46 1.01737 +/- 0.0365995    
47 1.03538 +/- 0.037474     
48 1.05333 +/- 0.0383802    
49 1.0708 +/- 0.0392397     
50 1.08807 +/- 0.0401354    
51 1.10499 +/- 0.0410537    
52 1.12207 +/- 0.0419437    
53 1.13918 +/- 0.0429104    
54 1.15623 +/- 0.0438184    
55 1.17294 +/- 0.0447661    
56 1.18939 +/- 0.045706     
57 1.20582 +/- 0.0466523    
58 1.22229 +/- 0.0476109    
59 1.23873 +/- 0.0485736    
60 1.25494 +/- 0.0495885    
61 1.27075 +/- 0.0506388    
62 1.28674 +/- 0.0517083    
63 1.30214 +/- 0.0527786    
END dQ2
betaMap: 2.5
nconf:  1024
nbatch:   64
BEGIN dQ2
 0 0 +/- 0                  
 1 0.0321511 +/- 0.000838713
 2 0.0616438 +/- 0.00157569 
 3 0.0905209 +/- 0.00237967 
 4 0.118597 +/- 0.00318949  
 5 0.146467 +/- 0.00399717  
 6 0.173901 +/- 0.00482671  
 7 0.201742 +/- 0.00575567  
 8 0.229192 +/- 0.00669844  
 9 0.256358 +/- 0.00769868  
10 0.283192 +/- 0.0086695   
11 0.309847 +/- 0.00964774  
12 0.336354 +/- 0.0107001   
13 0.362636 +/- 0.0117734   
14 0.389047 +/- 0.0128468   
15 0.415061 +/- 0.0138423   
16 0.440461 +/- 0.0147786   
17 0.465507 +/- 0.0156989   
18 0.490199 +/- 0.01662     
19 0.514848 +/- 0.0175769   
20 0.539529 +/- 0.0185775   
21 0.564089 +/- 0.0196064   
22 0.588635 +/- 0.0206809   
23 0.612528 +/- 0.0217164   
24 0.636484 +/- 0.0227698   
25 0.660129 +/- 0.0238069   
26 0.683492 +/- 0.0248303   
27 0.706683 +/- 0.0258752   
28 0.729935 +/- 0.0268958   
29 0.753015 +/- 0.0279473   
30 0.775717 +/- 0.0290106   
31 0.798008 +/- 0.0300161   
32 0.820423 +/- 0.0310169   
33 0.842662 +/- 0.0320258   
34 0.864426 +/- 0.0330304   
35 0.885569 +/- 0.0340366   
36 0.90663 +/- 0.035016     
37 0.92778 +/- 0.035998     
38 0.948624 +/- 0.0369653   
39 0.969749 +/- 0.0379876   
40 0.990409 +/- 0.0390412   
41 1.01063 +/- 0.0400546    
42 1.03063 +/- 0.0410515    
43 1.0504 +/- 0.0420604     
44 1.06991 +/- 0.0431038    
45 1.08952 +/- 0.0441776    
46 1.1091 +/- 0.0452359     
47 1.1282 +/- 0.0462748     
48 1.14682 +/- 0.0473048    
49 1.16564 +/- 0.0483408    
50 1.18437 +/- 0.049408     
51 1.20303 +/- 0.0504502    
52 1.2216 +/- 0.051476      
53 1.23996 +/- 0.0524931    
54 1.25828 +/- 0.0535387    
55 1.2763 +/- 0.0545651     
56 1.29387 +/- 0.0555944    
57 1.31216 +/- 0.0565854    
58 1.33021 +/- 0.0575647    
59 1.34827 +/- 0.0585329    
60 1.36565 +/- 0.0594856    
61 1.38302 +/- 0.0604174    
62 1.40005 +/- 0.0613309    
63 1.41731 +/- 0.062204     
END dQ2
betaMap: 2
nconf:  1024
nbatch:   64
BEGIN dQ2
 0 0 +/- 0                  
 1 0.0326552 +/- 0.000770251
 2 0.0622554 +/- 0.00143491 
 3 0.0914392 +/- 0.00214966 
 4 0.120343 +/- 0.00292402  
 5 0.148553 +/- 0.00370443  
 6 0.176618 +/- 0.00448713  
 7 0.204354 +/- 0.00532309  
 8 0.232114 +/- 0.00618568  
 9 0.259544 +/- 0.00707921  
10 0.286412 +/- 0.00794466  
11 0.313194 +/- 0.00884765  
12 0.339828 +/- 0.00985582  
13 0.366191 +/- 0.0109308   
14 0.39242 +/- 0.0120305    
15 0.41853 +/- 0.013196     
16 0.444708 +/- 0.0143873   
17 0.470519 +/- 0.0156228   
18 0.495946 +/- 0.0168094   
19 0.521004 +/- 0.0179756   
20 0.545537 +/- 0.0191191   
21 0.569557 +/- 0.0202841   
22 0.593157 +/- 0.0214964   
23 0.616618 +/- 0.0227274   
24 0.639594 +/- 0.0239385   
25 0.661724 +/- 0.0251689   
26 0.683836 +/- 0.026401    
27 0.705648 +/- 0.0275885   
28 0.727535 +/- 0.0287752   
29 0.749073 +/- 0.0299941   
30 0.770136 +/- 0.0312922   
31 0.791084 +/- 0.0325309   
32 0.811854 +/- 0.033758    
33 0.832335 +/- 0.0350442   
34 0.852257 +/- 0.036309    
35 0.871856 +/- 0.0375197   
36 0.891463 +/- 0.0387131   
37 0.910762 +/- 0.0398519   
38 0.930131 +/- 0.0409954   
39 0.949159 +/- 0.0421094   
40 0.968258 +/- 0.0432152   
41 0.9866 +/- 0.0443581     
42 1.00495 +/- 0.0454992    
43 1.0233 +/- 0.0466834     
44 1.04188 +/- 0.0478728    
45 1.05988 +/- 0.0490466    
46 1.07761 +/- 0.0501941    
47 1.09548 +/- 0.0513159    
48 1.11333 +/- 0.0524126    
49 1.13101 +/- 0.0535337    
50 1.14853 +/- 0.0546218    
51 1.16606 +/- 0.0556741    
52 1.18377 +/- 0.0567377    
53 1.2011 +/- 0.05775       
54 1.21796 +/- 0.0587239    
55 1.23431 +/- 0.0596896    
56 1.25066 +/- 0.0606113    
57 1.26685 +/- 0.0615254    
58 1.28245 +/- 0.0624047    
59 1.29762 +/- 0.0632484    
60 1.31232 +/- 0.0640727    
61 1.32688 +/- 0.064873     
62 1.34159 +/- 0.0656763    
63 1.35583 +/- 0.0664578    
END dQ2
betaMap: 1.5
nconf:  1024
nbatch:   64
BEGIN dQ2
 0 0 +/- 0                  
 1 0.0333425 +/- 0.000818984
 2 0.0635396 +/- 0.00163397 
 3 0.0926022 +/- 0.00251217 
 4 0.121783 +/- 0.00338137  
 5 0.150807 +/- 0.00421474  
 6 0.179334 +/- 0.00505669  
 7 0.207611 +/- 0.00589998  
 8 0.235559 +/- 0.00677257  
 9 0.262962 +/- 0.00764891  
10 0.289941 +/- 0.00851449  
11 0.316649 +/- 0.0094201   
12 0.343318 +/- 0.0103311   
13 0.369946 +/- 0.0112525   
14 0.396287 +/- 0.0122267   
15 0.42234 +/- 0.0131757    
16 0.447932 +/- 0.0140924   
17 0.473514 +/- 0.0150661   
18 0.499223 +/- 0.0160879   
19 0.524145 +/- 0.0170738   
20 0.549069 +/- 0.0180324   
21 0.573358 +/- 0.0189746   
22 0.597415 +/- 0.0199142   
23 0.62141 +/- 0.0208842    
24 0.64525 +/- 0.0218632    
25 0.668684 +/- 0.0228716   
26 0.691915 +/- 0.0238245   
27 0.715051 +/- 0.0248209   
28 0.737701 +/- 0.0258779   
29 0.760333 +/- 0.0270002   
30 0.783011 +/- 0.0281278   
31 0.805356 +/- 0.0292546   
32 0.827983 +/- 0.0303922   
33 0.850719 +/- 0.0315673   
34 0.872964 +/- 0.0327097   
35 0.894859 +/- 0.0338074   
36 0.916419 +/- 0.0349011   
37 0.937658 +/- 0.036001    
38 0.959226 +/- 0.0370817   
39 0.980822 +/- 0.0381548   
40 1.00224 +/- 0.0392519    
41 1.02333 +/- 0.0403117    
42 1.04384 +/- 0.0413164    
43 1.06422 +/- 0.0423297    
44 1.08449 +/- 0.0432847    
45 1.10505 +/- 0.0442665    
46 1.12564 +/- 0.0452324    
47 1.14617 +/- 0.0462827    
48 1.16656 +/- 0.0472829    
49 1.18678 +/- 0.0483073    
50 1.20675 +/- 0.0493576    
51 1.22672 +/- 0.050392     
52 1.24632 +/- 0.051414     
53 1.26537 +/- 0.0524022    
54 1.2842 +/- 0.0533344     
55 1.3027 +/- 0.0542199     
56 1.3212 +/- 0.0551057     
57 1.3396 +/- 0.0559543     
58 1.35745 +/- 0.0568277    
59 1.37531 +/- 0.0577073    
60 1.3933 +/- 0.0586626     
61 1.41156 +/- 0.0596581    
62 1.42983 +/- 0.0606308    
63 1.44818 +/- 0.0616091    
END dQ2
betaMap: 1
nconf:  1024
nbatch:   64
BEGIN dQ2
 0 0 +/- 0                   
 1 0.00471957 +/- 0.000374914
 2 0.00918848 +/- 0.000710383
 3 0.0135437 +/- 0.00102769  
 4 0.0178462 +/- 0.00134834  
 5 0.0220958 +/- 0.0016536   
 6 0.0262924 +/- 0.00195386  
 7 0.0304664 +/- 0.00227011  
 8 0.034618 +/- 0.00258673   
 9 0.0387931 +/- 0.00290543  
10 0.042961 +/- 0.0032265    
11 0.0470909 +/- 0.00354545  
12 0.0511981 +/- 0.00386069  
13 0.0552516 +/- 0.00417589  
14 0.0592512 +/- 0.00448071  
15 0.0632898 +/- 0.0048059   
16 0.0672588 +/- 0.00511833  
17 0.0711116 +/- 0.00541236  
18 0.0750031 +/- 0.00571845  
19 0.0788713 +/- 0.00601568  
20 0.0827471 +/- 0.00630616  
21 0.0867554 +/- 0.00663126  
22 0.090756 +/- 0.0069581    
23 0.094827 +/- 0.00728927   
24 0.0988594 +/- 0.00762134  
25 0.102868 +/- 0.00794306   
26 0.106854 +/- 0.00826344   
27 0.110785 +/- 0.00858158   
28 0.11474 +/- 0.0088932     
29 0.118719 +/- 0.0092131    
30 0.122705 +/- 0.00953112   
31 0.126668 +/- 0.00985005   
32 0.130544 +/- 0.0101497    
33 0.134429 +/- 0.0104531    
34 0.138289 +/- 0.0107524    
35 0.142078 +/- 0.0110375    
36 0.145907 +/- 0.0113247    
37 0.149759 +/- 0.0116186    
38 0.153667 +/- 0.0119183    
39 0.157503 +/- 0.0121936    
40 0.1613 +/- 0.012473       
41 0.165199 +/- 0.0127638    
42 0.169106 +/- 0.0130493    
43 0.17307 +/- 0.0133482     
44 0.177041 +/- 0.013649     
45 0.180972 +/- 0.0139418    
46 0.184912 +/- 0.0142366    
47 0.188875 +/- 0.0145283    
48 0.192879 +/- 0.0148229    
49 0.196907 +/- 0.0151203    
50 0.200847 +/- 0.0154126    
51 0.204827 +/- 0.015706     
52 0.2088 +/- 0.0159968      
53 0.21278 +/- 0.0162989     
54 0.216608 +/- 0.0165897    
55 0.220443 +/- 0.0168828    
56 0.224238 +/- 0.0171831    
57 0.228009 +/- 0.0174819    
58 0.231787 +/- 0.0177828    
59 0.235703 +/- 0.0180874    
60 0.239562 +/- 0.0183922    
61 0.243429 +/- 0.0187076    
62 0.247271 +/- 0.0190078    
63 0.251106 +/- 0.0193206    
END dQ2
