
# File: ../t_force_b25_0s3.log
beta: 3
nconf:  1024
nbatch:   32
BEGIN dQ2
 0 0 +/- 0              
 1 2.14889 +/- 0.0258556
 2 3.69952 +/- 0.049013 
 3 5.0794 +/- 0.071465  
 4 6.364 +/- 0.0941066  
 5 7.55673 +/- 0.122332 
 6 8.67574 +/- 0.152501 
 7 9.72056 +/- 0.185036 
 8 10.6456 +/- 0.217914 
 9 11.5422 +/- 0.253544 
10 12.3934 +/- 0.283286 
11 13.2033 +/- 0.312082 
12 13.9222 +/- 0.33674  
13 14.5853 +/- 0.362762 
14 15.2424 +/- 0.384748 
15 15.855 +/- 0.413094  
16 16.4369 +/- 0.445567 
17 16.9836 +/- 0.47754  
18 17.4829 +/- 0.5194   
19 17.9558 +/- 0.555276 
20 18.404 +/- 0.591641  
21 18.7613 +/- 0.621534 
22 19.0916 +/- 0.649968 
23 19.3777 +/- 0.678825 
24 19.6506 +/- 0.699877 
25 19.9187 +/- 0.717812 
26 20.167 +/- 0.729597  
27 20.3703 +/- 0.746348 
28 20.5199 +/- 0.757532 
29 20.6889 +/- 0.762554 
30 20.8333 +/- 0.770051 
31 20.9981 +/- 0.77118  
32 21.2049 +/- 0.775999 
33 21.392 +/- 0.782064  
34 21.5648 +/- 0.791862 
35 21.742 +/- 0.790303  
36 21.8787 +/- 0.788668 
37 22.0031 +/- 0.783283 
38 22.1169 +/- 0.773402 
39 22.186 +/- 0.769547  
40 22.2793 +/- 0.768137 
41 22.3464 +/- 0.776423 
42 22.3821 +/- 0.777729 
43 22.4343 +/- 0.781515 
44 22.5026 +/- 0.785108 
45 22.5355 +/- 0.78786  
46 22.6005 +/- 0.789718 
47 22.6455 +/- 0.788737 
48 22.6208 +/- 0.793539 
49 22.6487 +/- 0.801026 
50 22.6411 +/- 0.799761 
51 22.6128 +/- 0.796143 
52 22.5764 +/- 0.795339 
53 22.5449 +/- 0.79716  
54 22.4971 +/- 0.797152 
55 22.4261 +/- 0.793563 
56 22.3687 +/- 0.792362 
57 22.2966 +/- 0.795202 
58 22.2525 +/- 0.796625 
59 22.2107 +/- 0.803249 
60 22.1669 +/- 0.803113 
61 22.1535 +/- 0.798722 
62 22.1572 +/- 0.795556 
63 22.1614 +/- 0.783097 
END dQ2
beta: 4
nconf:  1024
nbatch:   32
BEGIN dQ2
 0 0 +/- 0                
 1 0.219117 +/- 0.00330885
 2 0.365919 +/- 0.00548384
 3 0.499327 +/- 0.00762485
 4 0.631526 +/- 0.0103296 
 5 0.761654 +/- 0.0128388 
 6 0.89173 +/- 0.0159003  
 7 1.02262 +/- 0.019413   
 8 1.15188 +/- 0.0224513  
 9 1.27475 +/- 0.0266068  
10 1.39574 +/- 0.0307542  
11 1.51746 +/- 0.0342767  
12 1.63399 +/- 0.0376337  
13 1.75482 +/- 0.042014   
14 1.87571 +/- 0.0468154  
15 1.99297 +/- 0.0518729  
16 2.11403 +/- 0.0572329  
17 2.2307 +/- 0.0625629   
18 2.34558 +/- 0.0686721  
19 2.45849 +/- 0.0750311  
20 2.56932 +/- 0.081169   
21 2.6804 +/- 0.0875194   
22 2.7887 +/- 0.0943281   
23 2.89654 +/- 0.0998578  
24 3.00216 +/- 0.106105   
25 3.1052 +/- 0.111863    
26 3.20795 +/- 0.117905   
27 3.31065 +/- 0.122844   
28 3.41149 +/- 0.128148   
29 3.51184 +/- 0.133459   
30 3.61308 +/- 0.138771   
31 3.70912 +/- 0.143197   
32 3.805 +/- 0.147967     
33 3.90215 +/- 0.153439   
34 3.99751 +/- 0.159309   
35 4.09113 +/- 0.165162   
36 4.18288 +/- 0.171226   
37 4.27704 +/- 0.177216   
38 4.37006 +/- 0.183689   
39 4.46031 +/- 0.189695   
40 4.55069 +/- 0.196403   
41 4.64096 +/- 0.202709   
42 4.72928 +/- 0.208947   
43 4.81648 +/- 0.215117   
44 4.90615 +/- 0.221016   
45 4.99378 +/- 0.226744   
46 5.08221 +/- 0.233506   
47 5.17074 +/- 0.24047    
48 5.25752 +/- 0.247509   
49 5.34538 +/- 0.255088   
50 5.43128 +/- 0.262588   
51 5.51895 +/- 0.270439   
52 5.61069 +/- 0.27733    
53 5.69902 +/- 0.284515   
54 5.7827 +/- 0.291617    
55 5.86662 +/- 0.298454   
56 5.9518 +/- 0.306024    
57 6.03626 +/- 0.312862   
58 6.12083 +/- 0.319773   
59 6.20236 +/- 0.326898   
60 6.28417 +/- 0.333406   
61 6.36864 +/- 0.340436   
62 6.45264 +/- 0.346959   
63 6.52881 +/- 0.353193   
END dQ2
beta: 5
nconf:  1024
nbatch:   32
BEGIN dQ2
 0 0 +/- 0                
 1 0.055749 +/- 0.00142597
 2 0.10115 +/- 0.00251725 
 3 0.143579 +/- 0.00363286
 4 0.184528 +/- 0.00492891
 5 0.22611 +/- 0.00617823 
 6 0.268603 +/- 0.00752906
 7 0.310103 +/- 0.00894843
 8 0.351378 +/- 0.0105415 
 9 0.391903 +/- 0.0120239 
10 0.432045 +/- 0.0137329 
11 0.473346 +/- 0.0156289 
12 0.514606 +/- 0.0175079 
13 0.555545 +/- 0.0193524 
14 0.595947 +/- 0.0212124 
15 0.636428 +/- 0.0230752 
16 0.676928 +/- 0.0249189 
17 0.717074 +/- 0.0268567 
18 0.757424 +/- 0.0289737 
19 0.797854 +/- 0.031243  
20 0.837307 +/- 0.0335337 
21 0.877898 +/- 0.0359201 
22 0.919162 +/- 0.0384337 
23 0.959259 +/- 0.0409268 
24 0.998594 +/- 0.0435575 
25 1.03935 +/- 0.0460858  
26 1.07891 +/- 0.0486344  
27 1.1187 +/- 0.051033    
28 1.15873 +/- 0.0533497  
29 1.19918 +/- 0.0555689  
30 1.23931 +/- 0.0579638  
31 1.27892 +/- 0.06004    
32 1.3188 +/- 0.0622251   
33 1.35832 +/- 0.0643791  
34 1.39722 +/- 0.0667738  
35 1.43548 +/- 0.0691426  
36 1.47485 +/- 0.0713453  
37 1.51425 +/- 0.0738888  
38 1.55176 +/- 0.0762687  
39 1.58915 +/- 0.0785617  
40 1.62643 +/- 0.0810374  
41 1.66429 +/- 0.0835165  
42 1.70128 +/- 0.0859236  
43 1.73844 +/- 0.0884313  
44 1.77628 +/- 0.0909599  
45 1.81381 +/- 0.0936737  
46 1.85036 +/- 0.0963848  
47 1.88683 +/- 0.0990446  
48 1.92386 +/- 0.1018     
49 1.96 +/- 0.104444      
50 1.9967 +/- 0.107144    
51 2.03305 +/- 0.109633   
52 2.06813 +/- 0.112112   
53 2.10386 +/- 0.114741   
54 2.14024 +/- 0.117326   
55 2.17699 +/- 0.119869   
56 2.21394 +/- 0.122291   
57 2.25042 +/- 0.124876   
58 2.28688 +/- 0.127687   
59 2.32309 +/- 0.130458   
60 2.35915 +/- 0.133069   
61 2.3958 +/- 0.135783    
62 2.43311 +/- 0.138486   
63 2.46904 +/- 0.141156   
END dQ2
beta: 6
nconf:  1024
nbatch:   32
BEGIN dQ2
 0 0 +/- 0                   
 1 0.00675098 +/- 0.000477513
 2 0.0127813 +/- 0.000908863 
 3 0.0186398 +/- 0.00135011  
 4 0.0246017 +/- 0.00182002  
 5 0.0303913 +/- 0.00225223  
 6 0.0362537 +/- 0.0026979   
 7 0.042189 +/- 0.00314939   
 8 0.0481361 +/- 0.00360592  
 9 0.0538485 +/- 0.00403428  
10 0.0595722 +/- 0.00443607  
11 0.065153 +/- 0.00483733   
12 0.0707448 +/- 0.00524527  
13 0.0763477 +/- 0.00564714  
14 0.0819307 +/- 0.00607612  
15 0.0876487 +/- 0.00650701  
16 0.093378 +/- 0.00693855   
17 0.0989325 +/- 0.00734352  
18 0.10456 +/- 0.00776424    
19 0.110199 +/- 0.00819045   
20 0.115818 +/- 0.00861185   
21 0.121479 +/- 0.00904716   
22 0.127152 +/- 0.00948632   
23 0.132836 +/- 0.00994868   
24 0.138469 +/- 0.0104107    
25 0.144113 +/- 0.0108773    
26 0.149706 +/- 0.0113339    
27 0.155372 +/- 0.0118087    
28 0.16105 +/- 0.012287      
29 0.16674 +/- 0.0127684     
30 0.172441 +/- 0.0132528    
31 0.178153 +/- 0.01374      
32 0.183814 +/- 0.0142179    
33 0.189518 +/- 0.0147045    
34 0.195297 +/- 0.0151933    
35 0.200866 +/- 0.0156638    
36 0.206351 +/- 0.0161225    
37 0.211784 +/- 0.016575     
38 0.217229 +/- 0.0169976    
39 0.222684 +/- 0.0173949    
40 0.228087 +/- 0.0177882    
41 0.233437 +/- 0.0181931    
42 0.23883 +/- 0.0185889     
43 0.244234 +/- 0.0189899    
44 0.249617 +/- 0.0193926    
45 0.254948 +/- 0.0197936    
46 0.260289 +/- 0.0202074    
47 0.265673 +/- 0.0206241    
48 0.271004 +/- 0.0210588    
49 0.276346 +/- 0.0214984    
50 0.281667 +/- 0.0219615    
51 0.287031 +/- 0.0224314    
52 0.292374 +/- 0.0228885    
53 0.29776 +/- 0.0233619     
54 0.303157 +/- 0.0238342    
55 0.308469 +/- 0.0243153    
56 0.313791 +/- 0.0248009    
57 0.31919 +/- 0.025284      
58 0.324599 +/- 0.0257491    
59 0.329955 +/- 0.0262303    
60 0.335322 +/- 0.0267155    
61 0.340635 +/- 0.0272158    
62 0.345959 +/- 0.0277203    
63 0.351359 +/- 0.0282534    
END dQ2
