
# File: ../t_hmc_5.log
beta: 3
nconf:  1024
nbatch:  128
BEGIN dQ2
 0 0 +/- 0             
 1 31.5722 +/- 0.172135
 2 55.5843 +/- 0.332206
 3 76.6971 +/- 0.493447
 4 96.0265 +/- 0.659203
 5 113.581 +/- 0.853322
 6 129.93 +/- 1.05395  
 7 145.402 +/- 1.26709 
 8 160.175 +/- 1.50042 
 9 173.599 +/- 1.74087 
10 185.93 +/- 1.9735   
11 197.689 +/- 2.18862 
12 208.545 +/- 2.38964 
13 218.963 +/- 2.58027 
14 228.442 +/- 2.80436 
15 237.382 +/- 3.01754 
16 245.821 +/- 3.22369 
17 253.785 +/- 3.39521 
18 260.984 +/- 3.54291 
19 267.319 +/- 3.69981 
20 273.483 +/- 3.84667 
21 279.476 +/- 3.9873  
22 284.823 +/- 4.11118 
23 289.663 +/- 4.25978 
24 294.234 +/- 4.39601 
25 298.556 +/- 4.53544 
26 302.626 +/- 4.67556 
27 306.37 +/- 4.78691  
28 309.98 +/- 4.88945  
29 313.5 +/- 4.98667   
30 316.552 +/- 5.04388 
31 319.434 +/- 5.09874 
32 322.139 +/- 5.15067 
33 324.404 +/- 5.22287 
34 326.688 +/- 5.26398 
35 328.947 +/- 5.29422 
36 330.655 +/- 5.28846 
37 331.917 +/- 5.31042 
38 333.307 +/- 5.35789 
39 334.63 +/- 5.42004  
40 336.219 +/- 5.48243 
41 337.752 +/- 5.5422  
42 338.953 +/- 5.59294 
43 339.865 +/- 5.63087 
44 340.705 +/- 5.66906 
45 341.442 +/- 5.69208 
46 342.121 +/- 5.74164 
47 342.603 +/- 5.74574 
48 343.02 +/- 5.75848  
49 343.22 +/- 5.78026  
50 343.196 +/- 5.80434 
51 343.305 +/- 5.84635 
52 343.277 +/- 5.88659 
53 343.058 +/- 5.9375  
54 342.988 +/- 5.98679 
55 343.231 +/- 6.02405 
56 343.769 +/- 6.07362 
57 344.115 +/- 6.11871 
58 344.425 +/- 6.1601  
59 344.526 +/- 6.21803 
60 344.693 +/- 6.25174 
61 344.616 +/- 6.30475 
62 344.54 +/- 6.35597  
63 344.466 +/- 6.40881 
END dQ2
beta: 4
nconf:  1024
nbatch:  128
BEGIN dQ2
 0 0 +/- 0              
 1 4.30285 +/- 0.0198335
 2 7.66021 +/- 0.0420415
 3 10.8307 +/- 0.0662427
 4 13.9233 +/- 0.0922665
 5 16.9555 +/- 0.120046 
 6 19.9534 +/- 0.151837 
 7 22.8604 +/- 0.185889 
 8 25.738 +/- 0.222056  
 9 28.5737 +/- 0.261656 
10 31.3393 +/- 0.303928 
11 34.085 +/- 0.345363  
12 36.8008 +/- 0.392152 
13 39.4411 +/- 0.436905 
14 42.0943 +/- 0.478442 
15 44.6893 +/- 0.52246  
16 47.3043 +/- 0.570831 
17 49.8736 +/- 0.621344 
18 52.3946 +/- 0.672015 
19 54.8812 +/- 0.725222 
20 57.3211 +/- 0.778862 
21 59.7262 +/- 0.831288 
22 62.0878 +/- 0.888548 
23 64.4257 +/- 0.941334 
24 66.7221 +/- 0.993778 
25 68.9644 +/- 1.04496  
26 71.2132 +/- 1.09941  
27 73.3723 +/- 1.15207  
28 75.4999 +/- 1.20562  
29 77.6226 +/- 1.25692  
30 79.7015 +/- 1.31172  
31 81.7591 +/- 1.36584  
32 83.8163 +/- 1.41706  
33 85.8186 +/- 1.47045  
34 87.7833 +/- 1.52255  
35 89.7086 +/- 1.57665  
36 91.633 +/- 1.62861   
37 93.5033 +/- 1.68192  
38 95.3758 +/- 1.73558  
39 97.2442 +/- 1.78587  
40 99.0933 +/- 1.83741  
41 100.915 +/- 1.88796  
42 102.718 +/- 1.93878  
43 104.507 +/- 1.98978  
44 106.276 +/- 2.04533  
45 108.026 +/- 2.10351  
46 109.749 +/- 2.15988  
47 111.391 +/- 2.21581  
48 113.01 +/- 2.27378   
49 114.614 +/- 2.33184  
50 116.2 +/- 2.39445    
51 117.842 +/- 2.45452  
52 119.427 +/- 2.51848  
53 121.007 +/- 2.58054  
54 122.571 +/- 2.64206  
55 124.127 +/- 2.70392  
56 125.656 +/- 2.76667  
57 127.197 +/- 2.82744  
58 128.698 +/- 2.88904  
59 130.206 +/- 2.95309  
60 131.682 +/- 3.01295  
61 133.115 +/- 3.07323  
62 134.503 +/- 3.13305  
63 135.862 +/- 3.19285  
END dQ2
beta: 5
nconf:  1024
nbatch:  128
BEGIN dQ2
 0 0 +/- 0                
 1 0.577904 +/- 0.00338525
 2 1.01266 +/- 0.00589885 
 3 1.42896 +/- 0.00928064 
 4 1.83447 +/- 0.0128761  
 5 2.24338 +/- 0.016603   
 6 2.65335 +/- 0.0210766  
 7 3.05724 +/- 0.0258252  
 8 3.46576 +/- 0.0304326  
 9 3.87168 +/- 0.0351344  
10 4.27226 +/- 0.0400585  
11 4.67996 +/- 0.0448617  
12 5.0869 +/- 0.0502729   
13 5.49065 +/- 0.0563061  
14 5.89965 +/- 0.0624112  
15 6.30958 +/- 0.0689207  
16 6.71887 +/- 0.0753396  
17 7.12685 +/- 0.0820424  
18 7.53619 +/- 0.0890177  
19 7.94507 +/- 0.095973   
20 8.35233 +/- 0.103088   
21 8.76055 +/- 0.110286   
22 9.16762 +/- 0.117548   
23 9.57116 +/- 0.124539   
24 9.97148 +/- 0.131698   
25 10.372 +/- 0.139189    
26 10.7706 +/- 0.147095   
27 11.1695 +/- 0.155261   
28 11.5636 +/- 0.163447   
29 11.9574 +/- 0.171719   
30 12.3507 +/- 0.180265   
31 12.7418 +/- 0.189165   
32 13.1313 +/- 0.197787   
33 13.5196 +/- 0.206641   
34 13.9118 +/- 0.215703   
35 14.3056 +/- 0.224741   
36 14.703 +/- 0.234271    
37 15.0977 +/- 0.24387    
38 15.4916 +/- 0.254276   
39 15.8867 +/- 0.264478   
40 16.2827 +/- 0.274725   
41 16.6784 +/- 0.285548   
42 17.0686 +/- 0.296569   
43 17.4573 +/- 0.307748   
44 17.8436 +/- 0.319412   
45 18.2269 +/- 0.33132    
46 18.6052 +/- 0.343      
47 18.984 +/- 0.354451    
48 19.3641 +/- 0.366639   
49 19.7373 +/- 0.379361   
50 20.1074 +/- 0.392296   
51 20.4785 +/- 0.405382   
52 20.8423 +/- 0.418481   
53 21.2131 +/- 0.43189    
54 21.5824 +/- 0.445706   
55 21.9534 +/- 0.459786   
56 22.3247 +/- 0.473825   
57 22.6936 +/- 0.48825    
58 23.0672 +/- 0.502825   
59 23.4401 +/- 0.517457   
60 23.8085 +/- 0.5326     
61 24.1801 +/- 0.547709   
62 24.5489 +/- 0.563239   
63 24.9151 +/- 0.57878    
END dQ2
beta: 6
nconf:  1024
nbatch:  128
BEGIN dQ2
 0 0 +/- 0                  
 1 0.0773002 +/- 0.000853236
 2 0.134777 +/- 0.00142513  
 3 0.189887 +/- 0.00202738  
 4 0.245159 +/- 0.00270474  
 5 0.300624 +/- 0.0034306   
 6 0.355215 +/- 0.00419052  
 7 0.410014 +/- 0.0050729   
 8 0.464998 +/- 0.00597157  
 9 0.519612 +/- 0.0069395   
10 0.574018 +/- 0.00793068  
11 0.62783 +/- 0.00897774   
12 0.68161 +/- 0.0100289    
13 0.734676 +/- 0.0111162   
14 0.787833 +/- 0.0121935   
15 0.841172 +/- 0.0133362   
16 0.894376 +/- 0.0144919   
17 0.947733 +/- 0.0156963   
18 1.00077 +/- 0.0168656    
19 1.05337 +/- 0.0180482    
20 1.10671 +/- 0.0192929    
21 1.15969 +/- 0.0205295    
22 1.21235 +/- 0.0218085    
23 1.26466 +/- 0.0230736    
24 1.31678 +/- 0.0243164    
25 1.36903 +/- 0.0255846    
26 1.42104 +/- 0.0268729    
27 1.47345 +/- 0.0282527    
28 1.52521 +/- 0.0296477    
29 1.57644 +/- 0.0310378    
30 1.62744 +/- 0.0324373    
31 1.67804 +/- 0.0338742    
32 1.72915 +/- 0.0353135    
33 1.78071 +/- 0.0367965    
34 1.83172 +/- 0.0382383    
35 1.8827 +/- 0.0396487     
36 1.93364 +/- 0.0410756    
37 1.98441 +/- 0.0425423    
38 2.03478 +/- 0.0439916    
39 2.08537 +/- 0.0454071    
40 2.13592 +/- 0.0468646    
41 2.18574 +/- 0.0483775    
42 2.23536 +/- 0.0499739    
43 2.28504 +/- 0.0515587    
44 2.33378 +/- 0.0531977    
45 2.38244 +/- 0.0548132    
46 2.43103 +/- 0.0564718    
47 2.47953 +/- 0.0581493    
48 2.52835 +/- 0.0598735    
49 2.57638 +/- 0.0616153    
50 2.6251 +/- 0.0633336     
51 2.67395 +/- 0.06511      
52 2.72215 +/- 0.0669816    
53 2.771 +/- 0.0688843      
54 2.81973 +/- 0.0708771    
55 2.86809 +/- 0.0728934    
56 2.91656 +/- 0.0749062    
57 2.96466 +/- 0.0769262    
58 3.0127 +/- 0.0789266     
59 3.06095 +/- 0.0810041    
60 3.10946 +/- 0.0830664    
61 3.15784 +/- 0.0851507    
62 3.20639 +/- 0.0873592    
63 3.25508 +/- 0.0895455    
END dQ2
beta: 7
nconf:  1024
nbatch:  128
BEGIN dQ2
 0 0 +/- 0                  
 1 0.010661 +/- 0.000334443 
 2 0.0187362 +/- 0.000564584
 3 0.0264141 +/- 0.000773465
 4 0.0340533 +/- 0.000991873
 5 0.0416922 +/- 0.0012169  
 6 0.0493768 +/- 0.00144835 
 7 0.0570074 +/- 0.00167899 
 8 0.0646761 +/- 0.00190775 
 9 0.072306 +/- 0.00213869  
10 0.079951 +/- 0.00237642  
11 0.0876111 +/- 0.00261095 
12 0.0952708 +/- 0.00284962 
13 0.102953 +/- 0.00309287  
14 0.110682 +/- 0.00332997  
15 0.118426 +/- 0.00358558  
16 0.126163 +/- 0.00384988  
17 0.133883 +/- 0.0041184   
18 0.141635 +/- 0.00439346  
19 0.149386 +/- 0.00467024  
20 0.157192 +/- 0.00495691  
21 0.164888 +/- 0.00523595  
22 0.172631 +/- 0.00550896  
23 0.180288 +/- 0.0057828   
24 0.188031 +/- 0.00605846  
25 0.195782 +/- 0.00634241  
26 0.20343 +/- 0.00661293   
27 0.211102 +/- 0.0068906   
28 0.218719 +/- 0.00717563  
29 0.226311 +/- 0.00746278  
30 0.233872 +/- 0.00775286  
31 0.241432 +/- 0.00805126  
32 0.248913 +/- 0.0083327   
33 0.256433 +/- 0.00861897  
34 0.264023 +/- 0.0089157   
35 0.271621 +/- 0.00921896  
36 0.279147 +/- 0.00952081  
37 0.286727 +/- 0.00982052  
38 0.2943 +/- 0.0101193     
39 0.301864 +/- 0.0104287   
40 0.30938 +/- 0.0107277    
41 0.316943 +/- 0.0110384   
42 0.324489 +/- 0.0113481   
43 0.331979 +/- 0.0116614   
44 0.339437 +/- 0.0119692   
45 0.34687 +/- 0.0122745    
46 0.354247 +/- 0.0125761   
47 0.36155 +/- 0.0128637    
48 0.368933 +/- 0.0131506   
49 0.376314 +/- 0.0134411   
50 0.383671 +/- 0.0137396   
51 0.390866 +/- 0.0140305   
52 0.397907 +/- 0.014317    
53 0.404963 +/- 0.014614    
54 0.411952 +/- 0.014901    
55 0.418973 +/- 0.0151912   
56 0.42604 +/- 0.0154773    
57 0.433153 +/- 0.0157669   
58 0.440209 +/- 0.0160562   
59 0.447393 +/- 0.0163478   
60 0.454657 +/- 0.0166453   
61 0.461976 +/- 0.016952    
62 0.469229 +/- 0.0172565   
63 0.476473 +/- 0.017574    
END dQ2
