
# File: ../t_hmc_4.log
beta: 3
nconf:  1024
nbatch:  512
BEGIN dQ2
 0 0 +/- 0              
 1 11.3684 +/- 0.0401411
 2 20.3742 +/- 0.0742644
 3 28.027 +/- 0.10727   
 4 34.6423 +/- 0.139217 
 5 40.5123 +/- 0.171656 
 6 45.779 +/- 0.204759  
 7 50.4764 +/- 0.237368 
 8 54.6306 +/- 0.267953 
 9 58.3273 +/- 0.295051 
10 61.5746 +/- 0.320996 
11 64.5172 +/- 0.345077 
12 67.1281 +/- 0.36914  
13 69.4419 +/- 0.391396 
14 71.522 +/- 0.413594  
15 73.3458 +/- 0.434456 
16 75.0078 +/- 0.452118 
17 76.4671 +/- 0.470183 
18 77.8367 +/- 0.48626  
19 79.0477 +/- 0.500974 
20 80.1812 +/- 0.515057 
21 81.2247 +/- 0.527334 
22 82.2096 +/- 0.538543 
23 83.1368 +/- 0.548788 
24 83.8962 +/- 0.559545 
25 84.5817 +/- 0.57025  
26 85.1962 +/- 0.578465 
27 85.7418 +/- 0.585715 
28 86.21 +/- 0.591948   
29 86.597 +/- 0.60123   
30 86.9378 +/- 0.610959 
31 87.2624 +/- 0.615945 
32 87.5483 +/- 0.620973 
33 87.844 +/- 0.626928  
34 88.108 +/- 0.630618  
35 88.383 +/- 0.631696  
36 88.6376 +/- 0.63467  
37 88.8663 +/- 0.637065 
38 89.1166 +/- 0.641199 
39 89.314 +/- 0.643356  
40 89.4631 +/- 0.646933 
41 89.5515 +/- 0.648441 
42 89.643 +/- 0.650602  
43 89.682 +/- 0.652663  
44 89.7369 +/- 0.653978 
45 89.8186 +/- 0.656188 
46 89.8699 +/- 0.657493 
47 89.9196 +/- 0.659808 
48 89.9694 +/- 0.663424 
49 90.0039 +/- 0.668664 
50 90.0691 +/- 0.672665 
51 90.066 +/- 0.674477  
52 90.0548 +/- 0.674781 
53 90.0502 +/- 0.677904 
54 90.0369 +/- 0.68128  
55 89.9873 +/- 0.684776 
56 89.9658 +/- 0.686898 
57 89.9585 +/- 0.688802 
58 89.9375 +/- 0.690717 
59 89.9084 +/- 0.69169  
60 89.8719 +/- 0.69217  
61 89.8388 +/- 0.691591 
62 89.816 +/- 0.691729  
63 89.7527 +/- 0.690044 
END dQ2
beta: 4
nconf:  1024
nbatch:  512
BEGIN dQ2
 0 0 +/- 0               
 1 1.26865 +/- 0.00339412
 2 2.26744 +/- 0.00631061
 3 3.21684 +/- 0.0100527 
 4 4.14029 +/- 0.0142202 
 5 5.0445 +/- 0.0189557  
 6 5.93862 +/- 0.0243269 
 7 6.81624 +/- 0.0301264 
 8 7.68137 +/- 0.0362217 
 9 8.53465 +/- 0.0426696 
10 9.36794 +/- 0.0495091 
11 10.1918 +/- 0.0560489 
12 11.0018 +/- 0.0630134 
13 11.7988 +/- 0.0702103 
14 12.5856 +/- 0.0774396 
15 13.3615 +/- 0.0845765 
16 14.1213 +/- 0.0921381 
17 14.8695 +/- 0.0994487 
18 15.6076 +/- 0.107195  
19 16.334 +/- 0.114986   
20 17.0462 +/- 0.12293   
21 17.7498 +/- 0.130912  
22 18.4426 +/- 0.138834  
23 19.1222 +/- 0.146902  
24 19.7889 +/- 0.155176  
25 20.4446 +/- 0.163459  
26 21.0941 +/- 0.171754  
27 21.731 +/- 0.180313   
28 22.3612 +/- 0.188725  
29 22.9879 +/- 0.197373  
30 23.6123 +/- 0.206142  
31 24.2207 +/- 0.215011  
32 24.8218 +/- 0.223958  
33 25.4091 +/- 0.232904  
34 25.9878 +/- 0.241801  
35 26.5639 +/- 0.251064  
36 27.1289 +/- 0.259979  
37 27.688 +/- 0.268993   
38 28.2374 +/- 0.278114  
39 28.7849 +/- 0.287084  
40 29.3225 +/- 0.29624   
41 29.8522 +/- 0.305603  
42 30.3741 +/- 0.314733  
43 30.8943 +/- 0.323747  
44 31.406 +/- 0.332778   
45 31.9055 +/- 0.3418    
46 32.4013 +/- 0.350548  
47 32.8931 +/- 0.359319  
48 33.3764 +/- 0.368032  
49 33.8531 +/- 0.376507  
50 34.3259 +/- 0.384968  
51 34.7925 +/- 0.393382  
52 35.2506 +/- 0.401776  
53 35.7038 +/- 0.409831  
54 36.1485 +/- 0.418222  
55 36.5874 +/- 0.426428  
56 37.0225 +/- 0.434533  
57 37.4558 +/- 0.442751  
58 37.8804 +/- 0.451339  
59 38.3019 +/- 0.459631  
60 38.7194 +/- 0.467553  
61 39.1267 +/- 0.475269  
62 39.5277 +/- 0.482931  
63 39.9213 +/- 0.490133  
END dQ2
beta: 5
nconf:  1024
nbatch:  512
BEGIN dQ2
 0 0 +/- 0                
 1 0.164498 +/- 0.00071657
 2 0.291203 +/- 0.0012971 
 3 0.413466 +/- 0.00192494
 4 0.534635 +/- 0.00262167
 5 0.65589 +/- 0.00343706 
 6 0.775832 +/- 0.00427509
 7 0.895924 +/- 0.00515082
 8 1.01523 +/- 0.00606343 
 9 1.13415 +/- 0.0070278  
10 1.25353 +/- 0.00803912 
11 1.37289 +/- 0.00910434 
12 1.49137 +/- 0.0101907  
13 1.60932 +/- 0.0113128  
14 1.72733 +/- 0.0124969  
15 1.84482 +/- 0.0137411  
16 1.96237 +/- 0.0150068  
17 2.07927 +/- 0.0162778  
18 2.19549 +/- 0.0176011  
19 2.31212 +/- 0.0189807  
20 2.42791 +/- 0.0203871  
21 2.54308 +/- 0.0218274  
22 2.65805 +/- 0.0232941  
23 2.7728 +/- 0.024761    
24 2.88695 +/- 0.0262676  
25 3.00125 +/- 0.0278434  
26 3.11547 +/- 0.0294723  
27 3.2291 +/- 0.0310775   
28 3.34336 +/- 0.0327196  
29 3.4574 +/- 0.0343531   
30 3.57128 +/- 0.0360228  
31 3.68452 +/- 0.0377283  
32 3.79733 +/- 0.0394575  
33 3.91066 +/- 0.0412427  
34 4.02385 +/- 0.043043   
35 4.136 +/- 0.044896     
36 4.2482 +/- 0.0467992   
37 4.35974 +/- 0.0486908  
38 4.47115 +/- 0.0505967  
39 4.58218 +/- 0.0524987  
40 4.69302 +/- 0.0544061  
41 4.80294 +/- 0.0563179  
42 4.91329 +/- 0.0582641  
43 5.02379 +/- 0.0602073  
44 5.13356 +/- 0.0621943  
45 5.24349 +/- 0.0641891  
46 5.35387 +/- 0.0661547  
47 5.46405 +/- 0.0681394  
48 5.57365 +/- 0.0701591  
49 5.68314 +/- 0.0722147  
50 5.79208 +/- 0.0742301  
51 5.90046 +/- 0.0762581  
52 6.00868 +/- 0.0783205  
53 6.11697 +/- 0.0803831  
54 6.22438 +/- 0.0824172  
55 6.33194 +/- 0.084497   
56 6.43966 +/- 0.0865945  
57 6.54679 +/- 0.0887007  
58 6.65369 +/- 0.0908104  
59 6.76006 +/- 0.0929168  
60 6.86647 +/- 0.0950442  
61 6.97288 +/- 0.0971852  
62 7.07871 +/- 0.0993056  
63 7.18453 +/- 0.101428   
END dQ2
beta: 6
nconf:  1024
nbatch:  512
BEGIN dQ2
 0 0 +/- 0                  
 1 0.0219884 +/- 0.000246374
 2 0.0388446 +/- 0.000418528
 3 0.0551332 +/- 0.000596619
 4 0.0713446 +/- 0.000778851
 5 0.0874459 +/- 0.00097041 
 6 0.103619 +/- 0.00116644  
 7 0.119757 +/- 0.0013662   
 8 0.135909 +/- 0.0015723   
 9 0.15203 +/- 0.00178573   
10 0.168046 +/- 0.00199301  
11 0.18408 +/- 0.00220293   
12 0.200076 +/- 0.0024127   
13 0.216059 +/- 0.00262487  
14 0.232174 +/- 0.00284172  
15 0.248184 +/- 0.00306266  
16 0.264156 +/- 0.00328262  
17 0.280117 +/- 0.00350509  
18 0.296077 +/- 0.00373229  
19 0.311956 +/- 0.00396124  
20 0.32781 +/- 0.00419134   
21 0.34368 +/- 0.00442328   
22 0.359543 +/- 0.00465754  
23 0.37538 +/- 0.00489626   
24 0.39127 +/- 0.0051354    
25 0.407132 +/- 0.00537876  
26 0.422969 +/- 0.00562524  
27 0.438744 +/- 0.00587575  
28 0.454582 +/- 0.00613014  
29 0.470385 +/- 0.00639047  
30 0.486145 +/- 0.00664865  
31 0.50193 +/- 0.00691252   
32 0.517852 +/- 0.0071851   
33 0.533716 +/- 0.00746098  
34 0.549487 +/- 0.0077392   
35 0.565275 +/- 0.00801502  
36 0.581112 +/- 0.0082954   
37 0.596944 +/- 0.00857614  
38 0.612737 +/- 0.00885081  
39 0.628533 +/- 0.00913021  
40 0.644321 +/- 0.0094135   
41 0.66017 +/- 0.00970289   
42 0.676018 +/- 0.00999088  
43 0.69192 +/- 0.0102788    
44 0.70786 +/- 0.0105734    
45 0.723815 +/- 0.0108704   
46 0.739813 +/- 0.0111656   
47 0.755663 +/- 0.011465    
48 0.771522 +/- 0.0117646   
49 0.787298 +/- 0.0120703   
50 0.803228 +/- 0.0123774   
51 0.819006 +/- 0.0126831   
52 0.834786 +/- 0.0129928   
53 0.850621 +/- 0.0133087   
54 0.866394 +/- 0.0136273   
55 0.882099 +/- 0.013949    
56 0.897784 +/- 0.0142709   
57 0.913446 +/- 0.014593    
58 0.929034 +/- 0.0149207   
59 0.94475 +/- 0.0152519    
60 0.960411 +/- 0.0155862   
61 0.976084 +/- 0.0159185   
62 0.991662 +/- 0.016254    
63 1.00727 +/- 0.0165937    
END dQ2
beta: 7
nconf:  1024
nbatch:  512
BEGIN dQ2
 0 0 +/- 0                   
 1 0.002818 +/- 8.48435e-5   
 2 0.00503188 +/- 0.000144407
 3 0.0071774 +/- 0.000206152 
 4 0.00932138 +/- 0.000269894
 5 0.0114562 +/- 0.00033453  
 6 0.0135875 +/- 0.00039975  
 7 0.0157306 +/- 0.000466214 
 8 0.0178799 +/- 0.00053328  
 9 0.0200316 +/- 0.000600467 
10 0.0221778 +/- 0.000667999 
11 0.0243244 +/- 0.000735291 
12 0.0264695 +/- 0.000801995 
13 0.0286246 +/- 0.000869513 
14 0.0307898 +/- 0.000938137 
15 0.0329495 +/- 0.00100686  
16 0.0351136 +/- 0.00107618  
17 0.0372723 +/- 0.00114478  
18 0.0394275 +/- 0.00121394  
19 0.041587 +/- 0.0012829    
20 0.0437449 +/- 0.00135225  
21 0.0459014 +/- 0.0014214   
22 0.0480601 +/- 0.00149101  
23 0.0502018 +/- 0.00155961  
24 0.0523398 +/- 0.00162828  
25 0.0544764 +/- 0.00169682  
26 0.0566211 +/- 0.0017664   
27 0.0587799 +/- 0.00183639  
28 0.0609214 +/- 0.0019058   
29 0.0630732 +/- 0.00197594  
30 0.0651998 +/- 0.00204553  
31 0.0673307 +/- 0.00211494  
32 0.0694698 +/- 0.00218492  
33 0.0716192 +/- 0.00225593  
34 0.073761 +/- 0.00232698   
35 0.0758934 +/- 0.00239809  
36 0.0780341 +/- 0.00246992  
37 0.080183 +/- 0.00254273   
38 0.0823323 +/- 0.00261529  
39 0.0844781 +/- 0.00268811  
40 0.0866342 +/- 0.00276092  
41 0.0887947 +/- 0.00283445  
42 0.0909575 +/- 0.00290891  
43 0.0931149 +/- 0.00298384  
44 0.0952726 +/- 0.00305855  
45 0.0974368 +/- 0.00313418  
46 0.0995974 +/- 0.00320969  
47 0.101748 +/- 0.00328515   
48 0.103906 +/- 0.00336051   
49 0.106048 +/- 0.00343463   
50 0.108186 +/- 0.00350885   
51 0.110335 +/- 0.00358325   
52 0.11248 +/- 0.00365785    
53 0.114623 +/- 0.00373257   
54 0.116771 +/- 0.00380768   
55 0.118937 +/- 0.00388394   
56 0.121088 +/- 0.00396025   
57 0.123251 +/- 0.00403629   
58 0.125421 +/- 0.0041129    
59 0.127583 +/- 0.00418969   
60 0.129731 +/- 0.00426596   
61 0.131861 +/- 0.00434227   
62 0.134006 +/- 0.00441889   
63 0.13616 +/- 0.00449627    
END dQ2
