
# File: ../t_hmc_3.log
beta: 3
nconf:  1024
nbatch: 2048
BEGIN dQ2
 0 0 +/- 0               
 1 4.12239 +/- 0.00570642
 2 7.18023 +/- 0.0106971 
 3 9.6578 +/- 0.0154861  
 4 11.7176 +/- 0.020135  
 5 13.4309 +/- 0.0247026 
 6 14.8771 +/- 0.0290459 
 7 16.0881 +/- 0.0330156 
 8 17.1072 +/- 0.0365557 
 9 17.9647 +/- 0.0398501 
10 18.6955 +/- 0.0427844 
11 19.3175 +/- 0.0454664 
12 19.8335 +/- 0.0477289 
13 20.2679 +/- 0.0495701 
14 20.6427 +/- 0.0513064 
15 20.9523 +/- 0.0527973 
16 21.2061 +/- 0.0540011 
17 21.4177 +/- 0.0550088 
18 21.5968 +/- 0.0561067 
19 21.7535 +/- 0.0572433 
20 21.8852 +/- 0.0584893 
21 22.002 +/- 0.0595998  
22 22.1059 +/- 0.0603918 
23 22.1868 +/- 0.0611856 
24 22.2555 +/- 0.0618133 
25 22.3195 +/- 0.06241   
26 22.3692 +/- 0.0627755 
27 22.41 +/- 0.0630722   
28 22.4524 +/- 0.0633794 
29 22.4894 +/- 0.0636932 
30 22.518 +/- 0.0638491  
31 22.5376 +/- 0.0637936 
32 22.547 +/- 0.0637468  
33 22.5583 +/- 0.0637233 
34 22.5569 +/- 0.0635896 
35 22.5563 +/- 0.063593  
36 22.5513 +/- 0.0635501 
37 22.5491 +/- 0.063484  
38 22.5553 +/- 0.0634365 
39 22.5547 +/- 0.0634288 
40 22.5626 +/- 0.0635826 
41 22.5808 +/- 0.0637837 
42 22.5916 +/- 0.0637918 
43 22.6074 +/- 0.0639333 
44 22.616 +/- 0.0639124  
45 22.6312 +/- 0.0640066 
46 22.6341 +/- 0.0642276 
47 22.6388 +/- 0.0644111 
48 22.6349 +/- 0.0644026 
49 22.6277 +/- 0.064394  
50 22.6184 +/- 0.0642952 
51 22.6153 +/- 0.0642588 
52 22.6137 +/- 0.0642983 
53 22.6157 +/- 0.0643609 
54 22.6241 +/- 0.064432  
55 22.6296 +/- 0.0644636 
56 22.636 +/- 0.0646233  
57 22.6446 +/- 0.0648852 
58 22.6496 +/- 0.0648454 
59 22.6521 +/- 0.0647381 
60 22.6508 +/- 0.0646557 
61 22.6512 +/- 0.0645369 
62 22.6543 +/- 0.0647197 
63 22.6645 +/- 0.0648663 
END dQ2
beta: 4
nconf:  1024
nbatch: 2048
BEGIN dQ2
 0 0 +/- 0                
 1 0.565164 +/- 0.00111454
 2 1.07215 +/- 0.00221466 
 3 1.55061 +/- 0.00339779 
 4 2.00717 +/- 0.00463051 
 5 2.44546 +/- 0.00592426 
 6 2.8673 +/- 0.00725676  
 7 3.27441 +/- 0.00862218 
 8 3.66745 +/- 0.0100022  
 9 4.04537 +/- 0.0113906  
10 4.41031 +/- 0.0128014  
11 4.76385 +/- 0.0142132  
12 5.10464 +/- 0.0156377  
13 5.43391 +/- 0.0170793  
14 5.75301 +/- 0.0184997  
15 6.0615 +/- 0.019932    
16 6.36019 +/- 0.0213273  
17 6.64935 +/- 0.0227398  
18 6.93023 +/- 0.0241663  
19 7.20154 +/- 0.0255794  
20 7.46349 +/- 0.0269688  
21 7.71742 +/- 0.028355   
22 7.96297 +/- 0.0297111  
23 8.19988 +/- 0.0310417  
24 8.42972 +/- 0.0323326  
25 8.65239 +/- 0.0336343  
26 8.86973 +/- 0.0348899  
27 9.08116 +/- 0.0361516  
28 9.28463 +/- 0.0373749  
29 9.48071 +/- 0.0386035  
30 9.67098 +/- 0.0398139  
31 9.85624 +/- 0.0410302  
32 10.0339 +/- 0.0422706  
33 10.2069 +/- 0.0434991  
34 10.3743 +/- 0.0447247  
35 10.5356 +/- 0.0459177  
36 10.6903 +/- 0.0470984  
37 10.8417 +/- 0.0482589  
38 10.9893 +/- 0.0494077  
39 11.1317 +/- 0.0505688  
40 11.2688 +/- 0.0516875  
41 11.4023 +/- 0.0527893  
42 11.5323 +/- 0.0538936  
43 11.6581 +/- 0.0549763  
44 11.7794 +/- 0.0560728  
45 11.8973 +/- 0.057132   
46 12.0117 +/- 0.0581707  
47 12.122 +/- 0.0591845   
48 12.2273 +/- 0.0601749  
49 12.3296 +/- 0.0611335  
50 12.4285 +/- 0.0620698  
51 12.5224 +/- 0.0629899  
52 12.6128 +/- 0.0639104  
53 12.7018 +/- 0.0648054  
54 12.7886 +/- 0.0656491  
55 12.8738 +/- 0.0664818  
56 12.9562 +/- 0.0673042  
57 13.0357 +/- 0.0681196  
58 13.1136 +/- 0.0689217  
59 13.1888 +/- 0.0697445  
60 13.2623 +/- 0.07056    
61 13.3328 +/- 0.0713452  
62 13.4006 +/- 0.0721035  
63 13.4663 +/- 0.0728358  
END dQ2
beta: 5
nconf:  1024
nbatch: 2048
BEGIN dQ2
 0 0 +/- 0                 
 1 0.063384 +/- 0.000210634
 2 0.117191 +/- 0.000391029
 3 0.169746 +/- 0.000585488
 4 0.221728 +/- 0.000789031
 5 0.273619 +/- 0.000999476
 6 0.325305 +/- 0.00121526 
 7 0.376642 +/- 0.00144167 
 8 0.427769 +/- 0.00167612 
 9 0.478754 +/- 0.00192052 
10 0.529469 +/- 0.00217203 
11 0.579894 +/- 0.00242846 
12 0.629974 +/- 0.00268932 
13 0.679728 +/- 0.00295671 
14 0.729196 +/- 0.00322712 
15 0.778597 +/- 0.00350364 
16 0.827688 +/- 0.00378195 
17 0.876422 +/- 0.00406351 
18 0.925037 +/- 0.00434898 
19 0.973455 +/- 0.00463837 
20 1.0217 +/- 0.00492929   
21 1.06963 +/- 0.00522728  
22 1.11715 +/- 0.00552798  
23 1.16449 +/- 0.0058299   
24 1.21153 +/- 0.00613479  
25 1.25831 +/- 0.00644391  
26 1.30484 +/- 0.00675798  
27 1.3512 +/- 0.00707327   
28 1.39722 +/- 0.00739132  
29 1.44304 +/- 0.00771529  
30 1.48858 +/- 0.00804618  
31 1.53407 +/- 0.0083817   
32 1.57918 +/- 0.00871947  
33 1.62406 +/- 0.00905998  
34 1.66879 +/- 0.00940174  
35 1.71331 +/- 0.00974325  
36 1.75763 +/- 0.0100865   
37 1.80181 +/- 0.010428    
38 1.84571 +/- 0.0107714   
39 1.88948 +/- 0.0111201   
40 1.93281 +/- 0.0114694   
41 1.97602 +/- 0.0118245   
42 2.01909 +/- 0.0121852   
43 2.062 +/- 0.0125483     
44 2.10471 +/- 0.0129117   
45 2.14723 +/- 0.0132778   
46 2.18938 +/- 0.0136437   
47 2.23131 +/- 0.0140138   
48 2.27301 +/- 0.0143849   
49 2.31458 +/- 0.0147609   
50 2.35595 +/- 0.0151374   
51 2.3972 +/- 0.015517     
52 2.4383 +/- 0.0158993    
53 2.47905 +/- 0.0162816   
54 2.5195 +/- 0.0166632    
55 2.55982 +/- 0.0170467   
56 2.60001 +/- 0.017431    
57 2.63987 +/- 0.0178145   
58 2.67967 +/- 0.018197    
59 2.71921 +/- 0.0185796   
60 2.75861 +/- 0.018964    
61 2.79794 +/- 0.019349    
62 2.83712 +/- 0.0197345   
63 2.87597 +/- 0.0201198   
END dQ2
beta: 6
nconf:  1024
nbatch: 2048
BEGIN dQ2
 0 0 +/- 0                  
 1 0.00577251 +/- 5.90335e-5
 2 0.0101493 +/- 9.78989e-5 
 3 0.0144361 +/- 0.000139061
 4 0.0187304 +/- 0.000182364
 5 0.0230101 +/- 0.00022607 
 6 0.0272967 +/- 0.000270438
 7 0.0315794 +/- 0.000315021
 8 0.0358521 +/- 0.000359971
 9 0.0401112 +/- 0.000404862
10 0.0443676 +/- 0.000450137
11 0.0486209 +/- 0.000495682
12 0.0528839 +/- 0.000541589
13 0.0571371 +/- 0.000587535
14 0.0613881 +/- 0.00063403 
15 0.0656358 +/- 0.000680822
16 0.069877 +/- 0.000727883 
17 0.0741218 +/- 0.000775307
18 0.0783492 +/- 0.000822924
19 0.082591 +/- 0.000871168 
20 0.0868241 +/- 0.000919405
21 0.0910564 +/- 0.000967825
22 0.095285 +/- 0.00101665  
23 0.0995255 +/- 0.00106592 
24 0.103756 +/- 0.00111539  
25 0.107987 +/- 0.00116491  
26 0.112205 +/- 0.00121468  
27 0.11642 +/- 0.00126473   
28 0.120643 +/- 0.0013155   
29 0.124859 +/- 0.00136668  
30 0.129063 +/- 0.0014183   
31 0.133265 +/- 0.00146988  
32 0.137481 +/- 0.00152182  
33 0.141696 +/- 0.0015745   
34 0.145901 +/- 0.00162708  
35 0.1501 +/- 0.00168004    
36 0.154305 +/- 0.00173346  
37 0.15851 +/- 0.00178709   
38 0.162704 +/- 0.00184089  
39 0.166894 +/- 0.00189492  
40 0.17109 +/- 0.00194945   
41 0.175279 +/- 0.00200399  
42 0.179482 +/- 0.00205918  
43 0.183676 +/- 0.00211489  
44 0.187873 +/- 0.00217075  
45 0.19207 +/- 0.00222683   
46 0.196262 +/- 0.00228315  
47 0.200454 +/- 0.00233989  
48 0.204644 +/- 0.00239677  
49 0.208827 +/- 0.00245387  
50 0.21303 +/- 0.00251171   
51 0.217234 +/- 0.00256967  
52 0.221435 +/- 0.00262798  
53 0.225641 +/- 0.00268647  
54 0.22984 +/- 0.00274505   
55 0.234046 +/- 0.00280367  
56 0.238242 +/- 0.00286242  
57 0.242438 +/- 0.00292161  
58 0.246643 +/- 0.00298095  
59 0.250833 +/- 0.00304026  
60 0.255006 +/- 0.00309929  
61 0.259181 +/- 0.00315894  
62 0.263359 +/- 0.00321837  
63 0.267537 +/- 0.00327831  
END dQ2
beta: 7
nconf:  1024
nbatch: 2048
BEGIN dQ2
 0 0 +/- 0                   
 1 0.000779914 +/- 2.24758e-5
 2 0.00137693 +/- 3.8238e-5  
 3 0.00196126 +/- 5.47147e-5 
 4 0.00254481 +/- 7.16786e-5 
 5 0.00312807 +/- 8.88389e-5 
 6 0.00370864 +/- 0.000106039
 7 0.00429131 +/- 0.000123457
 8 0.0048732 +/- 0.00014093  
 9 0.00545624 +/- 0.000158635
10 0.00603899 +/- 0.00017638 
11 0.00662337 +/- 0.000194164
12 0.00720842 +/- 0.000212005
13 0.00779318 +/- 0.000229908
14 0.00837958 +/- 0.000247932
15 0.00896763 +/- 0.000266027
16 0.00955442 +/- 0.000284105
17 0.0101419 +/- 0.000302241 
18 0.010732 +/- 0.000320487  
19 0.0113213 +/- 0.000338698 
20 0.0119094 +/- 0.000356909 
21 0.0124967 +/- 0.000375152 
22 0.0130827 +/- 0.000393351 
23 0.0136699 +/- 0.000411614 
24 0.0142588 +/- 0.000429971 
25 0.0148479 +/- 0.000448376 
26 0.0154376 +/- 0.000466796 
27 0.0160281 +/- 0.00048527  
28 0.0166173 +/- 0.000503847 
29 0.0172081 +/- 0.000522516 
30 0.0177967 +/- 0.000541161 
31 0.0183875 +/- 0.0005599   
32 0.018977 +/- 0.000578651  
33 0.0195652 +/- 0.000597367 
34 0.0201517 +/- 0.000616076 
35 0.0207374 +/- 0.000634853 
36 0.0213223 +/- 0.000653566 
37 0.0219074 +/- 0.000672296 
38 0.0224916 +/- 0.000690954 
39 0.0230736 +/- 0.000709407 
40 0.0236548 +/- 0.00072793  
41 0.0242357 +/- 0.000746459 
42 0.0248163 +/- 0.00076495  
43 0.0253971 +/- 0.000783505 
44 0.0259771 +/- 0.000802077 
45 0.0265602 +/- 0.000820735 
46 0.02714 +/- 0.000839305   
47 0.0277186 +/- 0.000857747 
48 0.0282983 +/- 0.000876227 
49 0.0288772 +/- 0.000894789 
50 0.0294513 +/- 0.000913208 
51 0.030024 +/- 0.00093156   
52 0.0305964 +/- 0.000949947 
53 0.0311716 +/- 0.000968527 
54 0.0317443 +/- 0.000987051 
55 0.0323183 +/- 0.00100563  
56 0.0328914 +/- 0.00102421  
57 0.0334622 +/- 0.00104272  
58 0.0340351 +/- 0.00106134  
59 0.0346072 +/- 0.00107998  
60 0.0351801 +/- 0.00109871  
61 0.035753 +/- 0.00111749   
62 0.0363252 +/- 0.00113619  
63 0.0368965 +/- 0.00115491  
END dQ2
