
# File: ../t_hmc_0.log
beta: 2.25
nconf:  1024
nbatch: 2048
BEGIN dQ2
 0 0 +/- 0              
 1 7.03856 +/- 0.0091775
 2 8.11483 +/- 0.010543 
 3 8.36469 +/- 0.0109537
 4 8.43735 +/- 0.0111598
 5 8.4499 +/- 0.0112272 
 6 8.45898 +/- 0.0111144
 7 8.45529 +/- 0.011046 
 8 8.46171 +/- 0.0111879
 9 8.45399 +/- 0.0110417
10 8.45465 +/- 0.0111878
11 8.4554 +/- 0.0112794 
12 8.45329 +/- 0.0113355
13 8.45592 +/- 0.0112394
14 8.45948 +/- 0.0111703
15 8.463 +/- 0.0113564  
16 8.45869 +/- 0.011205 
17 8.45661 +/- 0.0113164
18 8.44342 +/- 0.0114155
19 8.453 +/- 0.0112705  
20 8.45037 +/- 0.0115044
21 8.44908 +/- 0.0114265
22 8.46178 +/- 0.0113363
23 8.46007 +/- 0.0112782
24 8.46093 +/- 0.0113561
25 8.44876 +/- 0.0112919
26 8.45977 +/- 0.0112006
27 8.45416 +/- 0.0111763
28 8.45833 +/- 0.0112033
29 8.46061 +/- 0.0112711
30 8.46162 +/- 0.0113297
31 8.46175 +/- 0.0111301
32 8.45571 +/- 0.0115509
33 8.46177 +/- 0.0113743
34 8.45615 +/- 0.0113421
35 8.45512 +/- 0.0114269
36 8.45043 +/- 0.0114702
37 8.44929 +/- 0.0114118
38 8.4539 +/- 0.011386  
39 8.46078 +/- 0.0113667
40 8.462 +/- 0.011428   
41 8.45218 +/- 0.0112505
42 8.44923 +/- 0.0116271
43 8.451 +/- 0.0115009  
44 8.46192 +/- 0.0113689
45 8.45216 +/- 0.0113631
46 8.46369 +/- 0.0114298
47 8.47348 +/- 0.0113622
48 8.46808 +/- 0.0115594
49 8.46165 +/- 0.011269 
50 8.45706 +/- 0.0114625
51 8.44904 +/- 0.0112964
52 8.45122 +/- 0.0115198
53 8.4528 +/- 0.0114419 
54 8.45292 +/- 0.0115355
55 8.44839 +/- 0.0114502
56 8.45536 +/- 0.011384 
57 8.45821 +/- 0.0113144
58 8.45059 +/- 0.0114729
59 8.45146 +/- 0.0114928
60 8.45341 +/- 0.0112973
61 8.45533 +/- 0.0115189
62 8.45468 +/- 0.0114691
63 8.46345 +/- 0.0114078
END dQ2
beta: 2.5
nconf:  1024
nbatch: 2048
BEGIN dQ2
 0 0 +/- 0               
 1 5.10272 +/- 0.00673695
 2 6.54028 +/- 0.00864334
 3 7.03315 +/- 0.00956672
 4 7.20741 +/- 0.0101964 
 5 7.27553 +/- 0.0102964 
 6 7.29823 +/- 0.0102967 
 7 7.30998 +/- 0.0101403 
 8 7.3085 +/- 0.0104452  
 9 7.30954 +/- 0.010412  
10 7.31297 +/- 0.0103998 
11 7.30562 +/- 0.0103974 
12 7.3061 +/- 0.0104108  
13 7.3062 +/- 0.0103826  
14 7.30238 +/- 0.0104881 
15 7.30828 +/- 0.0104129 
16 7.30104 +/- 0.0104666 
17 7.29374 +/- 0.0102312 
18 7.30652 +/- 0.0104099 
19 7.30232 +/- 0.0102581 
20 7.30365 +/- 0.0102671 
21 7.30926 +/- 0.0103626 
22 7.30667 +/- 0.0103514 
23 7.30127 +/- 0.0100802 
24 7.31152 +/- 0.0102676 
25 7.3058 +/- 0.01032    
26 7.31314 +/- 0.0103323 
27 7.31198 +/- 0.0103286 
28 7.31076 +/- 0.0101968 
29 7.307 +/- 0.0103684   
30 7.30784 +/- 0.0104661 
31 7.29919 +/- 0.0105273 
32 7.30152 +/- 0.0104753 
33 7.30298 +/- 0.0103622 
34 7.29768 +/- 0.010293  
35 7.30603 +/- 0.0102709 
36 7.3011 +/- 0.0102642  
37 7.30313 +/- 0.0102194 
38 7.29425 +/- 0.0101653 
39 7.29528 +/- 0.0101203 
40 7.29606 +/- 0.0102204 
41 7.30471 +/- 0.010289  
42 7.29956 +/- 0.0104315 
43 7.30763 +/- 0.0104566 
44 7.30585 +/- 0.0105146 
45 7.30164 +/- 0.0104692 
46 7.29999 +/- 0.0104206 
47 7.29812 +/- 0.0105348 
48 7.30415 +/- 0.0105844 
49 7.30455 +/- 0.0103878 
50 7.30272 +/- 0.0103659 
51 7.29649 +/- 0.0102785 
52 7.30345 +/- 0.0104345 
53 7.30536 +/- 0.0104714 
54 7.30185 +/- 0.010488  
55 7.31241 +/- 0.0105445 
56 7.30117 +/- 0.0105554 
57 7.31164 +/- 0.0103645 
58 7.3101 +/- 0.0105456  
59 7.30848 +/- 0.0105555 
60 7.30861 +/- 0.0105864 
61 7.3064 +/- 0.0104206  
62 7.30414 +/- 0.0104409 
63 7.29606 +/- 0.0103324 
END dQ2
beta: 2.75
nconf:  1024
nbatch: 2048
BEGIN dQ2
 0 0 +/- 0               
 1 3.50077 +/- 0.00477944
 2 5.00359 +/- 0.00693932
 3 5.70929 +/- 0.00813487
 4 6.05286 +/- 0.0089436 
 5 6.22177 +/- 0.00923571
 6 6.30651 +/- 0.00957016
 7 6.35594 +/- 0.00981448
 8 6.3723 +/- 0.00990773 
 9 6.38453 +/- 0.00996081
10 6.38685 +/- 0.0099563 
11 6.39276 +/- 0.0100243 
12 6.39182 +/- 0.0100808 
13 6.39333 +/- 0.0101286 
14 6.39494 +/- 0.0100376 
15 6.39522 +/- 0.0100142 
16 6.39603 +/- 0.0100481 
17 6.39647 +/- 0.00996436
18 6.3931 +/- 0.00988367 
19 6.39408 +/- 0.01005   
20 6.39614 +/- 0.0101091 
21 6.40248 +/- 0.0101236 
22 6.40215 +/- 0.0101026 
23 6.40108 +/- 0.0102008 
24 6.40202 +/- 0.0102576 
25 6.40451 +/- 0.0103122 
26 6.40168 +/- 0.010226  
27 6.40262 +/- 0.0101016 
28 6.3988 +/- 0.010097   
29 6.39612 +/- 0.0100802 
30 6.4015 +/- 0.0101571  
31 6.40077 +/- 0.0100016 
32 6.4013 +/- 0.0100468  
33 6.40025 +/- 0.0100351 
34 6.40134 +/- 0.0101538 
35 6.3988 +/- 0.0103413  
36 6.39928 +/- 0.0103584 
37 6.40037 +/- 0.0101843 
38 6.40089 +/- 0.0100415 
39 6.39831 +/- 0.010085  
40 6.39723 +/- 0.0101253 
41 6.39447 +/- 0.0100955 
42 6.3931 +/- 0.0100435  
43 6.39914 +/- 0.0100586 
44 6.39958 +/- 0.0101859 
45 6.39363 +/- 0.0102705 
46 6.3943 +/- 0.0103788  
47 6.39916 +/- 0.0102761 
48 6.40523 +/- 0.01024   
49 6.40584 +/- 0.0102797 
50 6.40392 +/- 0.0101837 
51 6.40065 +/- 0.010163  
52 6.39986 +/- 0.0103287 
53 6.39706 +/- 0.0101966 
54 6.39146 +/- 0.010172  
55 6.39193 +/- 0.010125  
56 6.39096 +/- 0.0102704 
57 6.39192 +/- 0.0103219 
58 6.39413 +/- 0.0103054 
59 6.39481 +/- 0.0100711 
60 6.38415 +/- 0.0101254 
61 6.37987 +/- 0.0103463 
62 6.38574 +/- 0.0104403 
63 6.38744 +/- 0.010328  
END dQ2
beta: 3
nconf:  1024
nbatch: 2048
BEGIN dQ2
 0 0 +/- 0               
 1 2.29099 +/- 0.00335495
 2 3.5773 +/- 0.00537936 
 3 4.36191 +/- 0.00687612
 4 4.84834 +/- 0.00785673
 5 5.15577 +/- 0.00853023
 6 5.34163 +/- 0.00906653
 7 5.45692 +/- 0.00938843
 8 5.52993 +/- 0.00956391
 9 5.57926 +/- 0.00982506
10 5.60495 +/- 0.0100208 
11 5.62444 +/- 0.00995531
12 5.63628 +/- 0.0099569 
13 5.64004 +/- 0.00993748
14 5.64611 +/- 0.0100207 
15 5.65125 +/- 0.0100228 
16 5.65299 +/- 0.0100303 
17 5.65344 +/- 0.0100095 
18 5.6537 +/- 0.010001   
19 5.65241 +/- 0.010056  
20 5.65204 +/- 0.0101054 
21 5.6531 +/- 0.0100906  
22 5.65176 +/- 0.0102305 
23 5.65263 +/- 0.0102474 
24 5.65255 +/- 0.01034   
25 5.65124 +/- 0.0103818 
26 5.6555 +/- 0.0103914  
27 5.66174 +/- 0.0103846 
28 5.66707 +/- 0.0103751 
29 5.66484 +/- 0.0103157 
30 5.66408 +/- 0.0102802 
31 5.66543 +/- 0.010256  
32 5.66899 +/- 0.0103385 
33 5.66976 +/- 0.0103588 
34 5.67185 +/- 0.0104054 
35 5.66993 +/- 0.0103953 
36 5.66537 +/- 0.0103364 
37 5.66268 +/- 0.0102902 
38 5.66113 +/- 0.01015   
39 5.65884 +/- 0.0101623 
40 5.65795 +/- 0.0102309 
41 5.66013 +/- 0.0103356 
42 5.66364 +/- 0.0103591 
43 5.67276 +/- 0.0104604 
44 5.67263 +/- 0.0103853 
45 5.67071 +/- 0.0104132 
46 5.66227 +/- 0.0103493 
47 5.65736 +/- 0.0103719 
48 5.65337 +/- 0.0104183 
49 5.64895 +/- 0.0104224 
50 5.64976 +/- 0.0104666 
51 5.6526 +/- 0.0104389  
52 5.6533 +/- 0.0104133  
53 5.65444 +/- 0.0104496 
54 5.65678 +/- 0.0104531 
55 5.65478 +/- 0.0104857 
56 5.65381 +/- 0.0104939 
57 5.66098 +/- 0.0105043 
58 5.6643 +/- 0.0104335  
59 5.66214 +/- 0.0104534 
60 5.65958 +/- 0.010526  
61 5.65686 +/- 0.0105526 
62 5.65277 +/- 0.0104347 
63 5.65141 +/- 0.0104071 
END dQ2
beta: 3.25
nconf:  1024
nbatch: 2048
BEGIN dQ2
 0 0 +/- 0               
 1 1.45343 +/- 0.0022248 
 2 2.4256 +/- 0.00381477 
 3 3.12351 +/- 0.00514344
 4 3.63254 +/- 0.00636857
 5 4.00545 +/- 0.0073017 
 6 4.28139 +/- 0.00811455
 7 4.48357 +/- 0.00881618
 8 4.63364 +/- 0.0093685 
 9 4.74139 +/- 0.00979995
10 4.8212 +/- 0.0100789  
11 4.87949 +/- 0.0103279 
12 4.92452 +/- 0.010545  
13 4.9579 +/- 0.0107463  
14 4.98363 +/- 0.0109045 
15 5.00212 +/- 0.0110455 
16 5.01655 +/- 0.0111081 
17 5.03208 +/- 0.0110932 
18 5.04277 +/- 0.0111641 
19 5.05008 +/- 0.0112144 
20 5.05691 +/- 0.0112664 
21 5.06184 +/- 0.0113327 
22 5.06238 +/- 0.0113877 
23 5.06447 +/- 0.0114726 
24 5.06439 +/- 0.0114967 
25 5.06196 +/- 0.011499  
26 5.06015 +/- 0.0114904 
27 5.05882 +/- 0.0114262 
28 5.05914 +/- 0.0113379 
29 5.06056 +/- 0.0113215 
30 5.06124 +/- 0.0113741 
31 5.06057 +/- 0.0113999 
32 5.06156 +/- 0.0114147 
33 5.06206 +/- 0.0114889 
34 5.06565 +/- 0.0114794 
35 5.06937 +/- 0.0115129 
36 5.06784 +/- 0.0115144 
37 5.06725 +/- 0.0115598 
38 5.0679 +/- 0.0115483  
39 5.06623 +/- 0.0114981 
40 5.06804 +/- 0.0114471 
41 5.0676 +/- 0.0114245  
42 5.06548 +/- 0.0113824 
43 5.0635 +/- 0.0113894  
44 5.06113 +/- 0.0114331 
45 5.06049 +/- 0.0114384 
46 5.05672 +/- 0.0114882 
47 5.05672 +/- 0.011544  
48 5.05709 +/- 0.0114835 
49 5.05857 +/- 0.0114485 
50 5.05759 +/- 0.0115081 
51 5.05795 +/- 0.0115342 
52 5.06038 +/- 0.0115097 
53 5.06244 +/- 0.0114976 
54 5.06604 +/- 0.0114801 
55 5.06656 +/- 0.011432  
56 5.06741 +/- 0.0114065 
57 5.06685 +/- 0.0114238 
58 5.06585 +/- 0.0114084 
59 5.06426 +/- 0.0114356 
60 5.06523 +/- 0.011483  
61 5.06549 +/- 0.0115729 
62 5.06544 +/- 0.0115297 
63 5.06586 +/- 0.011498  
END dQ2
beta: 3.5
nconf:  1024
nbatch: 2048
BEGIN dQ2
 0 0 +/- 0                
 1 0.908684 +/- 0.00146856
 2 1.59207 +/- 0.0026805  
 3 2.13894 +/- 0.00381573 
 4 2.58088 +/- 0.00484708 
 5 2.94305 +/- 0.00578891 
 6 3.23926 +/- 0.00665406 
 7 3.48202 +/- 0.0074254  
 8 3.68209 +/- 0.0080906  
 9 3.84744 +/- 0.00868558 
10 3.98258 +/- 0.00919623 
11 4.09289 +/- 0.00967098 
12 4.18218 +/- 0.010071   
13 4.25625 +/- 0.0104108  
14 4.31494 +/- 0.0107468  
15 4.3617 +/- 0.0110429   
16 4.40084 +/- 0.0112816  
17 4.43167 +/- 0.0114279  
18 4.45679 +/- 0.0115613  
19 4.4779 +/- 0.0116379   
20 4.4939 +/- 0.01168     
21 4.50713 +/- 0.0116854  
22 4.51785 +/- 0.0117689  
23 4.5255 +/- 0.0118868   
24 4.53218 +/- 0.0119713  
25 4.53788 +/- 0.012028   
26 4.54559 +/- 0.0121035  
27 4.55274 +/- 0.0121108  
28 4.55955 +/- 0.0121039  
29 4.56515 +/- 0.0121126  
30 4.57065 +/- 0.0121163  
31 4.57656 +/- 0.0121276  
32 4.58102 +/- 0.0121845  
33 4.58434 +/- 0.0122485  
34 4.58689 +/- 0.0122914  
35 4.58997 +/- 0.0123328  
36 4.5933 +/- 0.0123666   
37 4.5955 +/- 0.0124179   
38 4.59528 +/- 0.0124847  
39 4.59655 +/- 0.0125499  
40 4.59745 +/- 0.0126076  
41 4.59957 +/- 0.012648   
42 4.59913 +/- 0.0126425  
43 4.59853 +/- 0.0126036  
44 4.59727 +/- 0.0126162  
45 4.59773 +/- 0.0125873  
46 4.59742 +/- 0.0124916  
47 4.59696 +/- 0.0124998  
48 4.59549 +/- 0.0125347  
49 4.59527 +/- 0.0125689  
50 4.59532 +/- 0.0125955  
51 4.59502 +/- 0.0125916  
52 4.5937 +/- 0.0125615   
53 4.5936 +/- 0.0125756   
54 4.59301 +/- 0.0125791  
55 4.59391 +/- 0.0125706  
56 4.59553 +/- 0.0125072  
57 4.5975 +/- 0.012442    
58 4.59835 +/- 0.0124184  
59 4.59913 +/- 0.0124266  
60 4.59885 +/- 0.0124429  
61 4.59897 +/- 0.0124975  
62 4.59892 +/- 0.0124949  
63 4.59769 +/- 0.012464   
END dQ2
beta: 3.75
nconf:  1024
nbatch: 2048
BEGIN dQ2
 0 0 +/- 0                 
 1 0.558827 +/- 0.000996748
 2 1.01322 +/- 0.00189197  
 3 1.40453 +/- 0.00278726  
 4 1.7471 +/- 0.0036439    
 5 2.04642 +/- 0.0044422   
 6 2.30902 +/- 0.00519581  
 7 2.53814 +/- 0.00589371  
 8 2.73786 +/- 0.00652552  
 9 2.91368 +/- 0.0071127   
10 3.06825 +/- 0.00767984  
11 3.20527 +/- 0.00822093  
12 3.32601 +/- 0.00874678  
13 3.4321 +/- 0.00924535   
14 3.5256 +/- 0.00968815   
15 3.60772 +/- 0.0101144   
16 3.67949 +/- 0.0104917   
17 3.74255 +/- 0.0108324   
18 3.79727 +/- 0.0111552   
19 3.84547 +/- 0.0114438   
20 3.88862 +/- 0.0116958   
21 3.92633 +/- 0.0118955   
22 3.95961 +/- 0.0121118   
23 3.98794 +/- 0.0122926   
24 4.01184 +/- 0.0124672   
25 4.03404 +/- 0.0126413   
26 4.05351 +/- 0.0127917   
27 4.07209 +/- 0.0129485   
28 4.08725 +/- 0.0130733   
29 4.10114 +/- 0.01319     
30 4.11239 +/- 0.0133325   
31 4.12209 +/- 0.0134435   
32 4.13021 +/- 0.0135416   
33 4.13757 +/- 0.0136315   
34 4.1441 +/- 0.0136841    
35 4.1513 +/- 0.0137338    
36 4.15714 +/- 0.0137674   
37 4.1611 +/- 0.0138243    
38 4.16538 +/- 0.0138646   
39 4.16948 +/- 0.013892    
40 4.17266 +/- 0.013939    
41 4.17577 +/- 0.0139945   
42 4.17815 +/- 0.0140631   
43 4.18073 +/- 0.0141103   
44 4.18236 +/- 0.0141511   
45 4.18427 +/- 0.0141926   
46 4.18536 +/- 0.0141793   
47 4.18543 +/- 0.0141585   
48 4.18483 +/- 0.0141293   
49 4.18411 +/- 0.0141288   
50 4.18439 +/- 0.0141399   
51 4.18422 +/- 0.0141331   
52 4.18511 +/- 0.0141417   
53 4.18663 +/- 0.0141885   
54 4.18786 +/- 0.0142318   
55 4.18709 +/- 0.014271    
56 4.18681 +/- 0.0143052   
57 4.18648 +/- 0.0143593   
58 4.18562 +/- 0.0143992   
59 4.18419 +/- 0.0144295   
60 4.18319 +/- 0.0144331   
61 4.18245 +/- 0.0144266   
62 4.18152 +/- 0.0144141   
63 4.18185 +/- 0.0144118   
END dQ2
beta: 4
nconf:  1024
nbatch: 2048
BEGIN dQ2
 0 0 +/- 0                 
 1 0.341383 +/- 0.000693333
 2 0.634095 +/- 0.0013267  
 3 0.89968 +/- 0.0019686   
 4 1.14242 +/- 0.00260199  
 5 1.36438 +/- 0.00322924  
 6 1.56827 +/- 0.00384125  
 7 1.75575 +/- 0.00446974  
 8 1.92805 +/- 0.00509596  
 9 2.08664 +/- 0.00570904  
10 2.23257 +/- 0.00628409  
11 2.36689 +/- 0.00684561  
12 2.48923 +/- 0.00737319  
13 2.60101 +/- 0.00787675  
14 2.70357 +/- 0.00834951  
15 2.79797 +/- 0.00880722  
16 2.8846 +/- 0.00925067   
17 2.96464 +/- 0.00965398  
18 3.03811 +/- 0.0100537   
19 3.10492 +/- 0.010447    
20 3.16599 +/- 0.0108256   
21 3.22309 +/- 0.0111768   
22 3.27582 +/- 0.011529    
23 3.32314 +/- 0.0118446   
24 3.36667 +/- 0.0121294   
25 3.40689 +/- 0.0123834   
26 3.44415 +/- 0.0126062   
27 3.4778 +/- 0.0128356    
28 3.50888 +/- 0.0130617   
29 3.53819 +/- 0.0132698   
30 3.56595 +/- 0.0134655   
31 3.59111 +/- 0.0136546   
32 3.614 +/- 0.0138296     
33 3.6349 +/- 0.0139871    
34 3.65365 +/- 0.0141146   
35 3.67143 +/- 0.0142362   
36 3.68773 +/- 0.0143457   
37 3.70199 +/- 0.0144573   
38 3.71504 +/- 0.0145699   
39 3.72858 +/- 0.01467     
40 3.74158 +/- 0.0147872   
41 3.75226 +/- 0.0149258   
42 3.76241 +/- 0.0150703   
43 3.77119 +/- 0.0152035   
44 3.77924 +/- 0.0153258   
45 3.78678 +/- 0.0154273   
46 3.79413 +/- 0.0155245   
47 3.80041 +/- 0.0156167   
48 3.80585 +/- 0.0157096   
49 3.81177 +/- 0.0157946   
50 3.81689 +/- 0.0158684   
51 3.82187 +/- 0.0159447   
52 3.82625 +/- 0.0159988   
53 3.83025 +/- 0.0160269   
54 3.83459 +/- 0.0160501   
55 3.83864 +/- 0.0160849   
56 3.84271 +/- 0.0161179   
57 3.84611 +/- 0.0161556   
58 3.84904 +/- 0.0161833   
59 3.85179 +/- 0.0162138   
60 3.85476 +/- 0.0162518   
61 3.85682 +/- 0.0162884   
62 3.85926 +/- 0.0163345   
63 3.86228 +/- 0.0163566   
END dQ2
beta: 4.25
nconf:  1024
nbatch: 2048
BEGIN dQ2
 0 0 +/- 0                 
 1 0.206759 +/- 0.000506698
 2 0.390091 +/- 0.000987357
 3 0.56163 +/- 0.00147007  
 4 0.723108 +/- 0.00195749 
 5 0.875397 +/- 0.00244821 
 6 1.01914 +/- 0.00293449  
 7 1.15496 +/- 0.00341646  
 8 1.28303 +/- 0.00389996  
 9 1.40438 +/- 0.00437649  
10 1.51889 +/- 0.00484081  
11 1.62683 +/- 0.00529753  
12 1.72921 +/- 0.00574427  
13 1.82639 +/- 0.00617709  
14 1.91804 +/- 0.00660715  
15 2.00462 +/- 0.00701951  
16 2.08653 +/- 0.00740623  
17 2.16389 +/- 0.00778263  
18 2.23759 +/- 0.00815763  
19 2.30743 +/- 0.00852399  
20 2.37366 +/- 0.00888082  
21 2.43636 +/- 0.00923259  
22 2.49565 +/- 0.00957727  
23 2.5513 +/- 0.0099123    
24 2.60428 +/- 0.0102307   
25 2.65437 +/- 0.0105342   
26 2.70151 +/- 0.0108248   
27 2.74629 +/- 0.0111056   
28 2.78927 +/- 0.0113803   
29 2.82987 +/- 0.0116566   
30 2.8682 +/- 0.0119306    
31 2.9049 +/- 0.0122006    
32 2.94011 +/- 0.0124694   
33 2.97333 +/- 0.0127292   
34 3.00473 +/- 0.0129746   
35 3.0346 +/- 0.0132167    
36 3.06312 +/- 0.013455    
37 3.09016 +/- 0.0136855   
38 3.11589 +/- 0.0138988   
39 3.13996 +/- 0.0141069   
40 3.16259 +/- 0.0143122   
41 3.18383 +/- 0.0145064   
42 3.20348 +/- 0.0146832   
43 3.22216 +/- 0.014859    
44 3.24001 +/- 0.0150223   
45 3.25665 +/- 0.0151782   
46 3.27303 +/- 0.0153319   
47 3.28856 +/- 0.0154817   
48 3.30317 +/- 0.0156263   
49 3.31673 +/- 0.0157563   
50 3.32943 +/- 0.0158892   
51 3.34146 +/- 0.0160205   
52 3.35313 +/- 0.0161446   
53 3.36405 +/- 0.0162663   
54 3.37467 +/- 0.0163794   
55 3.3848 +/- 0.016491     
56 3.3948 +/- 0.0166071    
57 3.40409 +/- 0.0167172   
58 3.4127 +/- 0.0168214    
59 3.42109 +/- 0.0169239   
60 3.42892 +/- 0.0170265   
61 3.43632 +/- 0.017115    
62 3.44324 +/- 0.0172096   
63 3.44958 +/- 0.0172991   
END dQ2
beta: 4.5
nconf:  1024
nbatch: 2048
BEGIN dQ2
 0 0 +/- 0                 
 1 0.125969 +/- 0.000371104
 2 0.239917 +/- 0.000719224
 3 0.348408 +/- 0.00107625 
 4 0.452296 +/- 0.00143889 
 5 0.552441 +/- 0.00180728 
 6 0.649027 +/- 0.00218182 
 7 0.742202 +/- 0.0025562  
 8 0.831787 +/- 0.00292885 
 9 0.918124 +/- 0.003303   
10 1.00132 +/- 0.00367401  
11 1.08189 +/- 0.00404632  
12 1.15948 +/- 0.00441556  
13 1.23436 +/- 0.00477943  
14 1.30685 +/- 0.00514495  
15 1.37696 +/- 0.00550571  
16 1.44463 +/- 0.00585937  
17 1.50995 +/- 0.00620806  
18 1.57324 +/- 0.00656137  
19 1.63459 +/- 0.00691214  
20 1.69363 +/- 0.00725645  
21 1.7506 +/- 0.00759676   
22 1.80549 +/- 0.00793257  
23 1.85856 +/- 0.00826414  
24 1.9095 +/- 0.00859193   
25 1.95847 +/- 0.00890626  
26 2.00566 +/- 0.00921893  
27 2.0513 +/- 0.0095272    
28 2.09534 +/- 0.00982676  
29 2.13797 +/- 0.0101207   
30 2.17934 +/- 0.010408    
31 2.21901 +/- 0.0106827   
32 2.25734 +/- 0.0109502   
33 2.29423 +/- 0.0112061   
34 2.32991 +/- 0.0114559   
35 2.36433 +/- 0.0116954   
36 2.39767 +/- 0.01193     
37 2.42988 +/- 0.012165    
38 2.46085 +/- 0.0123936   
39 2.49093 +/- 0.012616    
40 2.51995 +/- 0.0128321   
41 2.54796 +/- 0.013043    
42 2.57479 +/- 0.0132524   
43 2.60068 +/- 0.0134611   
44 2.6256 +/- 0.0136672    
45 2.64956 +/- 0.0138708   
46 2.67258 +/- 0.0140757   
47 2.69448 +/- 0.0142812   
48 2.7156 +/- 0.0144838    
49 2.73597 +/- 0.0146825   
50 2.75598 +/- 0.0148781   
51 2.77513 +/- 0.0150685   
52 2.79403 +/- 0.0152507   
53 2.81213 +/- 0.0154289   
54 2.82941 +/- 0.0156087   
55 2.84607 +/- 0.01578     
56 2.86234 +/- 0.015955    
57 2.87786 +/- 0.0161256   
58 2.89303 +/- 0.0162889   
59 2.90791 +/- 0.0164537   
60 2.92194 +/- 0.0166069   
61 2.93568 +/- 0.016759    
62 2.9487 +/- 0.0169108    
63 2.96126 +/- 0.0170648   
END dQ2
beta: 4.75
nconf:  1024
nbatch: 2048
BEGIN dQ2
 0 0 +/- 0                  
 1 0.0752111 +/- 0.000262334
 2 0.144089 +/- 0.000500966 
 3 0.210759 +/- 0.000745212 
 4 0.275591 +/- 0.000990368 
 5 0.33894 +/- 0.00124329   
 6 0.400733 +/- 0.00149799  
 7 0.461155 +/- 0.00176163  
 8 0.520192 +/- 0.00202739  
 9 0.5779 +/- 0.00229715    
10 0.634389 +/- 0.00256703  
11 0.689633 +/- 0.00283388  
12 0.743558 +/- 0.00310553  
13 0.796333 +/- 0.00337513  
14 0.847767 +/- 0.00364589  
15 0.897933 +/- 0.00391834  
16 0.946837 +/- 0.00418537  
17 0.994475 +/- 0.00444892  
18 1.04089 +/- 0.0047089    
19 1.08633 +/- 0.00496595   
20 1.13058 +/- 0.00522675   
21 1.17388 +/- 0.00548164   
22 1.21633 +/- 0.0057396    
23 1.25806 +/- 0.00599761   
24 1.29892 +/- 0.00625745   
25 1.33888 +/- 0.006515     
26 1.37783 +/- 0.00677077   
27 1.41613 +/- 0.00702738   
28 1.45368 +/- 0.0072854    
29 1.49035 +/- 0.00753735   
30 1.52614 +/- 0.007792     
31 1.56093 +/- 0.00804045   
32 1.5951 +/- 0.00828691    
33 1.62859 +/- 0.00853083   
34 1.66137 +/- 0.00877295   
35 1.69344 +/- 0.00901347   
36 1.72466 +/- 0.00925261   
37 1.75516 +/- 0.00949078   
38 1.78494 +/- 0.00972537   
39 1.81405 +/- 0.00995881   
40 1.8426 +/- 0.0101899     
41 1.87053 +/- 0.0104198    
42 1.89783 +/- 0.0106494    
43 1.92428 +/- 0.0108763    
44 1.95022 +/- 0.011098     
45 1.97561 +/- 0.0113168    
46 2.00039 +/- 0.0115336    
47 2.02469 +/- 0.0117477    
48 2.0484 +/- 0.0119612     
49 2.07164 +/- 0.0121708    
50 2.09439 +/- 0.0123773    
51 2.11673 +/- 0.0125842    
52 2.13854 +/- 0.0127879    
53 2.15989 +/- 0.012986     
54 2.18089 +/- 0.0131832    
55 2.20129 +/- 0.0133738    
56 2.22142 +/- 0.0135633    
57 2.24077 +/- 0.0137511    
58 2.25962 +/- 0.0139364    
59 2.27795 +/- 0.0141157    
60 2.29582 +/- 0.0142957    
61 2.31326 +/- 0.0144727    
62 2.33013 +/- 0.0146451    
63 2.34664 +/- 0.0148193    
END dQ2
beta: 5
nconf:  1024
nbatch: 2048
BEGIN dQ2
 0 0 +/- 0                  
 1 0.0456426 +/- 0.000198538
 2 0.0879002 +/- 0.000381576
 3 0.129137 +/- 0.000569853 
 4 0.169671 +/- 0.000762165 
 5 0.209545 +/- 0.000958582 
 6 0.248885 +/- 0.00115515  
 7 0.287637 +/- 0.00135662  
 8 0.325811 +/- 0.00155936  
 9 0.363396 +/- 0.00176362  
10 0.400518 +/- 0.00196866  
11 0.437236 +/- 0.00217492  
12 0.473422 +/- 0.00238217  
13 0.508982 +/- 0.00258867  
14 0.543996 +/- 0.00279582  
15 0.578486 +/- 0.00300476  
16 0.612468 +/- 0.00321203  
17 0.646106 +/- 0.00342259  
18 0.679295 +/- 0.00363143  
19 0.712132 +/- 0.00384228  
20 0.744426 +/- 0.00405281  
21 0.776217 +/- 0.00426649  
22 0.807476 +/- 0.00447916  
23 0.838275 +/- 0.00469299  
24 0.868664 +/- 0.00490627  
25 0.89857 +/- 0.00511935   
26 0.928274 +/- 0.00533284  
27 0.957647 +/- 0.00554635  
28 0.986592 +/- 0.00576093  
29 1.01513 +/- 0.00597669   
30 1.04329 +/- 0.00619367   
31 1.07104 +/- 0.0064111    
32 1.0985 +/- 0.00662946    
33 1.12571 +/- 0.00684438   
34 1.15248 +/- 0.00705866   
35 1.17888 +/- 0.0072715    
36 1.20488 +/- 0.00748626   
37 1.23037 +/- 0.00769866   
38 1.2554 +/- 0.00791119    
39 1.28012 +/- 0.00812209   
40 1.30454 +/- 0.00833317   
41 1.3286 +/- 0.00854316    
42 1.35227 +/- 0.00875165   
43 1.37564 +/- 0.0089577    
44 1.39877 +/- 0.00916152   
45 1.42164 +/- 0.00936581   
46 1.44422 +/- 0.00957024   
47 1.46639 +/- 0.0097747    
48 1.48826 +/- 0.00998033   
49 1.5099 +/- 0.0101849     
50 1.5313 +/- 0.0103897     
51 1.5525 +/- 0.0105921     
52 1.57355 +/- 0.0107956    
53 1.59431 +/- 0.0109965    
54 1.61478 +/- 0.0111955    
55 1.63491 +/- 0.0113912    
56 1.65465 +/- 0.011587     
57 1.67423 +/- 0.0117804    
58 1.6934 +/- 0.0119711     
59 1.7123 +/- 0.0121597     
60 1.73097 +/- 0.012347     
61 1.74944 +/- 0.0125332    
62 1.76771 +/- 0.0127181    
63 1.78576 +/- 0.012902     
END dQ2
beta: 5.25
nconf:  1024
nbatch: 2048
BEGIN dQ2
 0 0 +/- 0                  
 1 0.0274383 +/- 0.000142807
 2 0.0529862 +/- 0.000277796
 3 0.0780614 +/- 0.000414401
 4 0.102925 +/- 0.000553847 
 5 0.127551 +/- 0.000694203 
 6 0.151888 +/- 0.000834891 
 7 0.175991 +/- 0.000976569 
 8 0.199869 +/- 0.00111795  
 9 0.223479 +/- 0.00125991  
10 0.246898 +/- 0.00140182  
11 0.270181 +/- 0.00154253  
12 0.293244 +/- 0.00168552  
13 0.316111 +/- 0.0018271   
14 0.338798 +/- 0.00197024  
15 0.361314 +/- 0.00211461  
16 0.383604 +/- 0.00226095  
17 0.405696 +/- 0.00240841  
18 0.42764 +/- 0.00255533   
19 0.449409 +/- 0.00270281  
20 0.470965 +/- 0.0028505   
21 0.492403 +/- 0.00299882  
22 0.513652 +/- 0.00314659  
23 0.534709 +/- 0.00329461  
24 0.555541 +/- 0.00344347  
25 0.576207 +/- 0.00359313  
26 0.596693 +/- 0.00374363  
27 0.617064 +/- 0.0038963   
28 0.637193 +/- 0.00404911  
29 0.657156 +/- 0.00420437  
30 0.676899 +/- 0.00436078  
31 0.696458 +/- 0.00451628  
32 0.715741 +/- 0.00467088  
33 0.734781 +/- 0.00482448  
34 0.753654 +/- 0.00497974  
35 0.772343 +/- 0.00513402  
36 0.790823 +/- 0.0052882   
37 0.809153 +/- 0.00544205  
38 0.827309 +/- 0.00559547  
39 0.845351 +/- 0.00574964  
40 0.863232 +/- 0.00590131  
41 0.880973 +/- 0.00605218  
42 0.898546 +/- 0.00620273  
43 0.91593 +/- 0.00635219   
44 0.933205 +/- 0.00650194  
45 0.950344 +/- 0.00665249  
46 0.967283 +/- 0.00680299  
47 0.984093 +/- 0.00695336  
48 1.00081 +/- 0.00710495   
49 1.01734 +/- 0.00725642   
50 1.03376 +/- 0.00740963   
51 1.04998 +/- 0.0075631    
52 1.06604 +/- 0.00771485   
53 1.08197 +/- 0.00786735   
54 1.09772 +/- 0.00801819   
55 1.11339 +/- 0.00816941   
56 1.12897 +/- 0.00831948   
57 1.1444 +/- 0.00846913    
58 1.15965 +/- 0.0086189    
59 1.17479 +/- 0.0087687    
60 1.18972 +/- 0.00891619   
61 1.2045 +/- 0.00906532    
62 1.21909 +/- 0.0092147    
63 1.23357 +/- 0.00936395   
END dQ2
beta: 5.5
nconf:  1024
nbatch: 2048
BEGIN dQ2
 0 0 +/- 0                  
 1 0.016435 +/- 0.000105995 
 2 0.0317684 +/- 0.000204712
 3 0.0469243 +/- 0.000305594
 4 0.0619552 +/- 0.000407732
 5 0.0768696 +/- 0.000511218
 6 0.0916966 +/- 0.000615993
 7 0.10641 +/- 0.000720405  
 8 0.121058 +/- 0.000826738 
 9 0.135568 +/- 0.000932207 
10 0.149988 +/- 0.00103836  
11 0.164333 +/- 0.00114587  
12 0.1786 +/- 0.00125271    
13 0.192794 +/- 0.00136054  
14 0.20692 +/- 0.00146768   
15 0.220964 +/- 0.00157546  
16 0.234939 +/- 0.00168431  
17 0.24886 +/- 0.00179514   
18 0.262709 +/- 0.00190661  
19 0.276492 +/- 0.00201809  
20 0.290182 +/- 0.00212914  
21 0.303764 +/- 0.00224043  
22 0.317288 +/- 0.00235184  
23 0.330748 +/- 0.00246387  
24 0.344115 +/- 0.00257621  
25 0.35744 +/- 0.00268873   
26 0.370691 +/- 0.00280126  
27 0.383884 +/- 0.00291475  
28 0.396953 +/- 0.00302786  
29 0.409945 +/- 0.00314124  
30 0.422869 +/- 0.00325613  
31 0.435749 +/- 0.00337158  
32 0.448547 +/- 0.00348762  
33 0.461249 +/- 0.00360446  
34 0.473912 +/- 0.00372161  
35 0.486475 +/- 0.00383973  
36 0.498959 +/- 0.00395747  
37 0.511361 +/- 0.00407588  
38 0.523711 +/- 0.00419495  
39 0.535977 +/- 0.00431361  
40 0.548168 +/- 0.00443248  
41 0.560317 +/- 0.00455238  
42 0.572382 +/- 0.00467199  
43 0.584334 +/- 0.00479054  
44 0.59623 +/- 0.00490941   
45 0.60808 +/- 0.00502862   
46 0.619872 +/- 0.00514784  
47 0.63157 +/- 0.00526749   
48 0.643167 +/- 0.00538736  
49 0.654656 +/- 0.0055072   
50 0.666124 +/- 0.00562759  
51 0.677506 +/- 0.00574704  
52 0.688843 +/- 0.00586668  
53 0.700115 +/- 0.00598704  
54 0.711318 +/- 0.00610682  
55 0.722477 +/- 0.00622543  
56 0.733512 +/- 0.00634266  
57 0.744499 +/- 0.00645923  
58 0.75548 +/- 0.00657577   
59 0.766392 +/- 0.00669162  
60 0.777282 +/- 0.00680783  
61 0.788121 +/- 0.00692451  
62 0.798912 +/- 0.00704105  
63 0.809648 +/- 0.0071572   
END dQ2
beta: 5.75
nconf:  1024
nbatch: 2048
BEGIN dQ2
 0 0 +/- 0                  
 1 0.00997707 +/- 8.25586e-5
 2 0.0193191 +/- 0.000158876
 3 0.0285771 +/- 0.000236707
 4 0.0377614 +/- 0.000314383
 5 0.0468961 +/- 0.000393229
 6 0.0559936 +/- 0.000472256
 7 0.0650557 +/- 0.000552352
 8 0.0740938 +/- 0.000632344
 9 0.0830906 +/- 0.000712757
10 0.0920569 +/- 0.000793625
11 0.100964 +/- 0.00087446  
12 0.109827 +/- 0.000955355 
13 0.118683 +/- 0.00103712  
14 0.127492 +/- 0.00111847  
15 0.13626 +/- 0.00119998   
16 0.145004 +/- 0.00128195  
17 0.153704 +/- 0.00136352  
18 0.16237 +/- 0.00144534   
19 0.171024 +/- 0.00152814  
20 0.179663 +/- 0.00161177  
21 0.18828 +/- 0.00169534   
22 0.196874 +/- 0.00177919  
23 0.205449 +/- 0.00186295  
24 0.214038 +/- 0.00194733  
25 0.222599 +/- 0.00203178  
26 0.231119 +/- 0.00211576  
27 0.239602 +/- 0.00219976  
28 0.248063 +/- 0.002284    
29 0.256508 +/- 0.00236903  
30 0.264911 +/- 0.00245394  
31 0.273302 +/- 0.002539    
32 0.281651 +/- 0.00262437  
33 0.289975 +/- 0.00270962  
34 0.298258 +/- 0.00279524  
35 0.306528 +/- 0.0028805   
36 0.314754 +/- 0.00296541  
37 0.322979 +/- 0.00305043  
38 0.331151 +/- 0.00313546  
39 0.339302 +/- 0.00322036  
40 0.34741 +/- 0.00330552   
41 0.355479 +/- 0.00339066  
42 0.36354 +/- 0.00347613   
43 0.371565 +/- 0.00356142  
44 0.379566 +/- 0.00364672  
45 0.387561 +/- 0.00373257  
46 0.39552 +/- 0.00381862   
47 0.403454 +/- 0.00390536  
48 0.411357 +/- 0.00399234  
49 0.41925 +/- 0.00408009   
50 0.427109 +/- 0.00416738  
51 0.434945 +/- 0.00425495  
52 0.442758 +/- 0.00434271  
53 0.45057 +/- 0.00443128   
54 0.458363 +/- 0.00451951  
55 0.466119 +/- 0.00460702  
56 0.473858 +/- 0.00469555  
57 0.48157 +/- 0.00478395   
58 0.489253 +/- 0.00487239  
59 0.496867 +/- 0.00496139  
60 0.504451 +/- 0.0050504   
61 0.511995 +/- 0.00513942  
62 0.519513 +/- 0.00522906  
63 0.527036 +/- 0.00531942  
END dQ2
beta: 6
nconf:  1024
nbatch: 2048
BEGIN dQ2
 0 0 +/- 0                  
 1 0.00602834 +/- 6.42318e-5
 2 0.0117183 +/- 0.000124781
 3 0.0173433 +/- 0.000185597
 4 0.0229454 +/- 0.000247136
 5 0.0285326 +/- 0.000309328
 6 0.0341005 +/- 0.000371299
 7 0.0396406 +/- 0.000433306
 8 0.0451675 +/- 0.00049587 
 9 0.0506807 +/- 0.000558246
10 0.0561899 +/- 0.00062122 
11 0.0616767 +/- 0.000684432
12 0.0671493 +/- 0.000747517
13 0.0726163 +/- 0.00081115 
14 0.0780689 +/- 0.000875066
15 0.0835179 +/- 0.000939307
16 0.0889655 +/- 0.00100364 
17 0.0944056 +/- 0.00106828 
18 0.0998394 +/- 0.00113348 
19 0.105259 +/- 0.00119831  
20 0.110649 +/- 0.00126309  
21 0.11603 +/- 0.00132834   
22 0.121395 +/- 0.00139406  
23 0.126761 +/- 0.00146006  
24 0.132109 +/- 0.00152579  
25 0.137447 +/- 0.00159179  
26 0.142763 +/- 0.0016575   
27 0.148064 +/- 0.00172335  
28 0.153346 +/- 0.00178905  
29 0.158613 +/- 0.00185458  
30 0.16387 +/- 0.00192022   
31 0.16911 +/- 0.00198601   
32 0.174336 +/- 0.0020522   
33 0.179531 +/- 0.00211745  
34 0.184716 +/- 0.00218286  
35 0.189898 +/- 0.00224843  
36 0.195067 +/- 0.00231367  
37 0.200236 +/- 0.00237957  
38 0.205374 +/- 0.00244495  
39 0.210483 +/- 0.00250981  
40 0.215586 +/- 0.00257476  
41 0.220673 +/- 0.0026402   
42 0.225755 +/- 0.00270599  
43 0.23081 +/- 0.0027714    
44 0.235856 +/- 0.00283704  
45 0.240901 +/- 0.00290246  
46 0.245927 +/- 0.00296795  
47 0.250935 +/- 0.00303381  
48 0.255932 +/- 0.00309982  
49 0.260932 +/- 0.00316637  
50 0.265919 +/- 0.00323313  
51 0.270895 +/- 0.00329975  
52 0.27587 +/- 0.0033666    
53 0.280802 +/- 0.00343348  
54 0.285732 +/- 0.00350064  
55 0.290652 +/- 0.0035679   
56 0.295554 +/- 0.00363494  
57 0.300455 +/- 0.00370203  
58 0.305345 +/- 0.00376955  
59 0.310227 +/- 0.00383737  
60 0.315117 +/- 0.00390568  
61 0.319983 +/- 0.00397384  
62 0.324848 +/- 0.00404204  
63 0.329697 +/- 0.00410999  
END dQ2
beta: 6.25
nconf:  1024
nbatch: 2048
BEGIN dQ2
 0 0 +/- 0                  
 1 0.0036213 +/- 4.85334e-5 
 2 0.00702513 +/- 9.28182e-5
 3 0.0104007 +/- 0.000137253
 4 0.0137686 +/- 0.000182394
 5 0.0171373 +/- 0.000227936
 6 0.0204992 +/- 0.000273716
 7 0.0238576 +/- 0.000319658
 8 0.0272154 +/- 0.000366083
 9 0.0305731 +/- 0.000412853
10 0.0339278 +/- 0.00045972 
11 0.0372713 +/- 0.000506273
12 0.0406084 +/- 0.000552859
13 0.0439429 +/- 0.000599659
14 0.0472719 +/- 0.000646415
15 0.0505891 +/- 0.000693189
16 0.0539018 +/- 0.000740097
17 0.0572036 +/- 0.000786818
18 0.0604998 +/- 0.000833479
19 0.0637938 +/- 0.00088029 
20 0.0670915 +/- 0.000927475
21 0.070385 +/- 0.000974806 
22 0.0736705 +/- 0.00102217 
23 0.0769533 +/- 0.00106961 
24 0.0802451 +/- 0.00111766 
25 0.0835284 +/- 0.00116558 
26 0.0868074 +/- 0.00121369 
27 0.0900901 +/- 0.00126224 
28 0.0933612 +/- 0.00131069 
29 0.0966331 +/- 0.00135938 
30 0.0999012 +/- 0.0014081  
31 0.103165 +/- 0.00145686  
32 0.106426 +/- 0.00150596  
33 0.109674 +/- 0.00155465  
34 0.112927 +/- 0.00160372  
35 0.116184 +/- 0.00165284  
36 0.11944 +/- 0.00170192   
37 0.122703 +/- 0.00175138  
38 0.125958 +/- 0.00180083  
39 0.129208 +/- 0.00185016  
40 0.132464 +/- 0.00189993  
41 0.135721 +/- 0.00195001  
42 0.138973 +/- 0.002       
43 0.142231 +/- 0.00205023  
44 0.145494 +/- 0.00210089  
45 0.148746 +/- 0.00215092  
46 0.151993 +/- 0.00220118  
47 0.155244 +/- 0.00225182  
48 0.158489 +/- 0.00230259  
49 0.161729 +/- 0.00235344  
50 0.16496 +/- 0.0024041    
51 0.168185 +/- 0.00245482  
52 0.171397 +/- 0.00250544  
53 0.17461 +/- 0.00255636   
54 0.17782 +/- 0.00260749   
55 0.181023 +/- 0.00265876  
56 0.184241 +/- 0.0027108   
57 0.187452 +/- 0.00276297  
58 0.190661 +/- 0.00281518  
59 0.193858 +/- 0.00286762  
60 0.197054 +/- 0.00292003  
61 0.20025 +/- 0.0029727    
62 0.203446 +/- 0.00302572  
63 0.206631 +/- 0.00307844  
END dQ2
beta: 6.5
nconf:  1024
nbatch: 2048
BEGIN dQ2
 0 0 +/- 0                   
 1 0.00222948 +/- 3.69733e-5 
 2 0.00432287 +/- 7.07631e-5 
 3 0.00640361 +/- 0.000104849
 4 0.00848269 +/- 0.000139281
 5 0.010563 +/- 0.000173863  
 6 0.0126406 +/- 0.000208374 
 7 0.0147152 +/- 0.000242931 
 8 0.0167794 +/- 0.000277312 
 9 0.0188409 +/- 0.000311823 
10 0.0209017 +/- 0.000346414 
11 0.0229608 +/- 0.000381143 
12 0.0250244 +/- 0.000416767 
13 0.0270902 +/- 0.000452587 
14 0.0291596 +/- 0.000488544 
15 0.0312306 +/- 0.000524743 
16 0.0333019 +/- 0.000561057 
17 0.035374 +/- 0.000597361  
18 0.0374462 +/- 0.000633971 
19 0.0395182 +/- 0.000670482 
20 0.041588 +/- 0.000706972  
21 0.0436595 +/- 0.000743642 
22 0.0457308 +/- 0.000780522 
23 0.0478038 +/- 0.000817539 
24 0.0498799 +/- 0.000854738 
25 0.0519563 +/- 0.000892119 
26 0.0540294 +/- 0.000929519 
27 0.0561048 +/- 0.000966994 
28 0.0581824 +/- 0.00100436  
29 0.0602588 +/- 0.0010417   
30 0.0623359 +/- 0.00107915  
31 0.0644084 +/- 0.00111638  
32 0.0664811 +/- 0.00115355  
33 0.0685515 +/- 0.00119078  
34 0.0706193 +/- 0.00122771  
35 0.0726739 +/- 0.00126448  
36 0.0747243 +/- 0.00130128  
37 0.0767789 +/- 0.00133824  
38 0.0788292 +/- 0.00137513  
39 0.0808797 +/- 0.00141226  
40 0.0829264 +/- 0.00144933  
41 0.0849704 +/- 0.00148631  
42 0.0870095 +/- 0.00152334  
43 0.0890499 +/- 0.00156048  
44 0.0910894 +/- 0.00159773  
45 0.0931271 +/- 0.00163482  
46 0.0951629 +/- 0.00167195  
47 0.0971985 +/- 0.00170916  
48 0.0992332 +/- 0.00174649  
49 0.10126 +/- 0.00178378    
50 0.103291 +/- 0.0018213    
51 0.105329 +/- 0.00185919   
52 0.107368 +/- 0.00189715   
53 0.109396 +/- 0.00193509   
54 0.111422 +/- 0.00197286   
55 0.113448 +/- 0.00201068   
56 0.115478 +/- 0.00204864   
57 0.117501 +/- 0.0020865    
58 0.119521 +/- 0.00212437   
59 0.121538 +/- 0.00216234   
60 0.123554 +/- 0.00220044   
61 0.12557 +/- 0.00223851    
62 0.127579 +/- 0.0022765    
63 0.129589 +/- 0.00231452   
END dQ2
beta: 6.75
nconf:  1024
nbatch: 2048
BEGIN dQ2
 0 0 +/- 0                   
 1 0.00134313 +/- 2.86909e-5 
 2 0.00261866 +/- 5.50221e-5 
 3 0.00388473 +/- 8.15966e-5 
 4 0.00514897 +/- 0.000108447
 5 0.00640899 +/- 0.000135271
 6 0.00766573 +/- 0.000162133
 7 0.00891581 +/- 0.000188747
 8 0.0101655 +/- 0.000215123 
 9 0.0114142 +/- 0.000241693 
10 0.012665 +/- 0.000268326  
11 0.0139138 +/- 0.000295007 
12 0.0151604 +/- 0.000321694 
13 0.0164084 +/- 0.000348608 
14 0.0176569 +/- 0.000375632 
15 0.0189041 +/- 0.000402579 
16 0.0201537 +/- 0.000429667 
17 0.0214024 +/- 0.000456794 
18 0.0226493 +/- 0.000483994 
19 0.0238961 +/- 0.000511184 
20 0.0251402 +/- 0.00053827  
21 0.0263798 +/- 0.000565321 
22 0.0276215 +/- 0.000592539 
23 0.0288579 +/- 0.000619331 
24 0.0300908 +/- 0.000646077 
25 0.0313209 +/- 0.000672754 
26 0.0325553 +/- 0.000699582 
27 0.0337854 +/- 0.000726333 
28 0.0350209 +/- 0.000753284 
29 0.036254 +/- 0.000780231  
30 0.0374896 +/- 0.000807447 
31 0.0387247 +/- 0.000834554 
32 0.0399608 +/- 0.000861779 
33 0.041195 +/- 0.000888942  
34 0.0424307 +/- 0.000916207 
35 0.0436654 +/- 0.000943518 
36 0.0448977 +/- 0.000970794 
37 0.046131 +/- 0.000998284  
38 0.0473672 +/- 0.00102588  
39 0.048606 +/- 0.00105355   
40 0.0498439 +/- 0.00108125  
41 0.0510803 +/- 0.00110887  
42 0.0523142 +/- 0.00113651  
43 0.0535492 +/- 0.00116431  
44 0.0547802 +/- 0.00119211  
45 0.0560112 +/- 0.0012201   
46 0.0572417 +/- 0.00124814  
47 0.0584698 +/- 0.00127613  
48 0.0596994 +/- 0.00130422  
49 0.0609245 +/- 0.00133212  
50 0.0621466 +/- 0.00135998  
51 0.0633697 +/- 0.00138792  
52 0.0645923 +/- 0.00141586  
53 0.0658169 +/- 0.00144388  
54 0.067035 +/- 0.00147186   
55 0.0682531 +/- 0.00149988  
56 0.0694721 +/- 0.00152805  
57 0.0706902 +/- 0.00155627  
58 0.0719067 +/- 0.00158444  
59 0.0731248 +/- 0.00161269  
60 0.0743393 +/- 0.00164089  
61 0.0755533 +/- 0.00166918  
62 0.0767642 +/- 0.00169726  
63 0.0779761 +/- 0.00172545  
END dQ2
beta: 7
nconf:  1024
nbatch: 2048
BEGIN dQ2
 0 0 +/- 0                   
 1 0.000782777 +/- 2.08142e-5
 2 0.00152886 +/- 4.02107e-5 
 3 0.00226733 +/- 5.96389e-5 
 4 0.00300628 +/- 7.93361e-5 
 5 0.00374668 +/- 9.91236e-5 
 6 0.00448662 +/- 0.000119004
 7 0.00522466 +/- 0.000138815
 8 0.00596366 +/- 0.000158721
 9 0.00670172 +/- 0.000178616
10 0.00743931 +/- 0.000198529
11 0.00817883 +/- 0.000218572
12 0.00891789 +/- 0.000238588
13 0.00965792 +/- 0.000258713
14 0.010398 +/- 0.000278892  
15 0.0111356 +/- 0.000299071 
16 0.0118733 +/- 0.000319339 
17 0.0126085 +/- 0.000339488 
18 0.0133443 +/- 0.000359702 
19 0.014079 +/- 0.000379955  
20 0.0148148 +/- 0.000400245 
21 0.0155505 +/- 0.000420565 
22 0.0162848 +/- 0.000440879 
23 0.0170186 +/- 0.000461181 
24 0.0177495 +/- 0.000481444 
25 0.0184823 +/- 0.000501807 
26 0.0192162 +/- 0.000522233 
27 0.019951 +/- 0.000542727  
28 0.0206858 +/- 0.000563278 
29 0.0214186 +/- 0.000583784 
30 0.0221529 +/- 0.00060436  
31 0.0228858 +/- 0.000624951 
32 0.0236157 +/- 0.000645359 
33 0.0243461 +/- 0.00066582  
34 0.025074 +/- 0.000686214  
35 0.0257994 +/- 0.000706616 
36 0.0265268 +/- 0.000727132 
37 0.0272517 +/- 0.000747575 
38 0.0279766 +/- 0.000768091 
39 0.028699 +/- 0.000788542  
40 0.0294234 +/- 0.000809112 
41 0.0301463 +/- 0.000829675 
42 0.0308696 +/- 0.000850322 
43 0.0315924 +/- 0.000870934 
44 0.0323128 +/- 0.000891497 
45 0.033033 +/- 0.000912112  
46 0.0337528 +/- 0.000932696 
47 0.0344716 +/- 0.000953315 
48 0.0351913 +/- 0.000974047 
49 0.0359105 +/- 0.000994742 
50 0.0366301 +/- 0.0010155   
51 0.0373503 +/- 0.00103623  
52 0.0380709 +/- 0.00105703  
53 0.0387925 +/- 0.00107789  
54 0.0395125 +/- 0.00109873  
55 0.0402305 +/- 0.00111939  
56 0.040947 +/- 0.0011401    
57 0.041664 +/- 0.00116084   
58 0.0423829 +/- 0.00118171  
59 0.0431008 +/- 0.00120256  
60 0.0438187 +/- 0.00122342  
61 0.0445365 +/- 0.00124433  
62 0.0452543 +/- 0.00126527  
63 0.0459721 +/- 0.00128625  
END dQ2
