
# File: ../t_hmc_2.log
beta: 3
nconf:  1024
nbatch: 2048
BEGIN dQ2
 0 0 +/- 0               
 1 1.41455 +/- 0.00220391
 2 2.39868 +/- 0.00389515
 3 3.14025 +/- 0.00539041
 4 3.70697 +/- 0.0066973 
 5 4.14018 +/- 0.00783831
 6 4.47428 +/- 0.00885656
 7 4.73594 +/- 0.00963443
 8 4.93728 +/- 0.0103202 
 9 5.09402 +/- 0.0109548 
10 5.22015 +/- 0.0114206 
11 5.32001 +/- 0.0117816 
12 5.39885 +/- 0.0121783 
13 5.45826 +/- 0.0124896 
14 5.5044 +/- 0.0127082  
15 5.53513 +/- 0.0129114 
16 5.56267 +/- 0.0131498 
17 5.58312 +/- 0.0132749 
18 5.59781 +/- 0.0134958 
19 5.60733 +/- 0.0135798 
20 5.61606 +/- 0.0136158 
21 5.62268 +/- 0.0136784 
22 5.63015 +/- 0.0137735 
23 5.63693 +/- 0.0138406 
24 5.64312 +/- 0.0139114 
25 5.6491 +/- 0.0139462  
26 5.65329 +/- 0.0139005 
27 5.65695 +/- 0.0138787 
28 5.66315 +/- 0.0139379 
29 5.66918 +/- 0.0139975 
30 5.673 +/- 0.0140509   
31 5.6809 +/- 0.0140416  
32 5.68464 +/- 0.0140638 
33 5.68659 +/- 0.0140812 
34 5.68492 +/- 0.0140964 
35 5.68356 +/- 0.0141094 
36 5.68042 +/- 0.014157  
37 5.67916 +/- 0.0141765 
38 5.67835 +/- 0.0141706 
39 5.68127 +/- 0.0142529 
40 5.68143 +/- 0.014324  
41 5.68174 +/- 0.0142654 
42 5.68216 +/- 0.0142557 
43 5.68262 +/- 0.0142059 
44 5.68569 +/- 0.0141701 
45 5.68759 +/- 0.0141582 
46 5.68558 +/- 0.0141366 
47 5.68342 +/- 0.0141423 
48 5.68288 +/- 0.0141632 
49 5.67972 +/- 0.0141659 
50 5.67664 +/- 0.0141121 
51 5.67751 +/- 0.0140892 
52 5.67974 +/- 0.0141611 
53 5.68156 +/- 0.0142401 
54 5.68121 +/- 0.0142664 
55 5.68052 +/- 0.0142779 
56 5.68118 +/- 0.0142835 
57 5.68238 +/- 0.0142653 
58 5.68244 +/- 0.0142771 
59 5.68191 +/- 0.0143001 
60 5.6825 +/- 0.0143284  
61 5.68222 +/- 0.014306  
62 5.68559 +/- 0.0143577 
63 5.68522 +/- 0.014391  
END dQ2
beta: 4
nconf:  1024
nbatch: 2048
BEGIN dQ2
 0 0 +/- 0                 
 1 0.204951 +/- 0.000510717
 2 0.38759 +/- 0.000974421 
 3 0.557266 +/- 0.00144597 
 4 0.717456 +/- 0.00192411 
 5 0.869376 +/- 0.00241129 
 6 1.01327 +/- 0.00291177  
 7 1.14997 +/- 0.00341487  
 8 1.28023 +/- 0.00391102  
 9 1.40366 +/- 0.00439851  
10 1.52122 +/- 0.00488998  
11 1.63318 +/- 0.00536969  
12 1.73931 +/- 0.00584206  
13 1.84027 +/- 0.00630322  
14 1.93654 +/- 0.0067598   
15 2.02825 +/- 0.00720508  
16 2.11534 +/- 0.00764191  
17 2.19801 +/- 0.00806897  
18 2.27663 +/- 0.00847044  
19 2.35154 +/- 0.00886043  
20 2.42306 +/- 0.00923658  
21 2.49138 +/- 0.00960418  
22 2.55602 +/- 0.00997176  
23 2.61732 +/- 0.0103231   
24 2.67594 +/- 0.01067     
25 2.73158 +/- 0.0110119   
26 2.78435 +/- 0.0113486   
27 2.83457 +/- 0.0116761   
28 2.88243 +/- 0.0119932   
29 2.92803 +/- 0.0123001   
30 2.97134 +/- 0.012606    
31 3.0127 +/- 0.0128995    
32 3.05262 +/- 0.0131835   
33 3.09072 +/- 0.0134699   
34 3.12701 +/- 0.0137508   
35 3.16173 +/- 0.0140146   
36 3.19448 +/- 0.0142745   
37 3.22607 +/- 0.0145269   
38 3.25617 +/- 0.0147748   
39 3.28456 +/- 0.0149989   
40 3.3118 +/- 0.0152072    
41 3.3383 +/- 0.0154203    
42 3.36353 +/- 0.0156355   
43 3.38759 +/- 0.0158532   
44 3.41059 +/- 0.0160636   
45 3.43262 +/- 0.0162648   
46 3.45341 +/- 0.0164589   
47 3.47331 +/- 0.0166392   
48 3.49216 +/- 0.0168194   
49 3.51032 +/- 0.0169865   
50 3.52774 +/- 0.017147    
51 3.54389 +/- 0.0173055   
52 3.55925 +/- 0.0174449   
53 3.57352 +/- 0.0175844   
54 3.5868 +/- 0.0177129    
55 3.59991 +/- 0.0178335   
56 3.61201 +/- 0.0179466   
57 3.62357 +/- 0.0180551   
58 3.63471 +/- 0.0181705   
59 3.64484 +/- 0.0182847   
60 3.6545 +/- 0.0183934    
61 3.66361 +/- 0.0185011   
62 3.67243 +/- 0.0186102   
63 3.68073 +/- 0.0187144   
END dQ2
beta: 5
nconf:  1024
nbatch: 2048
BEGIN dQ2
 0 0 +/- 0                  
 1 0.0276421 +/- 0.000147581
 2 0.0534768 +/- 0.000285208
 3 0.0786831 +/- 0.00042452 
 4 0.103579 +/- 0.000566668 
 5 0.128184 +/- 0.00070869  
 6 0.152535 +/- 0.000853641 
 7 0.176667 +/- 0.000998925 
 8 0.200546 +/- 0.00114502  
 9 0.224204 +/- 0.00129297  
10 0.247628 +/- 0.00144166  
11 0.270919 +/- 0.0015917   
12 0.293962 +/- 0.00174232  
13 0.316815 +/- 0.00189561  
14 0.339486 +/- 0.00205116  
15 0.361922 +/- 0.00220689  
16 0.384135 +/- 0.00236373  
17 0.406166 +/- 0.00251928  
18 0.42801 +/- 0.00267563   
19 0.449639 +/- 0.00283141  
20 0.471122 +/- 0.00298929  
21 0.492508 +/- 0.00314867  
22 0.513723 +/- 0.00330897  
23 0.534723 +/- 0.00346878  
24 0.555492 +/- 0.00362951  
25 0.576105 +/- 0.00379055  
26 0.596545 +/- 0.00395187  
27 0.616866 +/- 0.00411382  
28 0.636996 +/- 0.0042753   
29 0.656969 +/- 0.00443889  
30 0.676813 +/- 0.00460191  
31 0.696487 +/- 0.00476615  
32 0.716007 +/- 0.00493005  
33 0.735298 +/- 0.00509334  
34 0.754442 +/- 0.00525733  
35 0.773409 +/- 0.00541919  
36 0.792245 +/- 0.00558135  
37 0.810952 +/- 0.00574381  
38 0.829477 +/- 0.00590779  
39 0.847823 +/- 0.0060715   
40 0.866095 +/- 0.00623453  
41 0.884231 +/- 0.00639853  
42 0.902231 +/- 0.00656284  
43 0.92011 +/- 0.00672784   
44 0.937759 +/- 0.00689358  
45 0.955314 +/- 0.00706066  
46 0.972726 +/- 0.00722827  
47 0.990034 +/- 0.00739591  
48 1.00722 +/- 0.00756255   
49 1.02428 +/- 0.00772998   
50 1.04122 +/- 0.00789861   
51 1.05801 +/- 0.00806665   
52 1.07461 +/- 0.00823394   
53 1.091 +/- 0.00839978     
54 1.10715 +/- 0.00856461   
55 1.12317 +/- 0.00872844   
56 1.13912 +/- 0.00889222   
57 1.15499 +/- 0.00905786   
58 1.17068 +/- 0.00922252   
59 1.18622 +/- 0.0093873    
60 1.20164 +/- 0.00955416   
61 1.21693 +/- 0.00972121   
62 1.23212 +/- 0.00988737   
63 1.24713 +/- 0.0100527    
END dQ2
beta: 6
nconf:  1024
nbatch: 2048
BEGIN dQ2
 0 0 +/- 0                  
 1 0.00305045 +/- 4.24587e-5
 2 0.00577624 +/- 7.87903e-5
 3 0.0084653 +/- 0.000115685
 4 0.0111381 +/- 0.000152906
 5 0.0138118 +/- 0.000190499
 6 0.0164773 +/- 0.000228295
 7 0.0191476 +/- 0.000266386
 8 0.0218088 +/- 0.000304433
 9 0.0244723 +/- 0.000342912
10 0.0271377 +/- 0.00038157 
11 0.0297987 +/- 0.000420323
12 0.0324553 +/- 0.000459007
13 0.0351075 +/- 0.000497678
14 0.0377524 +/- 0.000536341
15 0.0403977 +/- 0.000575083
16 0.0430322 +/- 0.000613813
17 0.0456642 +/- 0.000652814
18 0.0483064 +/- 0.000692134
19 0.0509348 +/- 0.000731221
20 0.0535573 +/- 0.000770501
21 0.056185 +/- 0.000809978 
22 0.0588082 +/- 0.000849495
23 0.0614312 +/- 0.000889315
24 0.0640552 +/- 0.000929154
25 0.066679 +/- 0.000968952 
26 0.0692997 +/- 0.00100896 
27 0.0719106 +/- 0.00104876 
28 0.0745124 +/- 0.00108866 
29 0.0771107 +/- 0.00112877 
30 0.0797117 +/- 0.00116911 
31 0.0823002 +/- 0.0012093  
32 0.0848881 +/- 0.00124952 
33 0.0874733 +/- 0.00128991 
34 0.0900588 +/- 0.00133025 
35 0.0926347 +/- 0.00137069 
36 0.0952035 +/- 0.00141105 
37 0.0977745 +/- 0.00145152 
38 0.100349 +/- 0.00149228  
39 0.102918 +/- 0.00153284  
40 0.105486 +/- 0.00157346  
41 0.108057 +/- 0.00161418  
42 0.110626 +/- 0.00165496  
43 0.113191 +/- 0.00169566  
44 0.115751 +/- 0.00173643  
45 0.118305 +/- 0.00177736  
46 0.120857 +/- 0.0018183   
47 0.123407 +/- 0.0018593   
48 0.125955 +/- 0.00190023  
49 0.128498 +/- 0.00194114  
50 0.131042 +/- 0.00198224  
51 0.133582 +/- 0.00202344  
52 0.136117 +/- 0.00206449  
53 0.138648 +/- 0.00210539  
54 0.141176 +/- 0.00214638  
55 0.143696 +/- 0.00218709  
56 0.146205 +/- 0.00222779  
57 0.148712 +/- 0.00226852  
58 0.151218 +/- 0.0023093   
59 0.153728 +/- 0.00235048  
60 0.156239 +/- 0.00239178  
61 0.158741 +/- 0.00243298  
62 0.161243 +/- 0.00247445  
63 0.163742 +/- 0.00251611  
END dQ2
beta: 7
nconf:  1024
nbatch: 2048
BEGIN dQ2
 0 0 +/- 0                   
 1 0.000409049 +/- 1.4979e-5 
 2 0.000770166 +/- 2.77058e-5
 3 0.00113103 +/- 4.09935e-5 
 4 0.00149165 +/- 5.44115e-5 
 5 0.0018525 +/- 6.78809e-5  
 6 0.00221261 +/- 8.13403e-5 
 7 0.00257344 +/- 9.48827e-5 
 8 0.00293449 +/- 0.000108473
 9 0.00329626 +/- 0.000122121
10 0.00365826 +/- 0.00013579 
11 0.00402097 +/- 0.000149502
12 0.00438295 +/- 0.000163253
13 0.00474468 +/- 0.000176972
14 0.00510713 +/- 0.00019073 
15 0.00547078 +/- 0.000204521
16 0.00583419 +/- 0.000218326
17 0.00619637 +/- 0.000232075
18 0.00656025 +/- 0.000245898
19 0.00692436 +/- 0.000259751
20 0.00728872 +/- 0.000273616
21 0.00765234 +/- 0.00028748 
22 0.00801717 +/- 0.000301376
23 0.00838175 +/- 0.000315267
24 0.00874658 +/- 0.000329182
25 0.00911018 +/- 0.000343021
26 0.00947354 +/- 0.000356877
27 0.00983713 +/- 0.000370759
28 0.0102 +/- 0.000384629    
29 0.0105631 +/- 0.000398509 
30 0.0109254 +/- 0.00041236  
31 0.011288 +/- 0.000426205  
32 0.0116513 +/- 0.000440089 
33 0.0120134 +/- 0.000453879 
34 0.0123752 +/- 0.000467651 
35 0.0127373 +/- 0.000481453 
36 0.0130991 +/- 0.000495238 
37 0.0134611 +/- 0.000509068 
38 0.0138234 +/- 0.000522908 
39 0.0141879 +/- 0.000536859 
40 0.0145522 +/- 0.000550792 
41 0.0149172 +/- 0.000564766 
42 0.0152829 +/- 0.000578818 
43 0.0156484 +/- 0.000592871 
44 0.0160131 +/- 0.000606895 
45 0.0163786 +/- 0.000620962 
46 0.0167434 +/- 0.000635    
47 0.0171068 +/- 0.000649015 
48 0.0174726 +/- 0.000663126 
49 0.017839 +/- 0.00067728   
50 0.0182053 +/- 0.000691399 
51 0.0185702 +/- 0.000705355 
52 0.018934 +/- 0.000719274  
53 0.0192964 +/- 0.000733121 
54 0.0196581 +/- 0.000746944 
55 0.0200205 +/- 0.000760814 
56 0.0203832 +/- 0.000774737 
57 0.0207456 +/- 0.000788649 
58 0.0211093 +/- 0.000802621 
59 0.0214727 +/- 0.000816577 
60 0.0218364 +/- 0.000830549 
61 0.0222008 +/- 0.000844565 
62 0.022565 +/- 0.000858575  
63 0.0229289 +/- 0.000872604 
END dQ2
