
# File: ../t_hmc_1.log
beta: 2.5
nconf:  1024
nbatch: 2048
BEGIN dQ2
 0 0 +/- 0              
 1 16.8076 +/- 0.0215843
 2 23.3892 +/- 0.0314704
 3 26.4252 +/- 0.0374797
 4 27.8491 +/- 0.0408787
 5 28.5491 +/- 0.0435224
 6 28.8913 +/- 0.0440226
 7 29.0485 +/- 0.0446108
 8 29.1164 +/- 0.0446593
 9 29.1379 +/- 0.0444357
10 29.1345 +/- 0.0446405
11 29.1455 +/- 0.044677 
12 29.1662 +/- 0.0452498
13 29.1947 +/- 0.0452524
14 29.178 +/- 0.0453607 
15 29.158 +/- 0.0459192 
16 29.1743 +/- 0.0450179
17 29.1851 +/- 0.0452788
18 29.1951 +/- 0.0453852
19 29.2108 +/- 0.0463562
20 29.1894 +/- 0.045961 
21 29.1749 +/- 0.0449625
22 29.1541 +/- 0.0448238
23 29.1716 +/- 0.0443179
24 29.2128 +/- 0.0438052
25 29.2281 +/- 0.0442563
26 29.2313 +/- 0.0447144
27 29.2206 +/- 0.0444138
28 29.19 +/- 0.0442107  
29 29.1921 +/- 0.0445182
30 29.1684 +/- 0.044762 
31 29.1844 +/- 0.0447963
32 29.1946 +/- 0.044895 
33 29.2132 +/- 0.0449788
34 29.209 +/- 0.0451327 
35 29.1572 +/- 0.0451661
36 29.1479 +/- 0.0453215
37 29.1619 +/- 0.0454092
38 29.1743 +/- 0.0453717
39 29.1917 +/- 0.0454901
40 29.2033 +/- 0.045717 
41 29.2097 +/- 0.0450794
42 29.2256 +/- 0.0456311
43 29.218 +/- 0.0456878 
44 29.2024 +/- 0.0463254
45 29.2151 +/- 0.0455524
46 29.2039 +/- 0.0454585
47 29.1931 +/- 0.0461937
48 29.1882 +/- 0.045982 
49 29.1769 +/- 0.0463636
50 29.161 +/- 0.0454952 
51 29.1591 +/- 0.0457244
52 29.2055 +/- 0.0458244
53 29.1933 +/- 0.0450869
54 29.217 +/- 0.0447103 
55 29.2114 +/- 0.0453189
56 29.2113 +/- 0.0452731
57 29.212 +/- 0.0451541 
58 29.1899 +/- 0.0453047
59 29.1679 +/- 0.0458322
60 29.169 +/- 0.0460287 
61 29.1486 +/- 0.0463588
62 29.1531 +/- 0.0461843
63 29.1677 +/- 0.0459841
END dQ2
beta: 3
nconf:  1024
nbatch: 2048
BEGIN dQ2
 0 0 +/- 0               
 1 7.57465 +/- 0.00988946
 2 12.309 +/- 0.0169888  
 3 15.5019 +/- 0.0231912 
 4 17.6884 +/- 0.0284614 
 5 19.1869 +/- 0.0324268 
 6 20.2162 +/- 0.0353358 
 7 20.9387 +/- 0.0381196 
 8 21.4373 +/- 0.0402333 
 9 21.7796 +/- 0.041897  
10 22.0357 +/- 0.0430315 
11 22.2048 +/- 0.0441135 
12 22.3163 +/- 0.0447901 
13 22.3928 +/- 0.0450689 
14 22.4525 +/- 0.0455359 
15 22.497 +/- 0.0456918  
16 22.5305 +/- 0.0456507 
17 22.5625 +/- 0.0456685 
18 22.5831 +/- 0.0455869 
19 22.5904 +/- 0.0458509 
20 22.6043 +/- 0.0464216 
21 22.6143 +/- 0.0464757 
22 22.6188 +/- 0.0463435 
23 22.6274 +/- 0.0466678 
24 22.6406 +/- 0.046721  
25 22.642 +/- 0.0469638  
26 22.6499 +/- 0.0471961 
27 22.6371 +/- 0.0476335 
28 22.6311 +/- 0.047708  
29 22.6428 +/- 0.047611  
30 22.644 +/- 0.0475595  
31 22.6418 +/- 0.0472074 
32 22.6339 +/- 0.0469308 
33 22.6492 +/- 0.0465284 
34 22.6426 +/- 0.046247  
35 22.625 +/- 0.0461293  
36 22.6084 +/- 0.0459896 
37 22.6036 +/- 0.046215  
38 22.6022 +/- 0.0464438 
39 22.5979 +/- 0.0462477 
40 22.5922 +/- 0.0462132 
41 22.5936 +/- 0.0462091 
42 22.6096 +/- 0.0465114 
43 22.6208 +/- 0.0467758 
44 22.6215 +/- 0.0468917 
45 22.6133 +/- 0.0468669 
46 22.6143 +/- 0.0473285 
47 22.6234 +/- 0.0473309 
48 22.6256 +/- 0.0471753 
49 22.6301 +/- 0.047183  
50 22.6408 +/- 0.0473519 
51 22.6379 +/- 0.04746   
52 22.6265 +/- 0.0472633 
53 22.6198 +/- 0.0471607 
54 22.6443 +/- 0.0473079 
55 22.6588 +/- 0.0471301 
56 22.6649 +/- 0.0470273 
57 22.6609 +/- 0.0466916 
58 22.6416 +/- 0.0465612 
59 22.633 +/- 0.0467223  
60 22.6362 +/- 0.0467761 
61 22.6249 +/- 0.0468465 
62 22.6358 +/- 0.0466298 
63 22.6368 +/- 0.0463151 
END dQ2
beta: 3.5
nconf:  1024
nbatch: 2048
BEGIN dQ2
 0 0 +/- 0              
 1 3.02851 +/- 0.0043242
 2 5.4169 +/- 0.00828943
 3 7.40134 +/- 0.0122425
 4 9.06722 +/- 0.0159972
 5 10.4689 +/- 0.0196934
 6 11.6591 +/- 0.0231101
 7 12.6731 +/- 0.0263244
 8 13.5247 +/- 0.0291799
 9 14.2476 +/- 0.0317698
10 14.8677 +/- 0.0340468
11 15.389 +/- 0.0360989 
12 15.8268 +/- 0.0379964
13 16.1947 +/- 0.0397447
14 16.5104 +/- 0.0412691
15 16.7768 +/- 0.0425997
16 17.0051 +/- 0.0438916
17 17.1928 +/- 0.0449565
18 17.3497 +/- 0.0460093
19 17.491 +/- 0.0469926 
20 17.6116 +/- 0.0477542
21 17.7112 +/- 0.0483257
22 17.8003 +/- 0.0488574
23 17.8761 +/- 0.0492609
24 17.9423 +/- 0.049711 
25 18.0025 +/- 0.0503221
26 18.0588 +/- 0.0507927
27 18.1085 +/- 0.0511803
28 18.1541 +/- 0.0514941
29 18.1891 +/- 0.0517089
30 18.2177 +/- 0.0518026
31 18.2404 +/- 0.0519341
32 18.26 +/- 0.0520622  
33 18.2731 +/- 0.0519784
34 18.2804 +/- 0.0520464
35 18.2901 +/- 0.0520982
36 18.2984 +/- 0.0522084
37 18.3074 +/- 0.0524145
38 18.3073 +/- 0.05262  
39 18.3015 +/- 0.0528543
40 18.3064 +/- 0.0530751
41 18.312 +/- 0.0532264 
42 18.3173 +/- 0.053353 
43 18.3222 +/- 0.0535209
44 18.3298 +/- 0.0535858
45 18.3373 +/- 0.0536513
46 18.3407 +/- 0.0538043
47 18.3376 +/- 0.0539673
48 18.336 +/- 0.0540979 
49 18.334 +/- 0.054366  
50 18.3282 +/- 0.0544049
51 18.3268 +/- 0.0544428
52 18.3268 +/- 0.0546047
53 18.3266 +/- 0.0547606
54 18.332 +/- 0.054815  
55 18.3342 +/- 0.0548099
56 18.3368 +/- 0.0548402
57 18.3414 +/- 0.0548978
58 18.3501 +/- 0.0549886
59 18.3503 +/- 0.0549447
60 18.3591 +/- 0.054927 
61 18.3706 +/- 0.0548869
62 18.372 +/- 0.0548858 
63 18.3744 +/- 0.0549465
END dQ2
beta: 4
nconf:  1024
nbatch: 2048
BEGIN dQ2
 0 0 +/- 0               
 1 1.1273 +/- 0.00178663 
 2 2.11731 +/- 0.0035729 
 3 3.02764 +/- 0.00556752
 4 3.87381 +/- 0.00767338
 5 4.65803 +/- 0.00984108
 6 5.38882 +/- 0.0120809 
 7 6.07018 +/- 0.014335  
 8 6.70294 +/- 0.0165091 
 9 7.29401 +/- 0.0187421 
10 7.84841 +/- 0.0209852 
11 8.36585 +/- 0.0231658 
12 8.84714 +/- 0.0252749 
13 9.2917 +/- 0.0272941  
14 9.70898 +/- 0.0291859 
15 10.0954 +/- 0.0310459 
16 10.4549 +/- 0.0328325 
17 10.7912 +/- 0.0345478 
18 11.1062 +/- 0.0361542 
19 11.4015 +/- 0.037702  
20 11.6777 +/- 0.0392245 
21 11.9389 +/- 0.0407289 
22 12.1841 +/- 0.0421702 
23 12.4096 +/- 0.0435167 
24 12.6203 +/- 0.0448396 
25 12.8173 +/- 0.0460953 
26 12.9985 +/- 0.0473382 
27 13.1693 +/- 0.0485455 
28 13.3282 +/- 0.0497285 
29 13.4737 +/- 0.0508751 
30 13.6088 +/- 0.0519211 
31 13.7334 +/- 0.052893  
32 13.8474 +/- 0.0538331 
33 13.9549 +/- 0.0547479 
34 14.0565 +/- 0.0556682 
35 14.151 +/- 0.0565766  
36 14.2397 +/- 0.0574361 
37 14.3223 +/- 0.0582351 
38 14.3992 +/- 0.059005  
39 14.4734 +/- 0.0597125 
40 14.5454 +/- 0.0603547 
41 14.6142 +/- 0.0610167 
42 14.679 +/- 0.0616654  
43 14.7381 +/- 0.0622824 
44 14.7947 +/- 0.0628548 
45 14.8468 +/- 0.0633825 
46 14.8962 +/- 0.0638788 
47 14.9426 +/- 0.064384  
48 14.9879 +/- 0.0648248 
49 15.0288 +/- 0.0652652 
50 15.0676 +/- 0.0657153 
51 15.102 +/- 0.066191   
52 15.134 +/- 0.0666308  
53 15.1659 +/- 0.0670301 
54 15.1977 +/- 0.0673818 
55 15.2232 +/- 0.0676979 
56 15.2467 +/- 0.0679882 
57 15.2664 +/- 0.0682483 
58 15.2859 +/- 0.0685245 
59 15.3005 +/- 0.0687866 
60 15.3148 +/- 0.0690242 
61 15.329 +/- 0.0692751  
62 15.3419 +/- 0.0695197 
63 15.3545 +/- 0.0697489 
END dQ2
beta: 4.5
nconf:  1024
nbatch: 2048
BEGIN dQ2
 0 0 +/- 0                 
 1 0.412415 +/- 0.000815382
 2 0.793141 +/- 0.00165205 
 3 1.15834 +/- 0.00255506  
 4 1.51198 +/- 0.00353256  
 5 1.85412 +/- 0.00454435  
 6 2.18604 +/- 0.00559016  
 7 2.50755 +/- 0.00666431  
 8 2.81928 +/- 0.00776535  
 9 3.12262 +/- 0.00890821  
10 3.4166 +/- 0.0100589    
11 3.70223 +/- 0.0111973   
12 3.97901 +/- 0.0123597   
13 4.24789 +/- 0.013533    
14 4.50955 +/- 0.0147204   
15 4.76417 +/- 0.0158997   
16 5.01067 +/- 0.0170862   
17 5.25043 +/- 0.0182792   
18 5.48356 +/- 0.0194995   
19 5.71061 +/- 0.0207425   
20 5.93139 +/- 0.0219902   
21 6.14541 +/- 0.023214    
22 6.35374 +/- 0.0244407   
23 6.55662 +/- 0.0256662   
24 6.7545 +/- 0.0268698    
25 6.94617 +/- 0.0280621   
26 7.13238 +/- 0.0292586   
27 7.31283 +/- 0.030441    
28 7.488 +/- 0.0315947     
29 7.65848 +/- 0.0327629   
30 7.82447 +/- 0.033929    
31 7.98535 +/- 0.0350847   
32 8.14168 +/- 0.0362383   
33 8.29377 +/- 0.0373779   
34 8.44266 +/- 0.0384913   
35 8.58705 +/- 0.0395715   
36 8.72714 +/- 0.0406261   
37 8.86254 +/- 0.0416628   
38 8.99421 +/- 0.0426861   
39 9.12117 +/- 0.043692    
40 9.24409 +/- 0.0447039   
41 9.36395 +/- 0.0457015   
42 9.48103 +/- 0.0467093   
43 9.59424 +/- 0.0477144   
44 9.70469 +/- 0.0486949   
45 9.81334 +/- 0.0496614   
46 9.91922 +/- 0.0505999   
47 10.0222 +/- 0.0514949   
48 10.1224 +/- 0.0523837   
49 10.2205 +/- 0.0532724   
50 10.3153 +/- 0.0541521   
51 10.4074 +/- 0.0550106   
52 10.4965 +/- 0.0558787   
53 10.5832 +/- 0.0567053   
54 10.6662 +/- 0.0575148   
55 10.7476 +/- 0.058298    
56 10.8266 +/- 0.0590472   
57 10.9029 +/- 0.059783    
58 10.9766 +/- 0.0605162   
59 11.0489 +/- 0.061258    
60 11.1199 +/- 0.0619871   
61 11.1875 +/- 0.0627103   
62 11.2521 +/- 0.0634207   
63 11.3149 +/- 0.0641221   
END dQ2
beta: 5
nconf:  1024
nbatch: 2048
BEGIN dQ2
 0 0 +/- 0                 
 1 0.150881 +/- 0.000397648
 2 0.292548 +/- 0.000794582
 3 0.430338 +/- 0.00121596 
 4 0.565941 +/- 0.00165947 
 5 0.699725 +/- 0.00212217 
 6 0.831941 +/- 0.00260387 
 7 0.963245 +/- 0.00311166 
 8 1.09261 +/- 0.0036335   
 9 1.2206 +/- 0.00416973   
10 1.34719 +/- 0.00471929  
11 1.47211 +/- 0.00528032  
12 1.5953 +/- 0.00586268   
13 1.71731 +/- 0.00645792  
14 1.83807 +/- 0.0070649   
15 1.95733 +/- 0.00767659  
16 2.07487 +/- 0.00829355  
17 2.19072 +/- 0.00892115  
18 2.30543 +/- 0.0095532   
19 2.41871 +/- 0.0101974   
20 2.5308 +/- 0.0108414    
21 2.64119 +/- 0.0114944   
22 2.7502 +/- 0.0121511    
23 2.85851 +/- 0.012816    
24 2.96537 +/- 0.0134871   
25 3.07102 +/- 0.0141611   
26 3.17522 +/- 0.0148351   
27 3.2783 +/- 0.0155103    
28 3.38029 +/- 0.0161924   
29 3.48122 +/- 0.0168795   
30 3.58068 +/- 0.0175701   
31 3.67913 +/- 0.0182761   
32 3.77667 +/- 0.0189835   
33 3.87312 +/- 0.0196942   
34 3.96873 +/- 0.0204035   
35 4.06339 +/- 0.0211179   
36 4.15673 +/- 0.0218281   
37 4.24896 +/- 0.0225403   
38 4.34034 +/- 0.0232603   
39 4.43036 +/- 0.0239796   
40 4.51912 +/- 0.0247078   
41 4.60703 +/- 0.0254294   
42 4.6936 +/- 0.0261412    
43 4.77948 +/- 0.0268541   
44 4.864 +/- 0.02756       
45 4.94754 +/- 0.0282542   
46 5.03036 +/- 0.0289528   
47 5.11191 +/- 0.0296557   
48 5.19223 +/- 0.0303595   
49 5.27175 +/- 0.0310622   
50 5.35028 +/- 0.0317506   
51 5.42761 +/- 0.0324441   
52 5.50398 +/- 0.0331286   
53 5.57976 +/- 0.0338168   
54 5.65512 +/- 0.0344978   
55 5.72955 +/- 0.0351777   
56 5.80311 +/- 0.035857    
57 5.87581 +/- 0.0365337   
58 5.94773 +/- 0.0372042   
59 6.01861 +/- 0.0378725   
60 6.08876 +/- 0.0385409   
61 6.15798 +/- 0.0392121   
62 6.22634 +/- 0.0398906   
63 6.29384 +/- 0.0405676   
END dQ2
beta: 5.5
nconf:  1024
nbatch: 2048
BEGIN dQ2
 0 0 +/- 0                  
 1 0.0546154 +/- 0.000199109
 2 0.106456 +/- 0.000389596 
 3 0.157504 +/- 0.000586527 
 4 0.208082 +/- 0.000790518 
 5 0.258505 +/- 0.00100436  
 6 0.308545 +/- 0.0012254   
 7 0.358216 +/- 0.00145595  
 8 0.407678 +/- 0.00169284  
 9 0.456729 +/- 0.00193805  
10 0.505524 +/- 0.00218995  
11 0.554103 +/- 0.00244837  
12 0.602561 +/- 0.00271187  
13 0.65077 +/- 0.00297917   
14 0.698786 +/- 0.00325159  
15 0.746605 +/- 0.00352496  
16 0.79425 +/- 0.00380199   
17 0.84164 +/- 0.00408441   
18 0.888715 +/- 0.0043724   
19 0.935597 +/- 0.00466164  
20 0.982115 +/- 0.00495252  
21 1.02839 +/- 0.00524646   
22 1.07457 +/- 0.00554214   
23 1.12051 +/- 0.00584184   
24 1.16637 +/- 0.00614649   
25 1.21213 +/- 0.00645581   
26 1.2576 +/- 0.00676804    
27 1.30278 +/- 0.00708486   
28 1.34782 +/- 0.00740702   
29 1.39263 +/- 0.00773337   
30 1.43744 +/- 0.00806418   
31 1.48206 +/- 0.00839654   
32 1.52646 +/- 0.00873143   
33 1.57052 +/- 0.00906822   
34 1.61447 +/- 0.00940583   
35 1.65808 +/- 0.00974517   
36 1.70154 +/- 0.0100844    
37 1.74476 +/- 0.0104258    
38 1.78774 +/- 0.0107687    
39 1.8305 +/- 0.0111109     
40 1.87322 +/- 0.0114576    
41 1.91561 +/- 0.0118073    
42 1.95777 +/- 0.0121593    
43 1.99974 +/- 0.0125152    
44 2.04161 +/- 0.012876     
45 2.08343 +/- 0.0132402    
46 2.12498 +/- 0.0136057    
47 2.16634 +/- 0.0139728    
48 2.20751 +/- 0.0143436    
49 2.24831 +/- 0.014715     
50 2.28899 +/- 0.0150925    
51 2.32946 +/- 0.0154721    
52 2.36968 +/- 0.015855     
53 2.40981 +/- 0.0162414    
54 2.44958 +/- 0.0166276    
55 2.48937 +/- 0.0170173    
56 2.52885 +/- 0.0174086    
57 2.56816 +/- 0.017804     
58 2.60737 +/- 0.0181977    
59 2.64637 +/- 0.0185946    
60 2.68519 +/- 0.0189952    
61 2.72376 +/- 0.0193956    
62 2.7622 +/- 0.019796      
63 2.80062 +/- 0.0201972    
END dQ2
beta: 6
nconf:  1024
nbatch: 2048
BEGIN dQ2
 0 0 +/- 0                  
 1 0.0199608 +/- 0.000114161
 2 0.0390076 +/- 0.000223219
 3 0.0577473 +/- 0.0003342  
 4 0.0763921 +/- 0.000448218
 5 0.09498 +/- 0.000565162  
 6 0.113541 +/- 0.000684404 
 7 0.132047 +/- 0.000804422 
 8 0.150525 +/- 0.000926723 
 9 0.168936 +/- 0.00105075  
10 0.187298 +/- 0.00117558  
11 0.205568 +/- 0.00130208  
12 0.223852 +/- 0.00143075  
13 0.242121 +/- 0.00156147  
14 0.260373 +/- 0.00169294  
15 0.278622 +/- 0.00182735  
16 0.29685 +/- 0.001964     
17 0.31503 +/- 0.00210281   
18 0.333223 +/- 0.00224353  
19 0.351393 +/- 0.00238445  
20 0.369543 +/- 0.00252696  
21 0.387668 +/- 0.00267131  
22 0.4058 +/- 0.00281687    
23 0.42393 +/- 0.00296353   
24 0.442 +/- 0.00311113     
25 0.460031 +/- 0.00326056  
26 0.478019 +/- 0.00341101  
27 0.496025 +/- 0.00356182  
28 0.513979 +/- 0.00371439  
29 0.531899 +/- 0.00386899  
30 0.549804 +/- 0.00402404  
31 0.567641 +/- 0.00417992  
32 0.585422 +/- 0.0043365   
33 0.603235 +/- 0.00449432  
34 0.620945 +/- 0.00465256  
35 0.638576 +/- 0.00481156  
36 0.656225 +/- 0.00497227  
37 0.673803 +/- 0.00513312  
38 0.691352 +/- 0.00529526  
39 0.708875 +/- 0.0054584   
40 0.726346 +/- 0.00562274  
41 0.74375 +/- 0.00578763   
42 0.761143 +/- 0.00595308  
43 0.778522 +/- 0.00611987  
44 0.795885 +/- 0.00628731  
45 0.813186 +/- 0.00645449  
46 0.83044 +/- 0.0066227    
47 0.847705 +/- 0.00679158  
48 0.864944 +/- 0.00696031  
49 0.882137 +/- 0.00712978  
50 0.899324 +/- 0.00730062  
51 0.916463 +/- 0.00747359  
52 0.933598 +/- 0.007647    
53 0.950692 +/- 0.00782137  
54 0.967755 +/- 0.00799828  
55 0.984814 +/- 0.00817708  
56 1.00184 +/- 0.00835677   
57 1.01887 +/- 0.00853644   
58 1.03584 +/- 0.00871668   
59 1.05279 +/- 0.00889648   
60 1.06968 +/- 0.00907666   
61 1.08655 +/- 0.00925792   
62 1.1034 +/- 0.00944002    
63 1.12026 +/- 0.00962324   
END dQ2
beta: 6.5
nconf:  1024
nbatch: 2048
BEGIN dQ2
 0 0 +/- 0                  
 1 0.00736049 +/- 6.73284e-5
 2 0.014389 +/- 0.000131941 
 3 0.0213117 +/- 0.000196428
 4 0.0281939 +/- 0.000261086
 5 0.0350642 +/- 0.000325925
 6 0.0419356 +/- 0.000391013
 7 0.0487912 +/- 0.000456718
 8 0.0556448 +/- 0.000523237
 9 0.0624836 +/- 0.000589652
10 0.069309 +/- 0.000656617 
11 0.0761087 +/- 0.000723733
12 0.0829128 +/- 0.000791105
13 0.0896993 +/- 0.000858481
14 0.0964781 +/- 0.000926698
15 0.103251 +/- 0.000995197 
16 0.110028 +/- 0.00106459  
17 0.116805 +/- 0.00113473  
18 0.123571 +/- 0.00120535  
19 0.130327 +/- 0.00127589  
20 0.137083 +/- 0.00134696  
21 0.143836 +/- 0.0014184   
22 0.150586 +/- 0.00149021  
23 0.15732 +/- 0.00156201   
24 0.164051 +/- 0.00163458  
25 0.170776 +/- 0.00170757  
26 0.177484 +/- 0.00178052  
27 0.184182 +/- 0.0018538   
28 0.190877 +/- 0.00192785  
29 0.19755 +/- 0.00200185   
30 0.204217 +/- 0.00207599  
31 0.210883 +/- 0.00215048  
32 0.217545 +/- 0.00222469  
33 0.224206 +/- 0.00229915  
34 0.230862 +/- 0.00237388  
35 0.237513 +/- 0.00244915  
36 0.244154 +/- 0.00252491  
37 0.250788 +/- 0.00260109  
38 0.257408 +/- 0.0026771   
39 0.264042 +/- 0.00275379  
40 0.270672 +/- 0.00283086  
41 0.277304 +/- 0.00290828  
42 0.283965 +/- 0.00298642  
43 0.290616 +/- 0.00306432  
44 0.297289 +/- 0.00314245  
45 0.30396 +/- 0.00322098   
46 0.310608 +/- 0.00329967  
47 0.317273 +/- 0.00337817  
48 0.32393 +/- 0.00345696   
49 0.330589 +/- 0.00353648  
50 0.337235 +/- 0.00361624  
51 0.343864 +/- 0.00369649  
52 0.350494 +/- 0.00377714  
53 0.357107 +/- 0.0038577   
54 0.363724 +/- 0.00393915  
55 0.370334 +/- 0.0040206   
56 0.376924 +/- 0.00410264  
57 0.38351 +/- 0.00418504   
58 0.390061 +/- 0.00426784  
59 0.396617 +/- 0.00435138  
60 0.403149 +/- 0.00443466  
61 0.409677 +/- 0.00451873  
62 0.416201 +/- 0.00460286  
63 0.422733 +/- 0.00468721  
END dQ2
beta: 7
nconf:  1024
nbatch: 2048
BEGIN dQ2
 0 0 +/- 0                   
 1 0.00267672 +/- 3.83595e-5 
 2 0.00523397 +/- 7.52173e-5 
 3 0.00776707 +/- 0.000112126
 4 0.0102879 +/- 0.000148958 
 5 0.0128141 +/- 0.000186135 
 6 0.0153387 +/- 0.000223714 
 7 0.0178585 +/- 0.000261311 
 8 0.0203795 +/- 0.000299075 
 9 0.0228982 +/- 0.000337036 
10 0.0254152 +/- 0.000375079 
11 0.0279236 +/- 0.000413032 
12 0.0304312 +/- 0.000451197 
13 0.0329385 +/- 0.000489636 
14 0.0354458 +/- 0.000528155 
15 0.0379533 +/- 0.000566795 
16 0.0404644 +/- 0.000605791 
17 0.0429862 +/- 0.00064524  
18 0.0455082 +/- 0.000684763 
19 0.0480192 +/- 0.000724072 
20 0.0505274 +/- 0.000763434 
21 0.0530382 +/- 0.000803102 
22 0.055551 +/- 0.00084303   
23 0.058064 +/- 0.000883053  
24 0.0605698 +/- 0.000922933 
25 0.0630699 +/- 0.000962631 
26 0.065573 +/- 0.00100257   
27 0.0680685 +/- 0.00104252  
28 0.070566 +/- 0.00108237   
29 0.0730704 +/- 0.00112249  
30 0.0755691 +/- 0.00116262  
31 0.078063 +/- 0.00120271   
32 0.0805492 +/- 0.00124295  
33 0.0830384 +/- 0.00128334  
34 0.0855242 +/- 0.00132372  
35 0.0880101 +/- 0.00136419  
36 0.0904991 +/- 0.00140471  
37 0.0929886 +/- 0.00144512  
38 0.0954847 +/- 0.00148597  
39 0.0979839 +/- 0.00152701  
40 0.10049 +/- 0.00156831    
41 0.102993 +/- 0.00160949   
42 0.105487 +/- 0.00165056   
43 0.107988 +/- 0.00169193   
44 0.110485 +/- 0.00173339   
45 0.112982 +/- 0.00177501   
46 0.115481 +/- 0.00181688   
47 0.117983 +/- 0.00185874   
48 0.120482 +/- 0.00190064   
49 0.122979 +/- 0.00194259   
50 0.125473 +/- 0.00198468   
51 0.127964 +/- 0.00202666   
52 0.130455 +/- 0.00206883   
53 0.132942 +/- 0.00211084   
54 0.13543 +/- 0.00215283    
55 0.137917 +/- 0.00219509   
56 0.140406 +/- 0.0022375    
57 0.142895 +/- 0.00228008   
58 0.145388 +/- 0.00232282   
59 0.147877 +/- 0.00236549   
60 0.150364 +/- 0.00240825   
61 0.152848 +/- 0.00245122   
62 0.155328 +/- 0.0024943    
63 0.157807 +/- 0.00253747   
END dQ2
